fill	x	y	group	xmin	xmax	ymin	ymax
#030303	0	139	4	-0.5	0.5	138.5	139.5
#050505	1	139	6	0.5	1.5	138.5	139.5
#040404	2	139	5	1.5	2.5	138.5	139.5
#040404	3	139	5	2.5	3.5	138.5	139.5
#040404	4	139	5	3.5	4.5	138.5	139.5
#040404	5	139	5	4.5	5.5	138.5	139.5
#040404	6	139	5	5.5	6.5	138.5	139.5
#040404	7	139	5	6.5	7.5	138.5	139.5
#040404	8	139	5	7.5	8.5	138.5	139.5
#040404	9	139	5	8.5	9.5	138.5	139.5
#040404	10	139	5	9.5	10.5	138.5	139.5
#040404	11	139	5	10.5	11.5	138.5	139.5
#050505	12	139	6	11.5	12.5	138.5	139.5
#040404	13	139	5	12.5	13.5	138.5	139.5
#030303	14	139	4	13.5	14.5	138.5	139.5
#030303	15	139	4	14.5	15.5	138.5	139.5
#030303	16	139	4	15.5	16.5	138.5	139.5
#030303	17	139	4	16.5	17.5	138.5	139.5
#030303	18	139	4	17.5	18.5	138.5	139.5
#030303	19	139	4	18.5	19.5	138.5	139.5
#030303	20	139	4	19.5	20.5	138.5	139.5
#020202	21	139	3	20.5	21.5	138.5	139.5
#030303	22	139	4	21.5	22.5	138.5	139.5
#030303	23	139	4	22.5	23.5	138.5	139.5
#020202	24	139	3	23.5	24.5	138.5	139.5
#030303	25	139	4	24.5	25.5	138.5	139.5
#020202	26	139	3	25.5	26.5	138.5	139.5
#030303	27	139	4	26.5	27.5	138.5	139.5
#030303	28	139	4	27.5	28.5	138.5	139.5
#020202	29	139	3	28.5	29.5	138.5	139.5
#020202	30	139	3	29.5	30.5	138.5	139.5
#020202	31	139	3	30.5	31.5	138.5	139.5
#020202	32	139	3	31.5	32.5	138.5	139.5
#020202	33	139	3	32.5	33.5	138.5	139.5
#010101	34	139	2	33.5	34.5	138.5	139.5
#020202	35	139	3	34.5	35.5	138.5	139.5
#010101	36	139	2	35.5	36.5	138.5	139.5
#010101	37	139	2	36.5	37.5	138.5	139.5
#010101	38	139	2	37.5	38.5	138.5	139.5
#010101	39	139	2	38.5	39.5	138.5	139.5
#010101	40	139	2	39.5	40.5	138.5	139.5
#000000	41	139	1	40.5	41.5	138.5	139.5
#000000	42	139	1	41.5	42.5	138.5	139.5
#000000	43	139	1	42.5	43.5	138.5	139.5
#000000	44	139	1	43.5	44.5	138.5	139.5
#010101	45	139	2	44.5	45.5	138.5	139.5
#010101	46	139	2	45.5	46.5	138.5	139.5
#010101	47	139	2	46.5	47.5	138.5	139.5
#020202	48	139	3	47.5	48.5	138.5	139.5
#080808	49	139	9	48.5	49.5	138.5	139.5
#0C0C0C	50	139	13	49.5	50.5	138.5	139.5
#101010	51	139	17	50.5	51.5	138.5	139.5
#161616	52	139	23	51.5	52.5	138.5	139.5
#1B1B1B	53	139	28	52.5	53.5	138.5	139.5
#202020	54	139	33	53.5	54.5	138.5	139.5
#282828	55	139	41	54.5	55.5	138.5	139.5
#2C2C2C	56	139	45	55.5	56.5	138.5	139.5
#2C2C2C	57	139	45	56.5	57.5	138.5	139.5
#2F2F2F	58	139	48	57.5	58.5	138.5	139.5
#393939	59	139	58	58.5	59.5	138.5	139.5
#575757	60	139	88	59.5	60.5	138.5	139.5
#6A6A6A	61	139	107	60.5	61.5	138.5	139.5
#686868	62	139	105	61.5	62.5	138.5	139.5
#696969	63	139	106	62.5	63.5	138.5	139.5
#6C6C6C	64	139	109	63.5	64.5	138.5	139.5
#6D6D6D	65	139	110	64.5	65.5	138.5	139.5
#727272	66	139	115	65.5	66.5	138.5	139.5
#737373	67	139	116	66.5	67.5	138.5	139.5
#767676	68	139	119	67.5	68.5	138.5	139.5
#787878	69	139	121	68.5	69.5	138.5	139.5
#797979	70	139	122	69.5	70.5	138.5	139.5
#7B7B7B	71	139	124	70.5	71.5	138.5	139.5
#7B7B7B	72	139	124	71.5	72.5	138.5	139.5
#7D7D7D	73	139	126	72.5	73.5	138.5	139.5
#7F7F7F	74	139	128	73.5	74.5	138.5	139.5
#7E7E7E	75	139	127	74.5	75.5	138.5	139.5
#7E7E7E	76	139	127	75.5	76.5	138.5	139.5
#7F7F7F	77	139	128	76.5	77.5	138.5	139.5
#808080	78	139	129	77.5	78.5	138.5	139.5
#808080	79	139	129	78.5	79.5	138.5	139.5
#808080	80	139	129	79.5	80.5	138.5	139.5
#808080	81	139	129	80.5	81.5	138.5	139.5
#818181	82	139	130	81.5	82.5	138.5	139.5
#818181	83	139	130	82.5	83.5	138.5	139.5
#7D7D7D	84	139	126	83.5	84.5	138.5	139.5
#7B7B7B	85	139	124	84.5	85.5	138.5	139.5
#7C7C7C	86	139	125	85.5	86.5	138.5	139.5
#787878	87	139	121	86.5	87.5	138.5	139.5
#717171	88	139	114	87.5	88.5	138.5	139.5
#6E6E6E	89	139	111	88.5	89.5	138.5	139.5
#6F6F6F	90	139	112	89.5	90.5	138.5	139.5
#6A6A6A	91	139	107	90.5	91.5	138.5	139.5
#616161	92	139	98	91.5	92.5	138.5	139.5
#5D5D5D	93	139	94	92.5	93.5	138.5	139.5
#5C5C5C	94	139	93	93.5	94.5	138.5	139.5
#565656	95	139	87	94.5	95.5	138.5	139.5
#4E4E4E	96	139	79	95.5	96.5	138.5	139.5
#4B4B4B	97	139	76	96.5	97.5	138.5	139.5
#494949	98	139	74	97.5	98.5	138.5	139.5
#464646	99	139	71	98.5	99.5	138.5	139.5
#434343	100	139	68	99.5	100.5	138.5	139.5
#464646	101	139	71	100.5	101.5	138.5	139.5
#474747	102	139	72	101.5	102.5	138.5	139.5
#444444	103	139	69	102.5	103.5	138.5	139.5
#3A3A3A	104	139	59	103.5	104.5	138.5	139.5
#393939	105	139	58	104.5	105.5	138.5	139.5
#161616	106	139	23	105.5	106.5	138.5	139.5
#090909	107	139	10	106.5	107.5	138.5	139.5
#030303	108	139	4	107.5	108.5	138.5	139.5
#040404	109	139	5	108.5	109.5	138.5	139.5
#050505	110	139	6	109.5	110.5	138.5	139.5
#030303	111	139	4	110.5	111.5	138.5	139.5
#040404	112	139	5	111.5	112.5	138.5	139.5
#040404	113	139	5	112.5	113.5	138.5	139.5
#040404	114	139	5	113.5	114.5	138.5	139.5
#040404	115	139	5	114.5	115.5	138.5	139.5
#040404	116	139	5	115.5	116.5	138.5	139.5
#050505	117	139	6	116.5	117.5	138.5	139.5
#050505	118	139	6	117.5	118.5	138.5	139.5
#040404	119	139	5	118.5	119.5	138.5	139.5
#040404	120	139	5	119.5	120.5	138.5	139.5
#040404	121	139	5	120.5	121.5	138.5	139.5
#050505	122	139	6	121.5	122.5	138.5	139.5
#040404	123	139	5	122.5	123.5	138.5	139.5
#040404	124	139	5	123.5	124.5	138.5	139.5
#040404	125	139	5	124.5	125.5	138.5	139.5
#040404	126	139	5	125.5	126.5	138.5	139.5
#040404	127	139	5	126.5	127.5	138.5	139.5
#040404	128	139	5	127.5	128.5	138.5	139.5
#040404	129	139	5	128.5	129.5	138.5	139.5
#040404	130	139	5	129.5	130.5	138.5	139.5
#040404	131	139	5	130.5	131.5	138.5	139.5
#040404	132	139	5	131.5	132.5	138.5	139.5
#040404	133	139	5	132.5	133.5	138.5	139.5
#040404	134	139	5	133.5	134.5	138.5	139.5
#040404	135	139	5	134.5	135.5	138.5	139.5
#050505	136	139	6	135.5	136.5	138.5	139.5
#040404	137	139	5	136.5	137.5	138.5	139.5
#040404	138	139	5	137.5	138.5	138.5	139.5
#040404	139	139	5	138.5	139.5	138.5	139.5
#030303	0	138	4	-0.5	0.5	137.5	138.5
#050505	1	138	6	0.5	1.5	137.5	138.5
#050505	2	138	6	1.5	2.5	137.5	138.5
#040404	3	138	5	2.5	3.5	137.5	138.5
#040404	4	138	5	3.5	4.5	137.5	138.5
#040404	5	138	5	4.5	5.5	137.5	138.5
#040404	6	138	5	5.5	6.5	137.5	138.5
#040404	7	138	5	6.5	7.5	137.5	138.5
#040404	8	138	5	7.5	8.5	137.5	138.5
#040404	9	138	5	8.5	9.5	137.5	138.5
#040404	10	138	5	9.5	10.5	137.5	138.5
#040404	11	138	5	10.5	11.5	137.5	138.5
#040404	12	138	5	11.5	12.5	137.5	138.5
#040404	13	138	5	12.5	13.5	137.5	138.5
#030303	14	138	4	13.5	14.5	137.5	138.5
#030303	15	138	4	14.5	15.5	137.5	138.5
#030303	16	138	4	15.5	16.5	137.5	138.5
#030303	17	138	4	16.5	17.5	137.5	138.5
#030303	18	138	4	17.5	18.5	137.5	138.5
#030303	19	138	4	18.5	19.5	137.5	138.5
#030303	20	138	4	19.5	20.5	137.5	138.5
#030303	21	138	4	20.5	21.5	137.5	138.5
#030303	22	138	4	21.5	22.5	137.5	138.5
#020202	23	138	3	22.5	23.5	137.5	138.5
#020202	24	138	3	23.5	24.5	137.5	138.5
#030303	25	138	4	24.5	25.5	137.5	138.5
#020202	26	138	3	25.5	26.5	137.5	138.5
#020202	27	138	3	26.5	27.5	137.5	138.5
#020202	28	138	3	27.5	28.5	137.5	138.5
#020202	29	138	3	28.5	29.5	137.5	138.5
#020202	30	138	3	29.5	30.5	137.5	138.5
#020202	31	138	3	30.5	31.5	137.5	138.5
#010101	32	138	2	31.5	32.5	137.5	138.5
#010101	33	138	2	32.5	33.5	137.5	138.5
#030303	34	138	4	33.5	34.5	137.5	138.5
#020202	35	138	3	34.5	35.5	137.5	138.5
#010101	36	138	2	35.5	36.5	137.5	138.5
#010101	37	138	2	36.5	37.5	137.5	138.5
#010101	38	138	2	37.5	38.5	137.5	138.5
#010101	39	138	2	38.5	39.5	137.5	138.5
#030303	40	138	4	39.5	40.5	137.5	138.5
#030303	41	138	4	40.5	41.5	137.5	138.5
#040404	42	138	5	41.5	42.5	137.5	138.5
#050505	43	138	6	42.5	43.5	137.5	138.5
#060606	44	138	7	43.5	44.5	137.5	138.5
#060606	45	138	7	44.5	45.5	137.5	138.5
#050505	46	138	6	45.5	46.5	137.5	138.5
#0A0A0A	47	138	11	46.5	47.5	137.5	138.5
#101010	48	138	17	47.5	48.5	137.5	138.5
#1E1E1E	49	138	31	48.5	49.5	137.5	138.5
#252525	50	138	38	49.5	50.5	137.5	138.5
#292929	51	138	42	50.5	51.5	137.5	138.5
#2C2C2C	52	138	45	51.5	52.5	137.5	138.5
#2F2F2F	53	138	48	52.5	53.5	137.5	138.5
#353535	54	138	54	53.5	54.5	137.5	138.5
#3E3E3E	55	138	63	54.5	55.5	137.5	138.5
#444444	56	138	69	55.5	56.5	137.5	138.5
#4A4A4A	57	138	75	56.5	57.5	137.5	138.5
#515151	58	138	82	57.5	58.5	137.5	138.5
#595959	59	138	90	58.5	59.5	137.5	138.5
#6A6A6A	60	138	107	59.5	60.5	137.5	138.5
#787878	61	138	121	60.5	61.5	137.5	138.5
#777777	62	138	120	61.5	62.5	137.5	138.5
#757575	63	138	118	62.5	63.5	137.5	138.5
#757575	64	138	118	63.5	64.5	137.5	138.5
#787878	65	138	121	64.5	65.5	137.5	138.5
#7C7C7C	66	138	125	65.5	66.5	137.5	138.5
#7E7E7E	67	138	127	66.5	67.5	137.5	138.5
#7F7F7F	68	138	128	67.5	68.5	137.5	138.5
#828282	69	138	131	68.5	69.5	137.5	138.5
#848484	70	138	133	69.5	70.5	137.5	138.5
#858585	71	138	134	70.5	71.5	137.5	138.5
#868686	72	138	135	71.5	72.5	137.5	138.5
#868686	73	138	135	72.5	73.5	137.5	138.5
#868686	74	138	135	73.5	74.5	137.5	138.5
#868686	75	138	135	74.5	75.5	137.5	138.5
#868686	76	138	135	75.5	76.5	137.5	138.5
#888888	77	138	137	76.5	77.5	137.5	138.5
#888888	78	138	137	77.5	78.5	137.5	138.5
#888888	79	138	137	78.5	79.5	137.5	138.5
#878787	80	138	136	79.5	80.5	137.5	138.5
#888888	81	138	137	80.5	81.5	137.5	138.5
#888888	82	138	137	81.5	82.5	137.5	138.5
#888888	83	138	137	82.5	83.5	137.5	138.5
#868686	84	138	135	83.5	84.5	137.5	138.5
#868686	85	138	135	84.5	85.5	137.5	138.5
#848484	86	138	133	85.5	86.5	137.5	138.5
#808080	87	138	129	86.5	87.5	137.5	138.5
#7F7F7F	88	138	128	87.5	88.5	137.5	138.5
#848484	89	138	133	88.5	89.5	137.5	138.5
#818181	90	138	130	89.5	90.5	137.5	138.5
#6D6D6D	91	138	110	90.5	91.5	137.5	138.5
#646464	92	138	101	91.5	92.5	137.5	138.5
#636363	93	138	100	92.5	93.5	137.5	138.5
#5D5D5D	94	138	94	93.5	94.5	137.5	138.5
#515151	95	138	82	94.5	95.5	137.5	138.5
#4A4A4A	96	138	75	95.5	96.5	137.5	138.5
#474747	97	138	72	96.5	97.5	137.5	138.5
#494949	98	138	74	97.5	98.5	137.5	138.5
#464646	99	138	71	98.5	99.5	137.5	138.5
#3F3F3F	100	138	64	99.5	100.5	137.5	138.5
#3E3E3E	101	138	63	100.5	101.5	137.5	138.5
#3D3D3D	102	138	62	101.5	102.5	137.5	138.5
#3C3C3C	103	138	61	102.5	103.5	137.5	138.5
#373737	104	138	56	103.5	104.5	137.5	138.5
#363636	105	138	55	104.5	105.5	137.5	138.5
#151515	106	138	22	105.5	106.5	137.5	138.5
#040404	107	138	5	106.5	107.5	137.5	138.5
#030303	108	138	4	107.5	108.5	137.5	138.5
#040404	109	138	5	108.5	109.5	137.5	138.5
#050505	110	138	6	109.5	110.5	137.5	138.5
#060606	111	138	7	110.5	111.5	137.5	138.5
#040404	112	138	5	111.5	112.5	137.5	138.5
#040404	113	138	5	112.5	113.5	137.5	138.5
#040404	114	138	5	113.5	114.5	137.5	138.5
#050505	115	138	6	114.5	115.5	137.5	138.5
#040404	116	138	5	115.5	116.5	137.5	138.5
#040404	117	138	5	116.5	117.5	137.5	138.5
#050505	118	138	6	117.5	118.5	137.5	138.5
#050505	119	138	6	118.5	119.5	137.5	138.5
#050505	120	138	6	119.5	120.5	137.5	138.5
#040404	121	138	5	120.5	121.5	137.5	138.5
#050505	122	138	6	121.5	122.5	137.5	138.5
#050505	123	138	6	122.5	123.5	137.5	138.5
#040404	124	138	5	123.5	124.5	137.5	138.5
#040404	125	138	5	124.5	125.5	137.5	138.5
#040404	126	138	5	125.5	126.5	137.5	138.5
#040404	127	138	5	126.5	127.5	137.5	138.5
#040404	128	138	5	127.5	128.5	137.5	138.5
#040404	129	138	5	128.5	129.5	137.5	138.5
#040404	130	138	5	129.5	130.5	137.5	138.5
#040404	131	138	5	130.5	131.5	137.5	138.5
#040404	132	138	5	131.5	132.5	137.5	138.5
#040404	133	138	5	132.5	133.5	137.5	138.5
#040404	134	138	5	133.5	134.5	137.5	138.5
#040404	135	138	5	134.5	135.5	137.5	138.5
#040404	136	138	5	135.5	136.5	137.5	138.5
#040404	137	138	5	136.5	137.5	137.5	138.5
#040404	138	138	5	137.5	138.5	137.5	138.5
#040404	139	138	5	138.5	139.5	137.5	138.5
#030303	0	137	4	-0.5	0.5	136.5	137.5
#050505	1	137	6	0.5	1.5	136.5	137.5
#050505	2	137	6	1.5	2.5	136.5	137.5
#040404	3	137	5	2.5	3.5	136.5	137.5
#040404	4	137	5	3.5	4.5	136.5	137.5
#040404	5	137	5	4.5	5.5	136.5	137.5
#040404	6	137	5	5.5	6.5	136.5	137.5
#040404	7	137	5	6.5	7.5	136.5	137.5
#040404	8	137	5	7.5	8.5	136.5	137.5
#040404	9	137	5	8.5	9.5	136.5	137.5
#040404	10	137	5	9.5	10.5	136.5	137.5
#030303	11	137	4	10.5	11.5	136.5	137.5
#030303	12	137	4	11.5	12.5	136.5	137.5
#030303	13	137	4	12.5	13.5	136.5	137.5
#030303	14	137	4	13.5	14.5	136.5	137.5
#030303	15	137	4	14.5	15.5	136.5	137.5
#030303	16	137	4	15.5	16.5	136.5	137.5
#020202	17	137	3	16.5	17.5	136.5	137.5
#020202	18	137	3	17.5	18.5	136.5	137.5
#020202	19	137	3	18.5	19.5	136.5	137.5
#020202	20	137	3	19.5	20.5	136.5	137.5
#020202	21	137	3	20.5	21.5	136.5	137.5
#020202	22	137	3	21.5	22.5	136.5	137.5
#020202	23	137	3	22.5	23.5	136.5	137.5
#020202	24	137	3	23.5	24.5	136.5	137.5
#020202	25	137	3	24.5	25.5	136.5	137.5
#020202	26	137	3	25.5	26.5	136.5	137.5
#020202	27	137	3	26.5	27.5	136.5	137.5
#020202	28	137	3	27.5	28.5	136.5	137.5
#020202	29	137	3	28.5	29.5	136.5	137.5
#020202	30	137	3	29.5	30.5	136.5	137.5
#020202	31	137	3	30.5	31.5	136.5	137.5
#030303	32	137	4	31.5	32.5	136.5	137.5
#040404	33	137	5	32.5	33.5	136.5	137.5
#070707	34	137	8	33.5	34.5	136.5	137.5
#060606	35	137	7	34.5	35.5	136.5	137.5
#080808	36	137	9	35.5	36.5	136.5	137.5
#090909	37	137	10	36.5	37.5	136.5	137.5
#0C0C0C	38	137	13	37.5	38.5	136.5	137.5
#0D0D0D	39	137	14	38.5	39.5	136.5	137.5
#0F0F0F	40	137	16	39.5	40.5	136.5	137.5
#111111	41	137	18	40.5	41.5	136.5	137.5
#131313	42	137	20	41.5	42.5	136.5	137.5
#141414	43	137	21	42.5	43.5	136.5	137.5
#111111	44	137	18	43.5	44.5	136.5	137.5
#0D0D0D	45	137	14	44.5	45.5	136.5	137.5
#0B0B0B	46	137	12	45.5	46.5	136.5	137.5
#171717	47	137	24	46.5	47.5	136.5	137.5
#262626	48	137	39	47.5	48.5	136.5	137.5
#3E3E3E	49	137	63	48.5	49.5	136.5	137.5
#4F4F4F	50	137	80	49.5	50.5	136.5	137.5
#545454	51	137	85	50.5	51.5	136.5	137.5
#525252	52	137	83	51.5	52.5	136.5	137.5
#555555	53	137	86	52.5	53.5	136.5	137.5
#595959	54	137	90	53.5	54.5	136.5	137.5
#606060	55	137	97	54.5	55.5	136.5	137.5
#646464	56	137	101	55.5	56.5	136.5	137.5
#656565	57	137	102	56.5	57.5	136.5	137.5
#666666	58	137	103	57.5	58.5	136.5	137.5
#676767	59	137	104	58.5	59.5	136.5	137.5
#6B6B6B	60	137	108	59.5	60.5	136.5	137.5
#797979	61	137	122	60.5	61.5	136.5	137.5
#7B7B7B	62	137	124	61.5	62.5	136.5	137.5
#777777	63	137	120	62.5	63.5	136.5	137.5
#787878	64	137	121	63.5	64.5	136.5	137.5
#797979	65	137	122	64.5	65.5	136.5	137.5
#7C7C7C	66	137	125	65.5	66.5	136.5	137.5
#7F7F7F	67	137	128	66.5	67.5	136.5	137.5
#828282	68	137	131	67.5	68.5	136.5	137.5
#858585	69	137	134	68.5	69.5	136.5	137.5
#878787	70	137	136	69.5	70.5	136.5	137.5
#868686	71	137	135	70.5	71.5	136.5	137.5
#868686	72	137	135	71.5	72.5	136.5	137.5
#878787	73	137	136	72.5	73.5	136.5	137.5
#898989	74	137	138	73.5	74.5	136.5	137.5
#878787	75	137	136	74.5	75.5	136.5	137.5
#878787	76	137	136	75.5	76.5	136.5	137.5
#878787	77	137	136	76.5	77.5	136.5	137.5
#878787	78	137	136	77.5	78.5	136.5	137.5
#878787	79	137	136	78.5	79.5	136.5	137.5
#878787	80	137	136	79.5	80.5	136.5	137.5
#888888	81	137	137	80.5	81.5	136.5	137.5
#878787	82	137	136	81.5	82.5	136.5	137.5
#858585	83	137	134	82.5	83.5	136.5	137.5
#868686	84	137	135	83.5	84.5	136.5	137.5
#878787	85	137	136	84.5	85.5	136.5	137.5
#868686	86	137	135	85.5	86.5	136.5	137.5
#838383	87	137	132	86.5	87.5	136.5	137.5
#848484	88	137	133	87.5	88.5	136.5	137.5
#888888	89	137	137	88.5	89.5	136.5	137.5
#808080	90	137	129	89.5	90.5	136.5	137.5
#737373	91	137	116	90.5	91.5	136.5	137.5
#6F6F6F	92	137	112	91.5	92.5	136.5	137.5
#696969	93	137	106	92.5	93.5	136.5	137.5
#5E5E5E	94	137	95	93.5	94.5	136.5	137.5
#555555	95	137	86	94.5	95.5	136.5	137.5
#4D4D4D	96	137	78	95.5	96.5	136.5	137.5
#464646	97	137	71	96.5	97.5	136.5	137.5
#414141	98	137	66	97.5	98.5	136.5	137.5
#3F3F3F	99	137	64	98.5	99.5	136.5	137.5
#3D3D3D	100	137	62	99.5	100.5	136.5	137.5
#3B3B3B	101	137	60	100.5	101.5	136.5	137.5
#393939	102	137	58	101.5	102.5	136.5	137.5
#353535	103	137	54	102.5	103.5	136.5	137.5
#303030	104	137	49	103.5	104.5	136.5	137.5
#2D2D2D	105	137	46	104.5	105.5	136.5	137.5
#111111	106	137	18	105.5	106.5	136.5	137.5
#050505	107	137	6	106.5	107.5	136.5	137.5
#020202	108	137	3	107.5	108.5	136.5	137.5
#040404	109	137	5	108.5	109.5	136.5	137.5
#060606	110	137	7	109.5	110.5	136.5	137.5
#070707	111	137	8	110.5	111.5	136.5	137.5
#060606	112	137	7	111.5	112.5	136.5	137.5
#040404	113	137	5	112.5	113.5	136.5	137.5
#040404	114	137	5	113.5	114.5	136.5	137.5
#040404	115	137	5	114.5	115.5	136.5	137.5
#040404	116	137	5	115.5	116.5	136.5	137.5
#040404	117	137	5	116.5	117.5	136.5	137.5
#040404	118	137	5	117.5	118.5	136.5	137.5
#050505	119	137	6	118.5	119.5	136.5	137.5
#050505	120	137	6	119.5	120.5	136.5	137.5
#040404	121	137	5	120.5	121.5	136.5	137.5
#040404	122	137	5	121.5	122.5	136.5	137.5
#050505	123	137	6	122.5	123.5	136.5	137.5
#050505	124	137	6	123.5	124.5	136.5	137.5
#050505	125	137	6	124.5	125.5	136.5	137.5
#040404	126	137	5	125.5	126.5	136.5	137.5
#040404	127	137	5	126.5	127.5	136.5	137.5
#040404	128	137	5	127.5	128.5	136.5	137.5
#040404	129	137	5	128.5	129.5	136.5	137.5
#040404	130	137	5	129.5	130.5	136.5	137.5
#040404	131	137	5	130.5	131.5	136.5	137.5
#040404	132	137	5	131.5	132.5	136.5	137.5
#040404	133	137	5	132.5	133.5	136.5	137.5
#040404	134	137	5	133.5	134.5	136.5	137.5
#040404	135	137	5	134.5	135.5	136.5	137.5
#040404	136	137	5	135.5	136.5	136.5	137.5
#040404	137	137	5	136.5	137.5	136.5	137.5
#040404	138	137	5	137.5	138.5	136.5	137.5
#040404	139	137	5	138.5	139.5	136.5	137.5
#030303	0	136	4	-0.5	0.5	135.5	136.5
#050505	1	136	6	0.5	1.5	135.5	136.5
#040404	2	136	5	1.5	2.5	135.5	136.5
#040404	3	136	5	2.5	3.5	135.5	136.5
#040404	4	136	5	3.5	4.5	135.5	136.5
#040404	5	136	5	4.5	5.5	135.5	136.5
#040404	6	136	5	5.5	6.5	135.5	136.5
#040404	7	136	5	6.5	7.5	135.5	136.5
#040404	8	136	5	7.5	8.5	135.5	136.5
#030303	9	136	4	8.5	9.5	135.5	136.5
#030303	10	136	4	9.5	10.5	135.5	136.5
#030303	11	136	4	10.5	11.5	135.5	136.5
#030303	12	136	4	11.5	12.5	135.5	136.5
#020202	13	136	3	12.5	13.5	135.5	136.5
#020202	14	136	3	13.5	14.5	135.5	136.5
#020202	15	136	3	14.5	15.5	135.5	136.5
#020202	16	136	3	15.5	16.5	135.5	136.5
#020202	17	136	3	16.5	17.5	135.5	136.5
#020202	18	136	3	17.5	18.5	135.5	136.5
#020202	19	136	3	18.5	19.5	135.5	136.5
#030303	20	136	4	19.5	20.5	135.5	136.5
#030303	21	136	4	20.5	21.5	135.5	136.5
#030303	22	136	4	21.5	22.5	135.5	136.5
#050505	23	136	6	22.5	23.5	135.5	136.5
#060606	24	136	7	23.5	24.5	135.5	136.5
#060606	25	136	7	24.5	25.5	135.5	136.5
#070707	26	136	8	25.5	26.5	135.5	136.5
#080808	27	136	9	26.5	27.5	135.5	136.5
#080808	28	136	9	27.5	28.5	135.5	136.5
#0A0A0A	29	136	11	28.5	29.5	135.5	136.5
#0C0C0C	30	136	13	29.5	30.5	135.5	136.5
#0D0D0D	31	136	14	30.5	31.5	135.5	136.5
#0D0D0D	32	136	14	31.5	32.5	135.5	136.5
#0E0E0E	33	136	15	32.5	33.5	135.5	136.5
#101010	34	136	17	33.5	34.5	135.5	136.5
#121212	35	136	19	34.5	35.5	135.5	136.5
#141414	36	136	21	35.5	36.5	135.5	136.5
#161616	37	136	23	36.5	37.5	135.5	136.5
#171717	38	136	24	37.5	38.5	135.5	136.5
#181818	39	136	25	38.5	39.5	135.5	136.5
#181818	40	136	25	39.5	40.5	135.5	136.5
#181818	41	136	25	40.5	41.5	135.5	136.5
#191919	42	136	26	41.5	42.5	135.5	136.5
#181818	43	136	25	42.5	43.5	135.5	136.5
#161616	44	136	23	43.5	44.5	135.5	136.5
#141414	45	136	21	44.5	45.5	135.5	136.5
#101010	46	136	17	45.5	46.5	135.5	136.5
#191919	47	136	26	46.5	47.5	135.5	136.5
#2F2F2F	48	136	48	47.5	48.5	135.5	136.5
#434343	49	136	68	48.5	49.5	135.5	136.5
#4D4D4D	50	136	78	49.5	50.5	135.5	136.5
#535353	51	136	84	50.5	51.5	135.5	136.5
#525252	52	136	83	51.5	52.5	135.5	136.5
#565656	53	136	87	52.5	53.5	135.5	136.5
#5B5B5B	54	136	92	53.5	54.5	135.5	136.5
#5F5F5F	55	136	96	54.5	55.5	135.5	136.5
#636363	56	136	100	55.5	56.5	135.5	136.5
#646464	57	136	101	56.5	57.5	135.5	136.5
#646464	58	136	101	57.5	58.5	135.5	136.5
#666666	59	136	103	58.5	59.5	135.5	136.5
#696969	60	136	106	59.5	60.5	135.5	136.5
#777777	61	136	120	60.5	61.5	135.5	136.5
#808080	62	136	129	61.5	62.5	135.5	136.5
#7C7C7C	63	136	125	62.5	63.5	135.5	136.5
#7C7C7C	64	136	125	63.5	64.5	135.5	136.5
#7D7D7D	65	136	126	64.5	65.5	135.5	136.5
#7F7F7F	66	136	128	65.5	66.5	135.5	136.5
#808080	67	136	129	66.5	67.5	135.5	136.5
#828282	68	136	131	67.5	68.5	135.5	136.5
#838383	69	136	132	68.5	69.5	135.5	136.5
#898989	70	136	138	69.5	70.5	135.5	136.5
#898989	71	136	138	70.5	71.5	135.5	136.5
#8B8B8B	72	136	140	71.5	72.5	135.5	136.5
#8B8B8B	73	136	140	72.5	73.5	135.5	136.5
#8A8A8A	74	136	139	73.5	74.5	135.5	136.5
#8A8A8A	75	136	139	74.5	75.5	135.5	136.5
#8A8A8A	76	136	139	75.5	76.5	135.5	136.5
#898989	77	136	138	76.5	77.5	135.5	136.5
#8B8B8B	78	136	140	77.5	78.5	135.5	136.5
#8C8C8C	79	136	141	78.5	79.5	135.5	136.5
#8A8A8A	80	136	139	79.5	80.5	135.5	136.5
#878787	81	136	136	80.5	81.5	135.5	136.5
#848484	82	136	133	81.5	82.5	135.5	136.5
#848484	83	136	133	82.5	83.5	135.5	136.5
#868686	84	136	135	83.5	84.5	135.5	136.5
#878787	85	136	136	84.5	85.5	135.5	136.5
#868686	86	136	135	85.5	86.5	135.5	136.5
#878787	87	136	136	86.5	87.5	135.5	136.5
#878787	88	136	136	87.5	88.5	135.5	136.5
#848484	89	136	133	88.5	89.5	135.5	136.5
#7B7B7B	90	136	124	89.5	90.5	135.5	136.5
#787878	91	136	121	90.5	91.5	135.5	136.5
#767676	92	136	119	91.5	92.5	135.5	136.5
#747474	93	136	117	92.5	93.5	135.5	136.5
#6D6D6D	94	136	110	93.5	94.5	135.5	136.5
#616161	95	136	98	94.5	95.5	135.5	136.5
#565656	96	136	87	95.5	96.5	135.5	136.5
#4C4C4C	97	136	77	96.5	97.5	135.5	136.5
#464646	98	136	71	97.5	98.5	135.5	136.5
#3F3F3F	99	136	64	98.5	99.5	135.5	136.5
#383838	100	136	57	99.5	100.5	135.5	136.5
#373737	101	136	56	100.5	101.5	135.5	136.5
#333333	102	136	52	101.5	102.5	135.5	136.5
#2E2E2E	103	136	47	102.5	103.5	135.5	136.5
#2A2A2A	104	136	43	103.5	104.5	135.5	136.5
#242424	105	136	37	104.5	105.5	135.5	136.5
#0D0D0D	106	136	14	105.5	106.5	135.5	136.5
#070707	107	136	8	106.5	107.5	135.5	136.5
#040404	108	136	5	107.5	108.5	135.5	136.5
#020202	109	136	3	108.5	109.5	135.5	136.5
#050505	110	136	6	109.5	110.5	135.5	136.5
#060606	111	136	7	110.5	111.5	135.5	136.5
#070707	112	136	8	111.5	112.5	135.5	136.5
#040404	113	136	5	112.5	113.5	135.5	136.5
#040404	114	136	5	113.5	114.5	135.5	136.5
#040404	115	136	5	114.5	115.5	135.5	136.5
#040404	116	136	5	115.5	116.5	135.5	136.5
#040404	117	136	5	116.5	117.5	135.5	136.5
#040404	118	136	5	117.5	118.5	135.5	136.5
#050505	119	136	6	118.5	119.5	135.5	136.5
#050505	120	136	6	119.5	120.5	135.5	136.5
#050505	121	136	6	120.5	121.5	135.5	136.5
#050505	122	136	6	121.5	122.5	135.5	136.5
#050505	123	136	6	122.5	123.5	135.5	136.5
#050505	124	136	6	123.5	124.5	135.5	136.5
#050505	125	136	6	124.5	125.5	135.5	136.5
#050505	126	136	6	125.5	126.5	135.5	136.5
#040404	127	136	5	126.5	127.5	135.5	136.5
#040404	128	136	5	127.5	128.5	135.5	136.5
#040404	129	136	5	128.5	129.5	135.5	136.5
#040404	130	136	5	129.5	130.5	135.5	136.5
#040404	131	136	5	130.5	131.5	135.5	136.5
#040404	132	136	5	131.5	132.5	135.5	136.5
#040404	133	136	5	132.5	133.5	135.5	136.5
#040404	134	136	5	133.5	134.5	135.5	136.5
#040404	135	136	5	134.5	135.5	135.5	136.5
#040404	136	136	5	135.5	136.5	135.5	136.5
#040404	137	136	5	136.5	137.5	135.5	136.5
#040404	138	136	5	137.5	138.5	135.5	136.5
#040404	139	136	5	138.5	139.5	135.5	136.5
#040404	0	135	5	-0.5	0.5	134.5	135.5
#030303	1	135	4	0.5	1.5	134.5	135.5
#030303	2	135	4	1.5	2.5	134.5	135.5
#040404	3	135	5	2.5	3.5	134.5	135.5
#040404	4	135	5	3.5	4.5	134.5	135.5
#040404	5	135	5	4.5	5.5	134.5	135.5
#030303	6	135	4	5.5	6.5	134.5	135.5
#030303	7	135	4	6.5	7.5	134.5	135.5
#030303	8	135	4	7.5	8.5	134.5	135.5
#030303	9	135	4	8.5	9.5	134.5	135.5
#020202	10	135	3	9.5	10.5	134.5	135.5
#020202	11	135	3	10.5	11.5	134.5	135.5
#020202	12	135	3	11.5	12.5	134.5	135.5
#020202	13	135	3	12.5	13.5	134.5	135.5
#030303	14	135	4	13.5	14.5	134.5	135.5
#030303	15	135	4	14.5	15.5	134.5	135.5
#050505	16	135	6	15.5	16.5	134.5	135.5
#070707	17	135	8	16.5	17.5	134.5	135.5
#080808	18	135	9	17.5	18.5	134.5	135.5
#090909	19	135	10	18.5	19.5	134.5	135.5
#0B0B0B	20	135	12	19.5	20.5	134.5	135.5
#0C0C0C	21	135	13	20.5	21.5	134.5	135.5
#0D0D0D	22	135	14	21.5	22.5	134.5	135.5
#0E0E0E	23	135	15	22.5	23.5	134.5	135.5
#0E0E0E	24	135	15	23.5	24.5	134.5	135.5
#0D0D0D	25	135	14	24.5	25.5	134.5	135.5
#0F0F0F	26	135	16	25.5	26.5	134.5	135.5
#0F0F0F	27	135	16	26.5	27.5	134.5	135.5
#101010	28	135	17	27.5	28.5	134.5	135.5
#121212	29	135	19	28.5	29.5	134.5	135.5
#131313	30	135	20	29.5	30.5	134.5	135.5
#151515	31	135	22	30.5	31.5	134.5	135.5
#161616	32	135	23	31.5	32.5	134.5	135.5
#181818	33	135	25	32.5	33.5	134.5	135.5
#191919	34	135	26	33.5	34.5	134.5	135.5
#1B1B1B	35	135	28	34.5	35.5	134.5	135.5
#1E1E1E	36	135	31	35.5	36.5	134.5	135.5
#202020	37	135	33	36.5	37.5	134.5	135.5
#1F1F1F	38	135	32	37.5	38.5	134.5	135.5
#202020	39	135	33	38.5	39.5	134.5	135.5
#202020	40	135	33	39.5	40.5	134.5	135.5
#202020	41	135	33	40.5	41.5	134.5	135.5
#232323	42	135	36	41.5	42.5	134.5	135.5
#232323	43	135	36	42.5	43.5	134.5	135.5
#202020	44	135	33	43.5	44.5	134.5	135.5
#1E1E1E	45	135	31	44.5	45.5	134.5	135.5
#1A1A1A	46	135	27	45.5	46.5	134.5	135.5
#1D1D1D	47	135	30	46.5	47.5	134.5	135.5
#393939	48	135	58	47.5	48.5	134.5	135.5
#4B4B4B	49	135	76	48.5	49.5	134.5	135.5
#505050	50	135	81	49.5	50.5	134.5	135.5
#575757	51	135	88	50.5	51.5	134.5	135.5
#5A5A5A	52	135	91	51.5	52.5	134.5	135.5
#5C5C5C	53	135	93	52.5	53.5	134.5	135.5
#606060	54	135	97	53.5	54.5	134.5	135.5
#636363	55	135	100	54.5	55.5	134.5	135.5
#666666	56	135	103	55.5	56.5	134.5	135.5
#686868	57	135	105	56.5	57.5	134.5	135.5
#696969	58	135	106	57.5	58.5	134.5	135.5
#6C6C6C	59	135	109	58.5	59.5	134.5	135.5
#6F6F6F	60	135	112	59.5	60.5	134.5	135.5
#757575	61	135	118	60.5	61.5	134.5	135.5
#828282	62	135	131	61.5	62.5	134.5	135.5
#828282	63	135	131	62.5	63.5	134.5	135.5
#818181	64	135	130	63.5	64.5	134.5	135.5
#818181	65	135	130	64.5	65.5	134.5	135.5
#848484	66	135	133	65.5	66.5	134.5	135.5
#848484	67	135	133	66.5	67.5	134.5	135.5
#848484	68	135	133	67.5	68.5	134.5	135.5
#858585	69	135	134	68.5	69.5	134.5	135.5
#898989	70	135	138	69.5	70.5	134.5	135.5
#8A8A8A	71	135	139	70.5	71.5	134.5	135.5
#8C8C8C	72	135	141	71.5	72.5	134.5	135.5
#8D8D8D	73	135	142	72.5	73.5	134.5	135.5
#8D8D8D	74	135	142	73.5	74.5	134.5	135.5
#8D8D8D	75	135	142	74.5	75.5	134.5	135.5
#8B8B8B	76	135	140	75.5	76.5	134.5	135.5
#898989	77	135	138	76.5	77.5	134.5	135.5
#8B8B8B	78	135	140	77.5	78.5	134.5	135.5
#8C8C8C	79	135	141	78.5	79.5	134.5	135.5
#8B8B8B	80	135	140	79.5	80.5	134.5	135.5
#888888	81	135	137	80.5	81.5	134.5	135.5
#898989	82	135	138	81.5	82.5	134.5	135.5
#878787	83	135	136	82.5	83.5	134.5	135.5
#898989	84	135	138	83.5	84.5	134.5	135.5
#888888	85	135	137	84.5	85.5	134.5	135.5
#888888	86	135	137	85.5	86.5	134.5	135.5
#8A8A8A	87	135	139	86.5	87.5	134.5	135.5
#868686	88	135	135	87.5	88.5	134.5	135.5
#7D7D7D	89	135	126	88.5	89.5	134.5	135.5
#7A7A7A	90	135	123	89.5	90.5	134.5	135.5
#797979	91	135	122	90.5	91.5	134.5	135.5
#767676	92	135	119	91.5	92.5	134.5	135.5
#757575	93	135	118	92.5	93.5	134.5	135.5
#737373	94	135	116	93.5	94.5	134.5	135.5
#717171	95	135	114	94.5	95.5	134.5	135.5
#696969	96	135	106	95.5	96.5	134.5	135.5
#585858	97	135	89	96.5	97.5	134.5	135.5
#4A4A4A	98	135	75	97.5	98.5	134.5	135.5
#424242	99	135	67	98.5	99.5	134.5	135.5
#3A3A3A	100	135	59	99.5	100.5	134.5	135.5
#363636	101	135	55	100.5	101.5	134.5	135.5
#353535	102	135	54	101.5	102.5	134.5	135.5
#2E2E2E	103	135	47	102.5	103.5	134.5	135.5
#2B2B2B	104	135	44	103.5	104.5	134.5	135.5
#1E1E1E	105	135	31	104.5	105.5	134.5	135.5
#0C0C0C	106	135	13	105.5	106.5	134.5	135.5
#080808	107	135	9	106.5	107.5	134.5	135.5
#050505	108	135	6	107.5	108.5	134.5	135.5
#020202	109	135	3	108.5	109.5	134.5	135.5
#030303	110	135	4	109.5	110.5	134.5	135.5
#060606	111	135	7	110.5	111.5	134.5	135.5
#070707	112	135	8	111.5	112.5	134.5	135.5
#060606	113	135	7	112.5	113.5	134.5	135.5
#040404	114	135	5	113.5	114.5	134.5	135.5
#040404	115	135	5	114.5	115.5	134.5	135.5
#040404	116	135	5	115.5	116.5	134.5	135.5
#050505	117	135	6	116.5	117.5	134.5	135.5
#050505	118	135	6	117.5	118.5	134.5	135.5
#050505	119	135	6	118.5	119.5	134.5	135.5
#050505	120	135	6	119.5	120.5	134.5	135.5
#050505	121	135	6	120.5	121.5	134.5	135.5
#050505	122	135	6	121.5	122.5	134.5	135.5
#050505	123	135	6	122.5	123.5	134.5	135.5
#050505	124	135	6	123.5	124.5	134.5	135.5
#050505	125	135	6	124.5	125.5	134.5	135.5
#050505	126	135	6	125.5	126.5	134.5	135.5
#050505	127	135	6	126.5	127.5	134.5	135.5
#040404	128	135	5	127.5	128.5	134.5	135.5
#040404	129	135	5	128.5	129.5	134.5	135.5
#040404	130	135	5	129.5	130.5	134.5	135.5
#040404	131	135	5	130.5	131.5	134.5	135.5
#040404	132	135	5	131.5	132.5	134.5	135.5
#040404	133	135	5	132.5	133.5	134.5	135.5
#040404	134	135	5	133.5	134.5	134.5	135.5
#040404	135	135	5	134.5	135.5	134.5	135.5
#040404	136	135	5	135.5	136.5	134.5	135.5
#040404	137	135	5	136.5	137.5	134.5	135.5
#040404	138	135	5	137.5	138.5	134.5	135.5
#040404	139	135	5	138.5	139.5	134.5	135.5
#030303	0	134	4	-0.5	0.5	133.5	134.5
#040404	1	134	5	0.5	1.5	133.5	134.5
#030303	2	134	4	1.5	2.5	133.5	134.5
#030303	3	134	4	2.5	3.5	133.5	134.5
#030303	4	134	4	3.5	4.5	133.5	134.5
#030303	5	134	4	4.5	5.5	133.5	134.5
#030303	6	134	4	5.5	6.5	133.5	134.5
#030303	7	134	4	6.5	7.5	133.5	134.5
#020202	8	134	3	7.5	8.5	133.5	134.5
#020202	9	134	3	8.5	9.5	133.5	134.5
#030303	10	134	4	9.5	10.5	133.5	134.5
#030303	11	134	4	10.5	11.5	133.5	134.5
#060606	12	134	7	11.5	12.5	133.5	134.5
#090909	13	134	10	12.5	13.5	133.5	134.5
#0B0B0B	14	134	12	13.5	14.5	133.5	134.5
#0C0C0C	15	134	13	14.5	15.5	133.5	134.5
#0E0E0E	16	134	15	15.5	16.5	133.5	134.5
#0F0F0F	17	134	16	16.5	17.5	133.5	134.5
#111111	18	134	18	17.5	18.5	133.5	134.5
#131313	19	134	20	18.5	19.5	133.5	134.5
#121212	20	134	19	19.5	20.5	133.5	134.5
#131313	21	134	20	20.5	21.5	133.5	134.5
#131313	22	134	20	21.5	22.5	133.5	134.5
#131313	23	134	20	22.5	23.5	133.5	134.5
#131313	24	134	20	23.5	24.5	133.5	134.5
#141414	25	134	21	24.5	25.5	133.5	134.5
#141414	26	134	21	25.5	26.5	133.5	134.5
#141414	27	134	21	26.5	27.5	133.5	134.5
#161616	28	134	23	27.5	28.5	133.5	134.5
#181818	29	134	25	28.5	29.5	133.5	134.5
#191919	30	134	26	29.5	30.5	133.5	134.5
#1A1A1A	31	134	27	30.5	31.5	133.5	134.5
#1C1C1C	32	134	29	31.5	32.5	133.5	134.5
#1E1E1E	33	134	31	32.5	33.5	133.5	134.5
#202020	34	134	33	33.5	34.5	133.5	134.5
#212121	35	134	34	34.5	35.5	133.5	134.5
#232323	36	134	36	35.5	36.5	133.5	134.5
#242424	37	134	37	36.5	37.5	133.5	134.5
#242424	38	134	37	37.5	38.5	133.5	134.5
#262626	39	134	39	38.5	39.5	133.5	134.5
#272727	40	134	40	39.5	40.5	133.5	134.5
#272727	41	134	40	40.5	41.5	133.5	134.5
#292929	42	134	42	41.5	42.5	133.5	134.5
#272727	43	134	40	42.5	43.5	133.5	134.5
#242424	44	134	37	43.5	44.5	133.5	134.5
#232323	45	134	36	44.5	45.5	133.5	134.5
#202020	46	134	33	45.5	46.5	133.5	134.5
#202020	47	134	33	46.5	47.5	133.5	134.5
#3E3E3E	48	134	63	47.5	48.5	133.5	134.5
#505050	49	134	81	48.5	49.5	133.5	134.5
#555555	50	134	86	49.5	50.5	133.5	134.5
#5A5A5A	51	134	91	50.5	51.5	133.5	134.5
#5D5D5D	52	134	94	51.5	52.5	133.5	134.5
#606060	53	134	97	52.5	53.5	133.5	134.5
#636363	54	134	100	53.5	54.5	133.5	134.5
#666666	55	134	103	54.5	55.5	133.5	134.5
#686868	56	134	105	55.5	56.5	133.5	134.5
#696969	57	134	106	56.5	57.5	133.5	134.5
#6C6C6C	58	134	109	57.5	58.5	133.5	134.5
#6F6F6F	59	134	112	58.5	59.5	133.5	134.5
#727272	60	134	115	59.5	60.5	133.5	134.5
#747474	61	134	117	60.5	61.5	133.5	134.5
#7C7C7C	62	134	125	61.5	62.5	133.5	134.5
#848484	63	134	133	62.5	63.5	133.5	134.5
#848484	64	134	133	63.5	64.5	133.5	134.5
#838383	65	134	132	64.5	65.5	133.5	134.5
#858585	66	134	134	65.5	66.5	133.5	134.5
#868686	67	134	135	66.5	67.5	133.5	134.5
#848484	68	134	133	67.5	68.5	133.5	134.5
#888888	69	134	137	68.5	69.5	133.5	134.5
#8B8B8B	70	134	140	69.5	70.5	133.5	134.5
#8A8A8A	71	134	139	70.5	71.5	133.5	134.5
#8C8C8C	72	134	141	71.5	72.5	133.5	134.5
#8F8F8F	73	134	144	72.5	73.5	133.5	134.5
#8E8E8E	74	134	143	73.5	74.5	133.5	134.5
#8D8D8D	75	134	142	74.5	75.5	133.5	134.5
#8B8B8B	76	134	140	75.5	76.5	133.5	134.5
#8A8A8A	77	134	139	76.5	77.5	133.5	134.5
#8B8B8B	78	134	140	77.5	78.5	133.5	134.5
#8C8C8C	79	134	141	78.5	79.5	133.5	134.5
#8B8B8B	80	134	140	79.5	80.5	133.5	134.5
#8B8B8B	81	134	140	80.5	81.5	133.5	134.5
#8C8C8C	82	134	141	81.5	82.5	133.5	134.5
#8A8A8A	83	134	139	82.5	83.5	133.5	134.5
#898989	84	134	138	83.5	84.5	133.5	134.5
#8A8A8A	85	134	139	84.5	85.5	133.5	134.5
#898989	86	134	138	85.5	86.5	133.5	134.5
#888888	87	134	137	86.5	87.5	133.5	134.5
#7F7F7F	88	134	128	87.5	88.5	133.5	134.5
#797979	89	134	122	88.5	89.5	133.5	134.5
#7B7B7B	90	134	124	89.5	90.5	133.5	134.5
#7A7A7A	91	134	123	90.5	91.5	133.5	134.5
#757575	92	134	118	91.5	92.5	133.5	134.5
#747474	93	134	117	92.5	93.5	133.5	134.5
#717171	94	134	114	93.5	94.5	133.5	134.5
#6F6F6F	95	134	112	94.5	95.5	133.5	134.5
#6F6F6F	96	134	112	95.5	96.5	133.5	134.5
#6A6A6A	97	134	107	96.5	97.5	133.5	134.5
#5B5B5B	98	134	92	97.5	98.5	133.5	134.5
#474747	99	134	72	98.5	99.5	133.5	134.5
#383838	100	134	57	99.5	100.5	133.5	134.5
#353535	101	134	54	100.5	101.5	133.5	134.5
#353535	102	134	54	101.5	102.5	133.5	134.5
#333333	103	134	52	102.5	103.5	133.5	134.5
#313131	104	134	50	103.5	104.5	133.5	134.5
#1F1F1F	105	134	32	104.5	105.5	133.5	134.5
#111111	106	134	18	105.5	106.5	133.5	134.5
#0B0B0B	107	134	12	106.5	107.5	133.5	134.5
#040404	108	134	5	107.5	108.5	133.5	134.5
#020202	109	134	3	108.5	109.5	133.5	134.5
#020202	110	134	3	109.5	110.5	133.5	134.5
#050505	111	134	6	110.5	111.5	133.5	134.5
#060606	112	134	7	111.5	112.5	133.5	134.5
#060606	113	134	7	112.5	113.5	133.5	134.5
#040404	114	134	5	113.5	114.5	133.5	134.5
#040404	115	134	5	114.5	115.5	133.5	134.5
#040404	116	134	5	115.5	116.5	133.5	134.5
#050505	117	134	6	116.5	117.5	133.5	134.5
#050505	118	134	6	117.5	118.5	133.5	134.5
#050505	119	134	6	118.5	119.5	133.5	134.5
#050505	120	134	6	119.5	120.5	133.5	134.5
#050505	121	134	6	120.5	121.5	133.5	134.5
#050505	122	134	6	121.5	122.5	133.5	134.5
#050505	123	134	6	122.5	123.5	133.5	134.5
#050505	124	134	6	123.5	124.5	133.5	134.5
#050505	125	134	6	124.5	125.5	133.5	134.5
#050505	126	134	6	125.5	126.5	133.5	134.5
#050505	127	134	6	126.5	127.5	133.5	134.5
#040404	128	134	5	127.5	128.5	133.5	134.5
#040404	129	134	5	128.5	129.5	133.5	134.5
#040404	130	134	5	129.5	130.5	133.5	134.5
#040404	131	134	5	130.5	131.5	133.5	134.5
#040404	132	134	5	131.5	132.5	133.5	134.5
#040404	133	134	5	132.5	133.5	133.5	134.5
#040404	134	134	5	133.5	134.5	133.5	134.5
#040404	135	134	5	134.5	135.5	133.5	134.5
#040404	136	134	5	135.5	136.5	133.5	134.5
#040404	137	134	5	136.5	137.5	133.5	134.5
#040404	138	134	5	137.5	138.5	133.5	134.5
#040404	139	134	5	138.5	139.5	133.5	134.5
#020202	0	133	3	-0.5	0.5	132.5	133.5
#040404	1	133	5	0.5	1.5	132.5	133.5
#040404	2	133	5	1.5	2.5	132.5	133.5
#030303	3	133	4	2.5	3.5	132.5	133.5
#030303	4	133	4	3.5	4.5	132.5	133.5
#020202	5	133	3	4.5	5.5	132.5	133.5
#020202	6	133	3	5.5	6.5	132.5	133.5
#030303	7	133	4	6.5	7.5	132.5	133.5
#040404	8	133	5	7.5	8.5	132.5	133.5
#070707	9	133	8	8.5	9.5	132.5	133.5
#0B0B0B	10	133	12	9.5	10.5	132.5	133.5
#0D0D0D	11	133	14	10.5	11.5	132.5	133.5
#0F0F0F	12	133	16	11.5	12.5	132.5	133.5
#111111	13	133	18	12.5	13.5	132.5	133.5
#111111	14	133	18	13.5	14.5	132.5	133.5
#131313	15	133	20	14.5	15.5	132.5	133.5
#141414	16	133	21	15.5	16.5	132.5	133.5
#151515	17	133	22	16.5	17.5	132.5	133.5
#151515	18	133	22	17.5	18.5	132.5	133.5
#171717	19	133	24	18.5	19.5	132.5	133.5
#191919	20	133	26	19.5	20.5	132.5	133.5
#181818	21	133	25	20.5	21.5	132.5	133.5
#181818	22	133	25	21.5	22.5	132.5	133.5
#171717	23	133	24	22.5	23.5	132.5	133.5
#171717	24	133	24	23.5	24.5	132.5	133.5
#181818	25	133	25	24.5	25.5	132.5	133.5
#181818	26	133	25	25.5	26.5	132.5	133.5
#191919	27	133	26	26.5	27.5	132.5	133.5
#191919	28	133	26	27.5	28.5	132.5	133.5
#1B1B1B	29	133	28	28.5	29.5	132.5	133.5
#1C1C1C	30	133	29	29.5	30.5	132.5	133.5
#1E1E1E	31	133	31	30.5	31.5	132.5	133.5
#202020	32	133	33	31.5	32.5	132.5	133.5
#212121	33	133	34	32.5	33.5	132.5	133.5
#222222	34	133	35	33.5	34.5	132.5	133.5
#222222	35	133	35	34.5	35.5	132.5	133.5
#232323	36	133	36	35.5	36.5	132.5	133.5
#232323	37	133	36	36.5	37.5	132.5	133.5
#252525	38	133	38	37.5	38.5	132.5	133.5
#262626	39	133	39	38.5	39.5	132.5	133.5
#272727	40	133	40	39.5	40.5	132.5	133.5
#282828	41	133	41	40.5	41.5	132.5	133.5
#272727	42	133	40	41.5	42.5	132.5	133.5
#282828	43	133	41	42.5	43.5	132.5	133.5
#282828	44	133	41	43.5	44.5	132.5	133.5
#282828	45	133	41	44.5	45.5	132.5	133.5
#262626	46	133	39	45.5	46.5	132.5	133.5
#242424	47	133	37	46.5	47.5	132.5	133.5
#3E3E3E	48	133	63	47.5	48.5	132.5	133.5
#525252	49	133	83	48.5	49.5	132.5	133.5
#565656	50	133	87	49.5	50.5	132.5	133.5
#575757	51	133	88	50.5	51.5	132.5	133.5
#5A5A5A	52	133	91	51.5	52.5	132.5	133.5
#5D5D5D	53	133	94	52.5	53.5	132.5	133.5
#616161	54	133	98	53.5	54.5	132.5	133.5
#656565	55	133	102	54.5	55.5	132.5	133.5
#676767	56	133	104	55.5	56.5	132.5	133.5
#696969	57	133	106	56.5	57.5	132.5	133.5
#6D6D6D	58	133	110	57.5	58.5	132.5	133.5
#717171	59	133	114	58.5	59.5	132.5	133.5
#747474	60	133	117	59.5	60.5	132.5	133.5
#767676	61	133	119	60.5	61.5	132.5	133.5
#787878	62	133	121	61.5	62.5	132.5	133.5
#828282	63	133	131	62.5	63.5	132.5	133.5
#868686	64	133	135	63.5	64.5	132.5	133.5
#868686	65	133	135	64.5	65.5	132.5	133.5
#878787	66	133	136	65.5	66.5	132.5	133.5
#878787	67	133	136	66.5	67.5	132.5	133.5
#858585	68	133	134	67.5	68.5	132.5	133.5
#898989	69	133	138	68.5	69.5	132.5	133.5
#8C8C8C	70	133	141	69.5	70.5	132.5	133.5
#8D8D8D	71	133	142	70.5	71.5	132.5	133.5
#8D8D8D	72	133	142	71.5	72.5	132.5	133.5
#8E8E8E	73	133	143	72.5	73.5	132.5	133.5
#8D8D8D	74	133	142	73.5	74.5	132.5	133.5
#8D8D8D	75	133	142	74.5	75.5	132.5	133.5
#8B8B8B	76	133	140	75.5	76.5	132.5	133.5
#8A8A8A	77	133	139	76.5	77.5	132.5	133.5
#8B8B8B	78	133	140	77.5	78.5	132.5	133.5
#8A8A8A	79	133	139	78.5	79.5	132.5	133.5
#8A8A8A	80	133	139	79.5	80.5	132.5	133.5
#8C8C8C	81	133	141	80.5	81.5	132.5	133.5
#8D8D8D	82	133	142	81.5	82.5	132.5	133.5
#8A8A8A	83	133	139	82.5	83.5	132.5	133.5
#898989	84	133	138	83.5	84.5	132.5	133.5
#898989	85	133	138	84.5	85.5	132.5	133.5
#888888	86	133	137	85.5	86.5	132.5	133.5
#828282	87	133	131	86.5	87.5	132.5	133.5
#7B7B7B	88	133	124	87.5	88.5	132.5	133.5
#7C7C7C	89	133	125	88.5	89.5	132.5	133.5
#7B7B7B	90	133	124	89.5	90.5	132.5	133.5
#787878	91	133	121	90.5	91.5	132.5	133.5
#757575	92	133	118	91.5	92.5	132.5	133.5
#737373	93	133	116	92.5	93.5	132.5	133.5
#717171	94	133	114	93.5	94.5	132.5	133.5
#707070	95	133	113	94.5	95.5	132.5	133.5
#6C6C6C	96	133	109	95.5	96.5	132.5	133.5
#676767	97	133	104	96.5	97.5	132.5	133.5
#626262	98	133	99	97.5	98.5	132.5	133.5
#595959	99	133	90	98.5	99.5	132.5	133.5
#474747	100	133	72	99.5	100.5	132.5	133.5
#373737	101	133	56	100.5	101.5	132.5	133.5
#343434	102	133	53	101.5	102.5	132.5	133.5
#373737	103	133	56	102.5	103.5	132.5	133.5
#303030	104	133	49	103.5	104.5	132.5	133.5
#232323	105	133	36	104.5	105.5	132.5	133.5
#1D1D1D	106	133	30	105.5	106.5	132.5	133.5
#171717	107	133	24	106.5	107.5	132.5	133.5
#0B0B0B	108	133	12	107.5	108.5	132.5	133.5
#030303	109	133	4	108.5	109.5	132.5	133.5
#010101	110	133	2	109.5	110.5	132.5	133.5
#020202	111	133	3	110.5	111.5	132.5	133.5
#060606	112	133	7	111.5	112.5	132.5	133.5
#070707	113	133	8	112.5	113.5	132.5	133.5
#060606	114	133	7	113.5	114.5	132.5	133.5
#030303	115	133	4	114.5	115.5	132.5	133.5
#040404	116	133	5	115.5	116.5	132.5	133.5
#040404	117	133	5	116.5	117.5	132.5	133.5
#040404	118	133	5	117.5	118.5	132.5	133.5
#050505	119	133	6	118.5	119.5	132.5	133.5
#050505	120	133	6	119.5	120.5	132.5	133.5
#050505	121	133	6	120.5	121.5	132.5	133.5
#050505	122	133	6	121.5	122.5	132.5	133.5
#040404	123	133	5	122.5	123.5	132.5	133.5
#040404	124	133	5	123.5	124.5	132.5	133.5
#040404	125	133	5	124.5	125.5	132.5	133.5
#050505	126	133	6	125.5	126.5	132.5	133.5
#050505	127	133	6	126.5	127.5	132.5	133.5
#050505	128	133	6	127.5	128.5	132.5	133.5
#050505	129	133	6	128.5	129.5	132.5	133.5
#040404	130	133	5	129.5	130.5	132.5	133.5
#040404	131	133	5	130.5	131.5	132.5	133.5
#040404	132	133	5	131.5	132.5	132.5	133.5
#040404	133	133	5	132.5	133.5	132.5	133.5
#040404	134	133	5	133.5	134.5	132.5	133.5
#040404	135	133	5	134.5	135.5	132.5	133.5
#040404	136	133	5	135.5	136.5	132.5	133.5
#040404	137	133	5	136.5	137.5	132.5	133.5
#040404	138	133	5	137.5	138.5	132.5	133.5
#040404	139	133	5	138.5	139.5	132.5	133.5
#010101	0	132	2	-0.5	0.5	131.5	132.5
#020202	1	132	3	0.5	1.5	131.5	132.5
#020202	2	132	3	1.5	2.5	131.5	132.5
#020202	3	132	3	2.5	3.5	131.5	132.5
#030303	4	132	4	3.5	4.5	131.5	132.5
#040404	5	132	5	4.5	5.5	131.5	132.5
#080808	6	132	9	5.5	6.5	131.5	132.5
#0B0B0B	7	132	12	6.5	7.5	131.5	132.5
#0E0E0E	8	132	15	7.5	8.5	131.5	132.5
#111111	9	132	18	8.5	9.5	131.5	132.5
#121212	10	132	19	9.5	10.5	131.5	132.5
#131313	11	132	20	10.5	11.5	131.5	132.5
#131313	12	132	20	11.5	12.5	131.5	132.5
#151515	13	132	22	12.5	13.5	131.5	132.5
#161616	14	132	23	13.5	14.5	131.5	132.5
#171717	15	132	24	14.5	15.5	131.5	132.5
#181818	16	132	25	15.5	16.5	131.5	132.5
#191919	17	132	26	16.5	17.5	131.5	132.5
#1A1A1A	18	132	27	17.5	18.5	131.5	132.5
#1A1A1A	19	132	27	18.5	19.5	131.5	132.5
#161616	20	132	23	19.5	20.5	131.5	132.5
#191919	21	132	26	20.5	21.5	131.5	132.5
#151515	22	132	22	21.5	22.5	131.5	132.5
#181818	23	132	25	22.5	23.5	131.5	132.5
#161616	24	132	23	23.5	24.5	131.5	132.5
#171717	25	132	24	24.5	25.5	131.5	132.5
#171717	26	132	24	25.5	26.5	131.5	132.5
#171717	27	132	24	26.5	27.5	131.5	132.5
#1A1A1A	28	132	27	27.5	28.5	131.5	132.5
#1D1D1D	29	132	30	28.5	29.5	131.5	132.5
#1B1B1B	30	132	28	29.5	30.5	131.5	132.5
#1C1C1C	31	132	29	30.5	31.5	131.5	132.5
#1F1F1F	32	132	32	31.5	32.5	131.5	132.5
#222222	33	132	35	32.5	33.5	131.5	132.5
#1F1F1F	34	132	32	33.5	34.5	131.5	132.5
#1E1E1E	35	132	31	34.5	35.5	131.5	132.5
#252525	36	132	38	35.5	36.5	131.5	132.5
#262626	37	132	39	36.5	37.5	131.5	132.5
#292929	38	132	42	37.5	38.5	131.5	132.5
#2A2A2A	39	132	43	38.5	39.5	131.5	132.5
#2A2A2A	40	132	43	39.5	40.5	131.5	132.5
#2C2C2C	41	132	45	40.5	41.5	131.5	132.5
#2D2D2D	42	132	46	41.5	42.5	131.5	132.5
#303030	43	132	49	42.5	43.5	131.5	132.5
#323232	44	132	51	43.5	44.5	131.5	132.5
#313131	45	132	50	44.5	45.5	131.5	132.5
#303030	46	132	49	45.5	46.5	131.5	132.5
#2D2D2D	47	132	46	46.5	47.5	131.5	132.5
#3F3F3F	48	132	64	47.5	48.5	131.5	132.5
#555555	49	132	86	48.5	49.5	131.5	132.5
#575757	50	132	88	49.5	50.5	131.5	132.5
#595959	51	132	90	50.5	51.5	131.5	132.5
#5A5A5A	52	132	91	51.5	52.5	131.5	132.5
#5D5D5D	53	132	94	52.5	53.5	131.5	132.5
#626262	54	132	99	53.5	54.5	131.5	132.5
#656565	55	132	102	54.5	55.5	131.5	132.5
#696969	56	132	106	55.5	56.5	131.5	132.5
#6C6C6C	57	132	109	56.5	57.5	131.5	132.5
#6E6E6E	58	132	111	57.5	58.5	131.5	132.5
#737373	59	132	116	58.5	59.5	131.5	132.5
#777777	60	132	120	59.5	60.5	131.5	132.5
#797979	61	132	122	60.5	61.5	131.5	132.5
#797979	62	132	122	61.5	62.5	131.5	132.5
#7D7D7D	63	132	126	62.5	63.5	131.5	132.5
#848484	64	132	133	63.5	64.5	131.5	132.5
#888888	65	132	137	64.5	65.5	131.5	132.5
#898989	66	132	138	65.5	66.5	131.5	132.5
#888888	67	132	137	66.5	67.5	131.5	132.5
#888888	68	132	137	67.5	68.5	131.5	132.5
#8A8A8A	69	132	139	68.5	69.5	131.5	132.5
#898989	70	132	138	69.5	70.5	131.5	132.5
#8A8A8A	71	132	139	70.5	71.5	131.5	132.5
#8B8B8B	72	132	140	71.5	72.5	131.5	132.5
#8C8C8C	73	132	141	72.5	73.5	131.5	132.5
#8B8B8B	74	132	140	73.5	74.5	131.5	132.5
#8D8D8D	75	132	142	74.5	75.5	131.5	132.5
#8C8C8C	76	132	141	75.5	76.5	131.5	132.5
#8B8B8B	77	132	140	76.5	77.5	131.5	132.5
#8D8D8D	78	132	142	77.5	78.5	131.5	132.5
#8A8A8A	79	132	139	78.5	79.5	131.5	132.5
#898989	80	132	138	79.5	80.5	131.5	132.5
#8A8A8A	81	132	139	80.5	81.5	131.5	132.5
#8C8C8C	82	132	141	81.5	82.5	131.5	132.5
#8B8B8B	83	132	140	82.5	83.5	131.5	132.5
#8A8A8A	84	132	139	83.5	84.5	131.5	132.5
#898989	85	132	138	84.5	85.5	131.5	132.5
#858585	86	132	134	85.5	86.5	131.5	132.5
#7F7F7F	87	132	128	86.5	87.5	131.5	132.5
#7D7D7D	88	132	126	87.5	88.5	131.5	132.5
#7E7E7E	89	132	127	88.5	89.5	131.5	132.5
#7B7B7B	90	132	124	89.5	90.5	131.5	132.5
#787878	91	132	121	90.5	91.5	131.5	132.5
#767676	92	132	119	91.5	92.5	131.5	132.5
#747474	93	132	117	92.5	93.5	131.5	132.5
#6F6F6F	94	132	112	93.5	94.5	131.5	132.5
#707070	95	132	113	94.5	95.5	131.5	132.5
#6C6C6C	96	132	109	95.5	96.5	131.5	132.5
#666666	97	132	103	96.5	97.5	131.5	132.5
#5E5E5E	98	132	95	97.5	98.5	131.5	132.5
#5A5A5A	99	132	91	98.5	99.5	131.5	132.5
#575757	100	132	88	99.5	100.5	131.5	132.5
#4B4B4B	101	132	76	100.5	101.5	131.5	132.5
#3C3C3C	102	132	61	101.5	102.5	131.5	132.5
#323232	103	132	51	102.5	103.5	131.5	132.5
#292929	104	132	42	103.5	104.5	131.5	132.5
#212121	105	132	34	104.5	105.5	131.5	132.5
#1C1C1C	106	132	29	105.5	106.5	131.5	132.5
#191919	107	132	26	106.5	107.5	131.5	132.5
#0F0F0F	108	132	16	107.5	108.5	131.5	132.5
#060606	109	132	7	108.5	109.5	131.5	132.5
#030303	110	132	4	109.5	110.5	131.5	132.5
#020202	111	132	3	110.5	111.5	131.5	132.5
#040404	112	132	5	111.5	112.5	131.5	132.5
#060606	113	132	7	112.5	113.5	131.5	132.5
#060606	114	132	7	113.5	114.5	131.5	132.5
#030303	115	132	4	114.5	115.5	131.5	132.5
#040404	116	132	5	115.5	116.5	131.5	132.5
#040404	117	132	5	116.5	117.5	131.5	132.5
#040404	118	132	5	117.5	118.5	131.5	132.5
#040404	119	132	5	118.5	119.5	131.5	132.5
#050505	120	132	6	119.5	120.5	131.5	132.5
#050505	121	132	6	120.5	121.5	131.5	132.5
#050505	122	132	6	121.5	122.5	131.5	132.5
#040404	123	132	5	122.5	123.5	131.5	132.5
#040404	124	132	5	123.5	124.5	131.5	132.5
#040404	125	132	5	124.5	125.5	131.5	132.5
#050505	126	132	6	125.5	126.5	131.5	132.5
#050505	127	132	6	126.5	127.5	131.5	132.5
#050505	128	132	6	127.5	128.5	131.5	132.5
#050505	129	132	6	128.5	129.5	131.5	132.5
#050505	130	132	6	129.5	130.5	131.5	132.5
#040404	131	132	5	130.5	131.5	131.5	132.5
#040404	132	132	5	131.5	132.5	131.5	132.5
#040404	133	132	5	132.5	133.5	131.5	132.5
#040404	134	132	5	133.5	134.5	131.5	132.5
#040404	135	132	5	134.5	135.5	131.5	132.5
#040404	136	132	5	135.5	136.5	131.5	132.5
#040404	137	132	5	136.5	137.5	131.5	132.5
#040404	138	132	5	137.5	138.5	131.5	132.5
#040404	139	132	5	138.5	139.5	131.5	132.5
#010101	0	131	2	-0.5	0.5	130.5	131.5
#030303	1	131	4	0.5	1.5	130.5	131.5
#040404	2	131	5	1.5	2.5	130.5	131.5
#070707	3	131	8	2.5	3.5	130.5	131.5
#0C0C0C	4	131	13	3.5	4.5	130.5	131.5
#0E0E0E	5	131	15	4.5	5.5	130.5	131.5
#111111	6	131	18	5.5	6.5	130.5	131.5
#121212	7	131	19	6.5	7.5	130.5	131.5
#131313	8	131	20	7.5	8.5	130.5	131.5
#141414	9	131	21	8.5	9.5	130.5	131.5
#151515	10	131	22	9.5	10.5	130.5	131.5
#161616	11	131	23	10.5	11.5	130.5	131.5
#181818	12	131	25	11.5	12.5	130.5	131.5
#191919	13	131	26	12.5	13.5	130.5	131.5
#191919	14	131	26	13.5	14.5	130.5	131.5
#1A1A1A	15	131	27	14.5	15.5	130.5	131.5
#1B1B1B	16	131	28	15.5	16.5	130.5	131.5
#1D1D1D	17	131	30	16.5	17.5	130.5	131.5
#1D1D1D	18	131	30	17.5	18.5	130.5	131.5
#2B2B2B	19	131	44	18.5	19.5	130.5	131.5
#3F3F3F	20	131	64	19.5	20.5	130.5	131.5
#282828	21	131	41	20.5	21.5	130.5	131.5
#404040	22	131	65	21.5	22.5	130.5	131.5
#2F2F2F	23	131	48	22.5	23.5	130.5	131.5
#3B3B3B	24	131	60	23.5	24.5	130.5	131.5
#373737	25	131	56	24.5	25.5	130.5	131.5
#3E3E3E	26	131	63	25.5	26.5	130.5	131.5
#3E3E3E	27	131	63	26.5	27.5	130.5	131.5
#2E2E2E	28	131	47	27.5	28.5	130.5	131.5
#2A2A2A	29	131	43	28.5	29.5	130.5	131.5
#3B3B3B	30	131	60	29.5	30.5	130.5	131.5
#424242	31	131	67	30.5	31.5	130.5	131.5
#343434	32	131	53	31.5	32.5	130.5	131.5
#2C2C2C	33	131	45	32.5	33.5	130.5	131.5
#404040	34	131	65	33.5	34.5	130.5	131.5
#4A4A4A	35	131	75	34.5	35.5	130.5	131.5
#333333	36	131	52	35.5	36.5	130.5	131.5
#303030	37	131	49	36.5	37.5	130.5	131.5
#333333	38	131	52	37.5	38.5	130.5	131.5
#343434	39	131	53	38.5	39.5	130.5	131.5
#363636	40	131	55	39.5	40.5	130.5	131.5
#383838	41	131	57	40.5	41.5	130.5	131.5
#393939	42	131	58	41.5	42.5	130.5	131.5
#393939	43	131	58	42.5	43.5	130.5	131.5
#3A3A3A	44	131	59	43.5	44.5	130.5	131.5
#393939	45	131	58	44.5	45.5	130.5	131.5
#393939	46	131	58	45.5	46.5	130.5	131.5
#353535	47	131	54	46.5	47.5	130.5	131.5
#3F3F3F	48	131	64	47.5	48.5	130.5	131.5
#565656	49	131	87	48.5	49.5	130.5	131.5
#5A5A5A	50	131	91	49.5	50.5	130.5	131.5
#5B5B5B	51	131	92	50.5	51.5	130.5	131.5
#5D5D5D	52	131	94	51.5	52.5	130.5	131.5
#606060	53	131	97	52.5	53.5	130.5	131.5
#646464	54	131	101	53.5	54.5	130.5	131.5
#686868	55	131	105	54.5	55.5	130.5	131.5
#6C6C6C	56	131	109	55.5	56.5	130.5	131.5
#707070	57	131	113	56.5	57.5	130.5	131.5
#707070	58	131	113	57.5	58.5	130.5	131.5
#747474	59	131	117	58.5	59.5	130.5	131.5
#787878	60	131	121	59.5	60.5	130.5	131.5
#7A7A7A	61	131	123	60.5	61.5	130.5	131.5
#7B7B7B	62	131	124	61.5	62.5	130.5	131.5
#7B7B7B	63	131	124	62.5	63.5	130.5	131.5
#808080	64	131	129	63.5	64.5	130.5	131.5
#858585	65	131	134	64.5	65.5	130.5	131.5
#888888	66	131	137	65.5	66.5	130.5	131.5
#888888	67	131	137	66.5	67.5	130.5	131.5
#898989	68	131	138	67.5	68.5	130.5	131.5
#8B8B8B	69	131	140	68.5	69.5	130.5	131.5
#8B8B8B	70	131	140	69.5	70.5	130.5	131.5
#8B8B8B	71	131	140	70.5	71.5	130.5	131.5
#8A8A8A	72	131	139	71.5	72.5	130.5	131.5
#8A8A8A	73	131	139	72.5	73.5	130.5	131.5
#8C8C8C	74	131	141	73.5	74.5	130.5	131.5
#8C8C8C	75	131	141	74.5	75.5	130.5	131.5
#8C8C8C	76	131	141	75.5	76.5	130.5	131.5
#8B8B8B	77	131	140	76.5	77.5	130.5	131.5
#8C8C8C	78	131	141	77.5	78.5	130.5	131.5
#8C8C8C	79	131	141	78.5	79.5	130.5	131.5
#8C8C8C	80	131	141	79.5	80.5	130.5	131.5
#8B8B8B	81	131	140	80.5	81.5	130.5	131.5
#8A8A8A	82	131	139	81.5	82.5	130.5	131.5
#8A8A8A	83	131	139	82.5	83.5	130.5	131.5
#888888	84	131	137	83.5	84.5	130.5	131.5
#858585	85	131	134	84.5	85.5	130.5	131.5
#838383	86	131	132	85.5	86.5	130.5	131.5
#808080	87	131	129	86.5	87.5	130.5	131.5
#7D7D7D	88	131	126	87.5	88.5	130.5	131.5
#7C7C7C	89	131	125	88.5	89.5	130.5	131.5
#797979	90	131	122	89.5	90.5	130.5	131.5
#777777	91	131	120	90.5	91.5	130.5	131.5
#757575	92	131	118	91.5	92.5	130.5	131.5
#737373	93	131	116	92.5	93.5	130.5	131.5
#707070	94	131	113	93.5	94.5	130.5	131.5
#6E6E6E	95	131	111	94.5	95.5	130.5	131.5
#6B6B6B	96	131	108	95.5	96.5	130.5	131.5
#666666	97	131	103	96.5	97.5	130.5	131.5
#5E5E5E	98	131	95	97.5	98.5	130.5	131.5
#585858	99	131	89	98.5	99.5	130.5	131.5
#545454	100	131	85	99.5	100.5	130.5	131.5
#585858	101	131	89	100.5	101.5	130.5	131.5
#525252	102	131	83	101.5	102.5	130.5	131.5
#363636	103	131	55	102.5	103.5	130.5	131.5
#242424	104	131	37	103.5	104.5	130.5	131.5
#1E1E1E	105	131	31	104.5	105.5	130.5	131.5
#1E1E1E	106	131	31	105.5	106.5	130.5	131.5
#1D1D1D	107	131	30	106.5	107.5	130.5	131.5
#0F0F0F	108	131	16	107.5	108.5	130.5	131.5
#0A0A0A	109	131	11	108.5	109.5	130.5	131.5
#080808	110	131	9	109.5	110.5	130.5	131.5
#030303	111	131	4	110.5	111.5	130.5	131.5
#020202	112	131	3	111.5	112.5	130.5	131.5
#050505	113	131	6	112.5	113.5	130.5	131.5
#060606	114	131	7	113.5	114.5	130.5	131.5
#030303	115	131	4	114.5	115.5	130.5	131.5
#030303	116	131	4	115.5	116.5	130.5	131.5
#040404	117	131	5	116.5	117.5	130.5	131.5
#040404	118	131	5	117.5	118.5	130.5	131.5
#040404	119	131	5	118.5	119.5	130.5	131.5
#040404	120	131	5	119.5	120.5	130.5	131.5
#050505	121	131	6	120.5	121.5	130.5	131.5
#040404	122	131	5	121.5	122.5	130.5	131.5
#040404	123	131	5	122.5	123.5	130.5	131.5
#040404	124	131	5	123.5	124.5	130.5	131.5
#040404	125	131	5	124.5	125.5	130.5	131.5
#050505	126	131	6	125.5	126.5	130.5	131.5
#050505	127	131	6	126.5	127.5	130.5	131.5
#050505	128	131	6	127.5	128.5	130.5	131.5
#040404	129	131	5	128.5	129.5	130.5	131.5
#050505	130	131	6	129.5	130.5	130.5	131.5
#050505	131	131	6	130.5	131.5	130.5	131.5
#040404	132	131	5	131.5	132.5	130.5	131.5
#040404	133	131	5	132.5	133.5	130.5	131.5
#040404	134	131	5	133.5	134.5	130.5	131.5
#040404	135	131	5	134.5	135.5	130.5	131.5
#040404	136	131	5	135.5	136.5	130.5	131.5
#040404	137	131	5	136.5	137.5	130.5	131.5
#040404	138	131	5	137.5	138.5	130.5	131.5
#040404	139	131	5	138.5	139.5	130.5	131.5
#030303	0	130	4	-0.5	0.5	129.5	130.5
#080808	1	130	9	0.5	1.5	129.5	130.5
#0B0B0B	2	130	12	1.5	2.5	129.5	130.5
#0E0E0E	3	130	15	2.5	3.5	129.5	130.5
#101010	4	130	17	3.5	4.5	129.5	130.5
#121212	5	130	19	4.5	5.5	129.5	130.5
#141414	6	130	21	5.5	6.5	129.5	130.5
#151515	7	130	22	6.5	7.5	129.5	130.5
#161616	8	130	23	7.5	8.5	129.5	130.5
#171717	9	130	24	8.5	9.5	129.5	130.5
#181818	10	130	25	9.5	10.5	129.5	130.5
#1A1A1A	11	130	27	10.5	11.5	129.5	130.5
#1A1A1A	12	130	27	11.5	12.5	129.5	130.5
#1C1C1C	13	130	29	12.5	13.5	129.5	130.5
#1C1C1C	14	130	29	13.5	14.5	129.5	130.5
#1D1D1D	15	130	30	14.5	15.5	129.5	130.5
#1F1F1F	16	130	32	15.5	16.5	129.5	130.5
#212121	17	130	34	16.5	17.5	129.5	130.5
#1C1C1C	18	130	29	17.5	18.5	129.5	130.5
#555555	19	130	86	18.5	19.5	129.5	130.5
#9A9A9A	20	130	155	19.5	20.5	129.5	130.5
#818181	21	130	130	20.5	21.5	129.5	130.5
#737373	22	130	116	21.5	22.5	129.5	130.5
#797979	23	130	122	22.5	23.5	129.5	130.5
#979797	24	130	152	23.5	24.5	129.5	130.5
#838383	25	130	132	24.5	25.5	129.5	130.5
#7D7D7D	26	130	126	25.5	26.5	129.5	130.5
#6F6F6F	27	130	112	26.5	27.5	129.5	130.5
#767676	28	130	119	27.5	28.5	129.5	130.5
#6C6C6C	29	130	109	28.5	29.5	129.5	130.5
#858585	30	130	134	29.5	30.5	129.5	130.5
#999999	31	130	154	30.5	31.5	129.5	130.5
#7E7E7E	32	130	127	31.5	32.5	129.5	130.5
#424242	33	130	67	32.5	33.5	129.5	130.5
#898989	34	130	138	33.5	34.5	129.5	130.5
#828282	35	130	131	34.5	35.5	129.5	130.5
#3D3D3D	36	130	62	35.5	36.5	129.5	130.5
#3A3A3A	37	130	59	36.5	37.5	129.5	130.5
#3D3D3D	38	130	62	37.5	38.5	129.5	130.5
#3E3E3E	39	130	63	38.5	39.5	129.5	130.5
#3F3F3F	40	130	64	39.5	40.5	129.5	130.5
#414141	41	130	66	40.5	41.5	129.5	130.5
#424242	42	130	67	41.5	42.5	129.5	130.5
#414141	43	130	66	42.5	43.5	129.5	130.5
#414141	44	130	66	43.5	44.5	129.5	130.5
#414141	45	130	66	44.5	45.5	129.5	130.5
#414141	46	130	66	45.5	46.5	129.5	130.5
#3E3E3E	47	130	63	46.5	47.5	129.5	130.5
#414141	48	130	66	47.5	48.5	129.5	130.5
#555555	49	130	86	48.5	49.5	129.5	130.5
#5B5B5B	50	130	92	49.5	50.5	129.5	130.5
#5D5D5D	51	130	94	50.5	51.5	129.5	130.5
#5E5E5E	52	130	95	51.5	52.5	129.5	130.5
#616161	53	130	98	52.5	53.5	129.5	130.5
#646464	54	130	101	53.5	54.5	129.5	130.5
#6A6A6A	55	130	107	54.5	55.5	129.5	130.5
#6F6F6F	56	130	112	55.5	56.5	129.5	130.5
#707070	57	130	113	56.5	57.5	129.5	130.5
#737373	58	130	116	57.5	58.5	129.5	130.5
#757575	59	130	118	58.5	59.5	129.5	130.5
#777777	60	130	120	59.5	60.5	129.5	130.5
#7B7B7B	61	130	124	60.5	61.5	129.5	130.5
#7B7B7B	62	130	124	61.5	62.5	129.5	130.5
#7B7B7B	63	130	124	62.5	63.5	129.5	130.5
#7C7C7C	64	130	125	63.5	64.5	129.5	130.5
#808080	65	130	129	64.5	65.5	129.5	130.5
#858585	66	130	134	65.5	66.5	129.5	130.5
#868686	67	130	135	66.5	67.5	129.5	130.5
#878787	68	130	136	67.5	68.5	129.5	130.5
#898989	69	130	138	68.5	69.5	129.5	130.5
#8A8A8A	70	130	139	69.5	70.5	129.5	130.5
#8A8A8A	71	130	139	70.5	71.5	129.5	130.5
#8A8A8A	72	130	139	71.5	72.5	129.5	130.5
#898989	73	130	138	72.5	73.5	129.5	130.5
#8C8C8C	74	130	141	73.5	74.5	129.5	130.5
#8C8C8C	75	130	141	74.5	75.5	129.5	130.5
#8A8A8A	76	130	139	75.5	76.5	129.5	130.5
#8A8A8A	77	130	139	76.5	77.5	129.5	130.5
#8A8A8A	78	130	139	77.5	78.5	129.5	130.5
#8C8C8C	79	130	141	78.5	79.5	129.5	130.5
#8D8D8D	80	130	142	79.5	80.5	129.5	130.5
#8B8B8B	81	130	140	80.5	81.5	129.5	130.5
#898989	82	130	138	81.5	82.5	129.5	130.5
#868686	83	130	135	82.5	83.5	129.5	130.5
#838383	84	130	132	83.5	84.5	129.5	130.5
#828282	85	130	131	84.5	85.5	129.5	130.5
#808080	86	130	129	85.5	86.5	129.5	130.5
#808080	87	130	129	86.5	87.5	129.5	130.5
#7C7C7C	88	130	125	87.5	88.5	129.5	130.5
#7B7B7B	89	130	124	88.5	89.5	129.5	130.5
#787878	90	130	121	89.5	90.5	129.5	130.5
#767676	91	130	119	90.5	91.5	129.5	130.5
#757575	92	130	118	91.5	92.5	129.5	130.5
#737373	93	130	116	92.5	93.5	129.5	130.5
#707070	94	130	113	93.5	94.5	129.5	130.5
#6E6E6E	95	130	111	94.5	95.5	129.5	130.5
#6B6B6B	96	130	108	95.5	96.5	129.5	130.5
#666666	97	130	103	96.5	97.5	129.5	130.5
#5F5F5F	98	130	96	97.5	98.5	129.5	130.5
#595959	99	130	90	98.5	99.5	129.5	130.5
#565656	100	130	87	99.5	100.5	129.5	130.5
#595959	101	130	90	100.5	101.5	129.5	130.5
#555555	102	130	86	101.5	102.5	129.5	130.5
#484848	103	130	73	102.5	103.5	129.5	130.5
#343434	104	130	53	103.5	104.5	129.5	130.5
#1E1E1E	105	130	31	104.5	105.5	129.5	130.5
#181818	106	130	25	105.5	106.5	129.5	130.5
#191919	107	130	26	106.5	107.5	129.5	130.5
#121212	108	130	19	107.5	108.5	129.5	130.5
#0F0F0F	109	130	16	108.5	109.5	129.5	130.5
#0B0B0B	110	130	12	109.5	110.5	129.5	130.5
#080808	111	130	9	110.5	111.5	129.5	130.5
#050505	112	130	6	111.5	112.5	129.5	130.5
#040404	113	130	5	112.5	113.5	129.5	130.5
#050505	114	130	6	113.5	114.5	129.5	130.5
#040404	115	130	5	114.5	115.5	129.5	130.5
#030303	116	130	4	115.5	116.5	129.5	130.5
#040404	117	130	5	116.5	117.5	129.5	130.5
#040404	118	130	5	117.5	118.5	129.5	130.5
#040404	119	130	5	118.5	119.5	129.5	130.5
#040404	120	130	5	119.5	120.5	129.5	130.5
#050505	121	130	6	120.5	121.5	129.5	130.5
#050505	122	130	6	121.5	122.5	129.5	130.5
#040404	123	130	5	122.5	123.5	129.5	130.5
#040404	124	130	5	123.5	124.5	129.5	130.5
#040404	125	130	5	124.5	125.5	129.5	130.5
#040404	126	130	5	125.5	126.5	129.5	130.5
#050505	127	130	6	126.5	127.5	129.5	130.5
#040404	128	130	5	127.5	128.5	129.5	130.5
#050505	129	130	6	128.5	129.5	129.5	130.5
#050505	130	130	6	129.5	130.5	129.5	130.5
#040404	131	130	5	130.5	131.5	129.5	130.5
#050505	132	130	6	131.5	132.5	129.5	130.5
#040404	133	130	5	132.5	133.5	129.5	130.5
#040404	134	130	5	133.5	134.5	129.5	130.5
#040404	135	130	5	134.5	135.5	129.5	130.5
#040404	136	130	5	135.5	136.5	129.5	130.5
#040404	137	130	5	136.5	137.5	129.5	130.5
#040404	138	130	5	137.5	138.5	129.5	130.5
#040404	139	130	5	138.5	139.5	129.5	130.5
#060606	0	129	7	-0.5	0.5	128.5	129.5
#0A0A0A	1	129	11	0.5	1.5	128.5	129.5
#0D0D0D	2	129	14	1.5	2.5	128.5	129.5
#0F0F0F	3	129	16	2.5	3.5	128.5	129.5
#111111	4	129	18	3.5	4.5	128.5	129.5
#141414	5	129	21	4.5	5.5	128.5	129.5
#161616	6	129	23	5.5	6.5	128.5	129.5
#181818	7	129	25	6.5	7.5	128.5	129.5
#191919	8	129	26	7.5	8.5	128.5	129.5
#191919	9	129	26	8.5	9.5	128.5	129.5
#1C1C1C	10	129	29	9.5	10.5	128.5	129.5
#1C1C1C	11	129	29	10.5	11.5	128.5	129.5
#1E1E1E	12	129	31	11.5	12.5	128.5	129.5
#202020	13	129	33	12.5	13.5	128.5	129.5
#212121	14	129	34	13.5	14.5	128.5	129.5
#212121	15	129	34	14.5	15.5	128.5	129.5
#222222	16	129	35	15.5	16.5	128.5	129.5
#242424	17	129	37	16.5	17.5	128.5	129.5
#1E1E1E	18	129	31	17.5	18.5	128.5	129.5
#606060	19	129	97	18.5	19.5	128.5	129.5
#888888	20	129	137	19.5	20.5	128.5	129.5
#747474	21	129	117	20.5	21.5	128.5	129.5
#626262	22	129	99	21.5	22.5	128.5	129.5
#828282	23	129	131	22.5	23.5	128.5	129.5
#A5A5A5	24	129	166	23.5	24.5	128.5	129.5
#868686	25	129	135	24.5	25.5	128.5	129.5
#5C5C5C	26	129	93	25.5	26.5	128.5	129.5
#636363	27	129	100	26.5	27.5	128.5	129.5
#9B9B9B	28	129	156	27.5	28.5	128.5	129.5
#979797	29	129	152	28.5	29.5	128.5	129.5
#959595	30	129	150	29.5	30.5	128.5	129.5
#9F9F9F	31	129	160	30.5	31.5	128.5	129.5
#999999	32	129	154	31.5	32.5	128.5	129.5
#5F5F5F	33	129	96	32.5	33.5	128.5	129.5
#989898	34	129	153	33.5	34.5	128.5	129.5
#808080	35	129	129	34.5	35.5	128.5	129.5
#444444	36	129	69	35.5	36.5	128.5	129.5
#424242	37	129	67	36.5	37.5	128.5	129.5
#444444	38	129	69	37.5	38.5	128.5	129.5
#464646	39	129	71	38.5	39.5	128.5	129.5
#454545	40	129	70	39.5	40.5	128.5	129.5
#464646	41	129	71	40.5	41.5	128.5	129.5
#474747	42	129	72	41.5	42.5	128.5	129.5
#484848	43	129	73	42.5	43.5	128.5	129.5
#494949	44	129	74	43.5	44.5	128.5	129.5
#484848	45	129	73	44.5	45.5	128.5	129.5
#474747	46	129	72	45.5	46.5	128.5	129.5
#454545	47	129	70	46.5	47.5	128.5	129.5
#434343	48	129	68	47.5	48.5	128.5	129.5
#535353	49	129	84	48.5	49.5	128.5	129.5
#5D5D5D	50	129	94	49.5	50.5	128.5	129.5
#606060	51	129	97	50.5	51.5	128.5	129.5
#616161	52	129	98	51.5	52.5	128.5	129.5
#636363	53	129	100	52.5	53.5	128.5	129.5
#666666	54	129	103	53.5	54.5	128.5	129.5
#696969	55	129	106	54.5	55.5	128.5	129.5
#6E6E6E	56	129	111	55.5	56.5	128.5	129.5
#707070	57	129	113	56.5	57.5	128.5	129.5
#717171	58	129	114	57.5	58.5	128.5	129.5
#737373	59	129	116	58.5	59.5	128.5	129.5
#747474	60	129	117	59.5	60.5	128.5	129.5
#797979	61	129	122	60.5	61.5	128.5	129.5
#7B7B7B	62	129	124	61.5	62.5	128.5	129.5
#7B7B7B	63	129	124	62.5	63.5	128.5	129.5
#7C7C7C	64	129	125	63.5	64.5	128.5	129.5
#7E7E7E	65	129	127	64.5	65.5	128.5	129.5
#808080	66	129	129	65.5	66.5	128.5	129.5
#808080	67	129	129	66.5	67.5	128.5	129.5
#838383	68	129	132	67.5	68.5	128.5	129.5
#858585	69	129	134	68.5	69.5	128.5	129.5
#868686	70	129	135	69.5	70.5	128.5	129.5
#878787	71	129	136	70.5	71.5	128.5	129.5
#888888	72	129	137	71.5	72.5	128.5	129.5
#888888	73	129	137	72.5	73.5	128.5	129.5
#8A8A8A	74	129	139	73.5	74.5	128.5	129.5
#888888	75	129	137	74.5	75.5	128.5	129.5
#878787	76	129	136	75.5	76.5	128.5	129.5
#868686	77	129	135	76.5	77.5	128.5	129.5
#858585	78	129	134	77.5	78.5	128.5	129.5
#868686	79	129	135	78.5	79.5	128.5	129.5
#898989	80	129	138	79.5	80.5	128.5	129.5
#888888	81	129	137	80.5	81.5	128.5	129.5
#858585	82	129	134	81.5	82.5	128.5	129.5
#858585	83	129	134	82.5	83.5	128.5	129.5
#838383	84	129	132	83.5	84.5	128.5	129.5
#838383	85	129	132	84.5	85.5	128.5	129.5
#828282	86	129	131	85.5	86.5	128.5	129.5
#7F7F7F	87	129	128	86.5	87.5	128.5	129.5
#7B7B7B	88	129	124	87.5	88.5	128.5	129.5
#797979	89	129	122	88.5	89.5	128.5	129.5
#777777	90	129	120	89.5	90.5	128.5	129.5
#757575	91	129	118	90.5	91.5	128.5	129.5
#747474	92	129	117	91.5	92.5	128.5	129.5
#727272	93	129	115	92.5	93.5	128.5	129.5
#6F6F6F	94	129	112	93.5	94.5	128.5	129.5
#6C6C6C	95	129	109	94.5	95.5	128.5	129.5
#686868	96	129	105	95.5	96.5	128.5	129.5
#656565	97	129	102	96.5	97.5	128.5	129.5
#606060	98	129	97	97.5	98.5	128.5	129.5
#5C5C5C	99	129	93	98.5	99.5	128.5	129.5
#5C5C5C	100	129	93	99.5	100.5	128.5	129.5
#595959	101	129	90	100.5	101.5	128.5	129.5
#525252	102	129	83	101.5	102.5	128.5	129.5
#4C4C4C	103	129	77	102.5	103.5	128.5	129.5
#454545	104	129	70	103.5	104.5	128.5	129.5
#333333	105	129	52	104.5	105.5	128.5	129.5
#1E1E1E	106	129	31	105.5	106.5	128.5	129.5
#121212	107	129	19	106.5	107.5	128.5	129.5
#0E0E0E	108	129	15	107.5	108.5	128.5	129.5
#0F0F0F	109	129	16	108.5	109.5	128.5	129.5
#0F0F0F	110	129	16	109.5	110.5	128.5	129.5
#0D0D0D	111	129	14	110.5	111.5	128.5	129.5
#0A0A0A	112	129	11	111.5	112.5	128.5	129.5
#080808	113	129	9	112.5	113.5	128.5	129.5
#050505	114	129	6	113.5	114.5	128.5	129.5
#040404	115	129	5	114.5	115.5	128.5	129.5
#030303	116	129	4	115.5	116.5	128.5	129.5
#030303	117	129	4	116.5	117.5	128.5	129.5
#030303	118	129	4	117.5	118.5	128.5	129.5
#040404	119	129	5	118.5	119.5	128.5	129.5
#040404	120	129	5	119.5	120.5	128.5	129.5
#040404	121	129	5	120.5	121.5	128.5	129.5
#040404	122	129	5	121.5	122.5	128.5	129.5
#040404	123	129	5	122.5	123.5	128.5	129.5
#050505	124	129	6	123.5	124.5	128.5	129.5
#050505	125	129	6	124.5	125.5	128.5	129.5
#050505	126	129	6	125.5	126.5	128.5	129.5
#050505	127	129	6	126.5	127.5	128.5	129.5
#040404	128	129	5	127.5	128.5	128.5	129.5
#040404	129	129	5	128.5	129.5	128.5	129.5
#040404	130	129	5	129.5	130.5	128.5	129.5
#050505	131	129	6	130.5	131.5	128.5	129.5
#050505	132	129	6	131.5	132.5	128.5	129.5
#050505	133	129	6	132.5	133.5	128.5	129.5
#040404	134	129	5	133.5	134.5	128.5	129.5
#040404	135	129	5	134.5	135.5	128.5	129.5
#040404	136	129	5	135.5	136.5	128.5	129.5
#040404	137	129	5	136.5	137.5	128.5	129.5
#040404	138	129	5	137.5	138.5	128.5	129.5
#040404	139	129	5	138.5	139.5	128.5	129.5
#070707	0	128	8	-0.5	0.5	127.5	128.5
#0A0A0A	1	128	11	0.5	1.5	127.5	128.5
#0D0D0D	2	128	14	1.5	2.5	127.5	128.5
#0F0F0F	3	128	16	2.5	3.5	127.5	128.5
#121212	4	128	19	3.5	4.5	127.5	128.5
#151515	5	128	22	4.5	5.5	127.5	128.5
#171717	6	128	24	5.5	6.5	127.5	128.5
#191919	7	128	26	6.5	7.5	127.5	128.5
#191919	8	128	26	7.5	8.5	127.5	128.5
#1B1B1B	9	128	28	8.5	9.5	127.5	128.5
#1E1E1E	10	128	31	9.5	10.5	127.5	128.5
#202020	11	128	33	10.5	11.5	127.5	128.5
#212121	12	128	34	11.5	12.5	127.5	128.5
#212121	13	128	34	12.5	13.5	127.5	128.5
#222222	14	128	35	13.5	14.5	127.5	128.5
#242424	15	128	37	14.5	15.5	127.5	128.5
#272727	16	128	40	15.5	16.5	127.5	128.5
#292929	17	128	42	16.5	17.5	127.5	128.5
#242424	18	128	37	17.5	18.5	127.5	128.5
#444444	19	128	69	18.5	19.5	127.5	128.5
#3A3A3A	20	128	59	19.5	20.5	127.5	128.5
#373737	21	128	56	20.5	21.5	127.5	128.5
#787878	22	128	121	21.5	22.5	127.5	128.5
#5E5E5E	23	128	95	22.5	23.5	127.5	128.5
#4F4F4F	24	128	80	23.5	24.5	127.5	128.5
#555555	25	128	86	24.5	25.5	127.5	128.5
#505050	26	128	81	25.5	26.5	127.5	128.5
#575757	27	128	88	26.5	27.5	127.5	128.5
#5C5C5C	28	128	93	27.5	28.5	127.5	128.5
#616161	29	128	98	28.5	29.5	127.5	128.5
#777777	30	128	120	29.5	30.5	127.5	128.5
#767676	31	128	119	30.5	31.5	127.5	128.5
#747474	32	128	117	31.5	32.5	127.5	128.5
#7C7C7C	33	128	125	32.5	33.5	127.5	128.5
#7B7B7B	34	128	124	33.5	34.5	127.5	128.5
#777777	35	128	120	34.5	35.5	127.5	128.5
#4D4D4D	36	128	78	35.5	36.5	127.5	128.5
#484848	37	128	73	36.5	37.5	127.5	128.5
#494949	38	128	74	37.5	38.5	127.5	128.5
#4B4B4B	39	128	76	38.5	39.5	127.5	128.5
#4B4B4B	40	128	76	39.5	40.5	127.5	128.5
#4C4C4C	41	128	77	40.5	41.5	127.5	128.5
#4D4D4D	42	128	78	41.5	42.5	127.5	128.5
#4D4D4D	43	128	78	42.5	43.5	127.5	128.5
#4C4C4C	44	128	77	43.5	44.5	127.5	128.5
#4C4C4C	45	128	77	44.5	45.5	127.5	128.5
#4C4C4C	46	128	77	45.5	46.5	127.5	128.5
#4A4A4A	47	128	75	46.5	47.5	127.5	128.5
#464646	48	128	71	47.5	48.5	127.5	128.5
#505050	49	128	81	48.5	49.5	127.5	128.5
#5F5F5F	50	128	96	49.5	50.5	127.5	128.5
#616161	51	128	98	50.5	51.5	127.5	128.5
#646464	52	128	101	51.5	52.5	127.5	128.5
#646464	53	128	101	52.5	53.5	127.5	128.5
#666666	54	128	103	53.5	54.5	127.5	128.5
#6A6A6A	55	128	107	54.5	55.5	127.5	128.5
#6D6D6D	56	128	110	55.5	56.5	127.5	128.5
#6E6E6E	57	128	111	56.5	57.5	127.5	128.5
#707070	58	128	113	57.5	58.5	127.5	128.5
#727272	59	128	115	58.5	59.5	127.5	128.5
#737373	60	128	116	59.5	60.5	127.5	128.5
#777777	61	128	120	60.5	61.5	127.5	128.5
#7A7A7A	62	128	123	61.5	62.5	127.5	128.5
#7B7B7B	63	128	124	62.5	63.5	127.5	128.5
#7C7C7C	64	128	125	63.5	64.5	127.5	128.5
#7C7C7C	65	128	125	64.5	65.5	127.5	128.5
#7E7E7E	66	128	127	65.5	66.5	127.5	128.5
#7F7F7F	67	128	128	66.5	67.5	127.5	128.5
#808080	68	128	129	67.5	68.5	127.5	128.5
#828282	69	128	131	68.5	69.5	127.5	128.5
#858585	70	128	134	69.5	70.5	127.5	128.5
#858585	71	128	134	70.5	71.5	127.5	128.5
#868686	72	128	135	71.5	72.5	127.5	128.5
#868686	73	128	135	72.5	73.5	127.5	128.5
#858585	74	128	134	73.5	74.5	127.5	128.5
#838383	75	128	132	74.5	75.5	127.5	128.5
#828282	76	128	131	75.5	76.5	127.5	128.5
#818181	77	128	130	76.5	77.5	127.5	128.5
#808080	78	128	129	77.5	78.5	127.5	128.5
#818181	79	128	130	78.5	79.5	127.5	128.5
#858585	80	128	134	79.5	80.5	127.5	128.5
#868686	81	128	135	80.5	81.5	127.5	128.5
#848484	82	128	133	81.5	82.5	127.5	128.5
#848484	83	128	133	82.5	83.5	127.5	128.5
#818181	84	128	130	83.5	84.5	127.5	128.5
#808080	85	128	129	84.5	85.5	127.5	128.5
#818181	86	128	130	85.5	86.5	127.5	128.5
#7D7D7D	87	128	126	86.5	87.5	127.5	128.5
#7C7C7C	88	128	125	87.5	88.5	127.5	128.5
#787878	89	128	121	88.5	89.5	127.5	128.5
#747474	90	128	117	89.5	90.5	127.5	128.5
#747474	91	128	117	90.5	91.5	127.5	128.5
#737373	92	128	116	91.5	92.5	127.5	128.5
#707070	93	128	113	92.5	93.5	127.5	128.5
#6D6D6D	94	128	110	93.5	94.5	127.5	128.5
#6B6B6B	95	128	108	94.5	95.5	127.5	128.5
#676767	96	128	104	95.5	96.5	127.5	128.5
#636363	97	128	100	96.5	97.5	127.5	128.5
#606060	98	128	97	97.5	98.5	127.5	128.5
#5F5F5F	99	128	96	98.5	99.5	127.5	128.5
#5C5C5C	100	128	93	99.5	100.5	127.5	128.5
#585858	101	128	89	100.5	101.5	127.5	128.5
#545454	102	128	85	101.5	102.5	127.5	128.5
#4F4F4F	103	128	80	102.5	103.5	127.5	128.5
#474747	104	128	72	103.5	104.5	127.5	128.5
#414141	105	128	66	104.5	105.5	127.5	128.5
#363636	106	128	55	105.5	106.5	127.5	128.5
#1D1D1D	107	128	30	106.5	107.5	127.5	128.5
#0F0F0F	108	128	16	107.5	108.5	127.5	128.5
#0C0C0C	109	128	13	108.5	109.5	127.5	128.5
#0B0B0B	110	128	12	109.5	110.5	127.5	128.5
#0C0C0C	111	128	13	110.5	111.5	127.5	128.5
#0C0C0C	112	128	13	111.5	112.5	127.5	128.5
#0C0C0C	113	128	13	112.5	113.5	127.5	128.5
#0A0A0A	114	128	11	113.5	114.5	127.5	128.5
#040404	115	128	5	114.5	115.5	127.5	128.5
#020202	116	128	3	115.5	116.5	127.5	128.5
#030303	117	128	4	116.5	117.5	127.5	128.5
#030303	118	128	4	117.5	118.5	127.5	128.5
#040404	119	128	5	118.5	119.5	127.5	128.5
#040404	120	128	5	119.5	120.5	127.5	128.5
#040404	121	128	5	120.5	121.5	127.5	128.5
#040404	122	128	5	121.5	122.5	127.5	128.5
#050505	123	128	6	122.5	123.5	127.5	128.5
#040404	124	128	5	123.5	124.5	127.5	128.5
#040404	125	128	5	124.5	125.5	127.5	128.5
#040404	126	128	5	125.5	126.5	127.5	128.5
#040404	127	128	5	126.5	127.5	127.5	128.5
#050505	128	128	6	127.5	128.5	127.5	128.5
#040404	129	128	5	128.5	129.5	127.5	128.5
#040404	130	128	5	129.5	130.5	127.5	128.5
#050505	131	128	6	130.5	131.5	127.5	128.5
#050505	132	128	6	131.5	132.5	127.5	128.5
#050505	133	128	6	132.5	133.5	127.5	128.5
#050505	134	128	6	133.5	134.5	127.5	128.5
#040404	135	128	5	134.5	135.5	127.5	128.5
#040404	136	128	5	135.5	136.5	127.5	128.5
#040404	137	128	5	136.5	137.5	127.5	128.5
#040404	138	128	5	137.5	138.5	127.5	128.5
#040404	139	128	5	138.5	139.5	127.5	128.5
#000000	0	127	1	-0.5	0.5	126.5	127.5
#060606	1	127	7	0.5	1.5	126.5	127.5
#0D0D0D	2	127	14	1.5	2.5	126.5	127.5
#0F0F0F	3	127	16	2.5	3.5	126.5	127.5
#111111	4	127	18	3.5	4.5	126.5	127.5
#161616	5	127	23	4.5	5.5	126.5	127.5
#181818	6	127	25	5.5	6.5	126.5	127.5
#1A1A1A	7	127	27	6.5	7.5	126.5	127.5
#1C1C1C	8	127	29	7.5	8.5	126.5	127.5
#202020	9	127	33	8.5	9.5	126.5	127.5
#222222	10	127	35	9.5	10.5	126.5	127.5
#222222	11	127	35	10.5	11.5	126.5	127.5
#232323	12	127	36	11.5	12.5	126.5	127.5
#252525	13	127	38	12.5	13.5	126.5	127.5
#262626	14	127	39	13.5	14.5	126.5	127.5
#272727	15	127	40	14.5	15.5	126.5	127.5
#2C2C2C	16	127	45	15.5	16.5	126.5	127.5
#2B2B2B	17	127	44	16.5	17.5	126.5	127.5
#2B2B2B	18	127	44	17.5	18.5	126.5	127.5
#2B2B2B	19	127	44	18.5	19.5	126.5	127.5
#2D2D2D	20	127	46	19.5	20.5	126.5	127.5
#2F2F2F	21	127	48	20.5	21.5	126.5	127.5
#2E2E2E	22	127	47	21.5	22.5	126.5	127.5
#2F2F2F	23	127	48	22.5	23.5	126.5	127.5
#313131	24	127	50	23.5	24.5	126.5	127.5
#323232	25	127	51	24.5	25.5	126.5	127.5
#363636	26	127	55	25.5	26.5	126.5	127.5
#373737	27	127	56	26.5	27.5	126.5	127.5
#383838	28	127	57	27.5	28.5	126.5	127.5
#3A3A3A	29	127	59	28.5	29.5	126.5	127.5
#3D3D3D	30	127	62	29.5	30.5	126.5	127.5
#3F3F3F	31	127	64	30.5	31.5	126.5	127.5
#414141	32	127	66	31.5	32.5	126.5	127.5
#444444	33	127	69	32.5	33.5	126.5	127.5
#444444	34	127	69	33.5	34.5	126.5	127.5
#474747	35	127	72	34.5	35.5	126.5	127.5
#4A4A4A	36	127	75	35.5	36.5	126.5	127.5
#4B4B4B	37	127	76	36.5	37.5	126.5	127.5
#4C4C4C	38	127	77	37.5	38.5	126.5	127.5
#4D4D4D	39	127	78	38.5	39.5	126.5	127.5
#4E4E4E	40	127	79	39.5	40.5	126.5	127.5
#505050	41	127	81	40.5	41.5	126.5	127.5
#505050	42	127	81	41.5	42.5	126.5	127.5
#505050	43	127	81	42.5	43.5	126.5	127.5
#4E4E4E	44	127	79	43.5	44.5	126.5	127.5
#4F4F4F	45	127	80	44.5	45.5	126.5	127.5
#505050	46	127	81	45.5	46.5	126.5	127.5
#4F4F4F	47	127	80	46.5	47.5	126.5	127.5
#4B4B4B	48	127	76	47.5	48.5	126.5	127.5
#4F4F4F	49	127	80	48.5	49.5	126.5	127.5
#5E5E5E	50	127	95	49.5	50.5	126.5	127.5
#626262	51	127	99	50.5	51.5	126.5	127.5
#646464	52	127	101	51.5	52.5	126.5	127.5
#656565	53	127	102	52.5	53.5	126.5	127.5
#676767	54	127	104	53.5	54.5	126.5	127.5
#6A6A6A	55	127	107	54.5	55.5	126.5	127.5
#6C6C6C	56	127	109	55.5	56.5	126.5	127.5
#6D6D6D	57	127	110	56.5	57.5	126.5	127.5
#6E6E6E	58	127	111	57.5	58.5	126.5	127.5
#6F6F6F	59	127	112	58.5	59.5	126.5	127.5
#727272	60	127	115	59.5	60.5	126.5	127.5
#757575	61	127	118	60.5	61.5	126.5	127.5
#767676	62	127	119	61.5	62.5	126.5	127.5
#7A7A7A	63	127	123	62.5	63.5	126.5	127.5
#7C7C7C	64	127	125	63.5	64.5	126.5	127.5
#7C7C7C	65	127	125	64.5	65.5	126.5	127.5
#7C7C7C	66	127	125	65.5	66.5	126.5	127.5
#7D7D7D	67	127	126	66.5	67.5	126.5	127.5
#818181	68	127	130	67.5	68.5	126.5	127.5
#828282	69	127	131	68.5	69.5	126.5	127.5
#848484	70	127	133	69.5	70.5	126.5	127.5
#838383	71	127	132	70.5	71.5	126.5	127.5
#848484	72	127	133	71.5	72.5	126.5	127.5
#848484	73	127	133	72.5	73.5	126.5	127.5
#818181	74	127	130	73.5	74.5	126.5	127.5
#7F7F7F	75	127	128	74.5	75.5	126.5	127.5
#7E7E7E	76	127	127	75.5	76.5	126.5	127.5
#818181	77	127	130	76.5	77.5	126.5	127.5
#858585	78	127	134	77.5	78.5	126.5	127.5
#838383	79	127	132	78.5	79.5	126.5	127.5
#838383	80	127	132	79.5	80.5	126.5	127.5
#838383	81	127	132	80.5	81.5	126.5	127.5
#868686	82	127	135	81.5	82.5	126.5	127.5
#858585	83	127	134	82.5	83.5	126.5	127.5
#828282	84	127	131	83.5	84.5	126.5	127.5
#808080	85	127	129	84.5	85.5	126.5	127.5
#808080	86	127	129	85.5	86.5	126.5	127.5
#7D7D7D	87	127	126	86.5	87.5	126.5	127.5
#7A7A7A	88	127	123	87.5	88.5	126.5	127.5
#767676	89	127	119	88.5	89.5	126.5	127.5
#727272	90	127	115	89.5	90.5	126.5	127.5
#737373	91	127	116	90.5	91.5	126.5	127.5
#727272	92	127	115	91.5	92.5	126.5	127.5
#6F6F6F	93	127	112	92.5	93.5	126.5	127.5
#6D6D6D	94	127	110	93.5	94.5	126.5	127.5
#6A6A6A	95	127	107	94.5	95.5	126.5	127.5
#666666	96	127	103	95.5	96.5	126.5	127.5
#646464	97	127	101	96.5	97.5	126.5	127.5
#646464	98	127	101	97.5	98.5	126.5	127.5
#616161	99	127	98	98.5	99.5	126.5	127.5
#5A5A5A	100	127	91	99.5	100.5	126.5	127.5
#575757	101	127	88	100.5	101.5	126.5	127.5
#545454	102	127	85	101.5	102.5	126.5	127.5
#505050	103	127	81	102.5	103.5	126.5	127.5
#4B4B4B	104	127	76	103.5	104.5	126.5	127.5
#484848	105	127	73	104.5	105.5	126.5	127.5
#3D3D3D	106	127	62	105.5	106.5	126.5	127.5
#2C2C2C	107	127	45	106.5	107.5	126.5	127.5
#202020	108	127	33	107.5	108.5	126.5	127.5
#151515	109	127	22	108.5	109.5	126.5	127.5
#0D0D0D	110	127	14	109.5	110.5	126.5	127.5
#0A0A0A	111	127	11	110.5	111.5	126.5	127.5
#0B0B0B	112	127	12	111.5	112.5	126.5	127.5
#0D0D0D	113	127	14	112.5	113.5	126.5	127.5
#101010	114	127	17	113.5	114.5	126.5	127.5
#090909	115	127	10	114.5	115.5	126.5	127.5
#020202	116	127	3	115.5	116.5	126.5	127.5
#020202	117	127	3	116.5	117.5	126.5	127.5
#030303	118	127	4	117.5	118.5	126.5	127.5
#030303	119	127	4	118.5	119.5	126.5	127.5
#030303	120	127	4	119.5	120.5	126.5	127.5
#040404	121	127	5	120.5	121.5	126.5	127.5
#040404	122	127	5	121.5	122.5	126.5	127.5
#040404	123	127	5	122.5	123.5	126.5	127.5
#050505	124	127	6	123.5	124.5	126.5	127.5
#050505	125	127	6	124.5	125.5	126.5	127.5
#040404	126	127	5	125.5	126.5	126.5	127.5
#040404	127	127	5	126.5	127.5	126.5	127.5
#050505	128	127	6	127.5	128.5	126.5	127.5
#050505	129	127	6	128.5	129.5	126.5	127.5
#040404	130	127	5	129.5	130.5	126.5	127.5
#050505	131	127	6	130.5	131.5	126.5	127.5
#050505	132	127	6	131.5	132.5	126.5	127.5
#040404	133	127	5	132.5	133.5	126.5	127.5
#050505	134	127	6	133.5	134.5	126.5	127.5
#050505	135	127	6	134.5	135.5	126.5	127.5
#050505	136	127	6	135.5	136.5	126.5	127.5
#040404	137	127	5	136.5	137.5	126.5	127.5
#040404	138	127	5	137.5	138.5	126.5	127.5
#040404	139	127	5	138.5	139.5	126.5	127.5
#343434	0	126	53	-0.5	0.5	125.5	126.5
#212121	1	126	34	0.5	1.5	125.5	126.5
#090909	2	126	10	1.5	2.5	125.5	126.5
#0F0F0F	3	126	16	2.5	3.5	125.5	126.5
#111111	4	126	18	3.5	4.5	125.5	126.5
#161616	5	126	23	4.5	5.5	125.5	126.5
#191919	6	126	26	5.5	6.5	125.5	126.5
#1C1C1C	7	126	29	6.5	7.5	125.5	126.5
#1E1E1E	8	126	31	7.5	8.5	125.5	126.5
#212121	9	126	34	8.5	9.5	125.5	126.5
#222222	10	126	35	9.5	10.5	125.5	126.5
#242424	11	126	37	10.5	11.5	125.5	126.5
#252525	12	126	38	11.5	12.5	125.5	126.5
#262626	13	126	39	12.5	13.5	125.5	126.5
#292929	14	126	42	13.5	14.5	125.5	126.5
#2D2D2D	15	126	46	14.5	15.5	125.5	126.5
#2F2F2F	16	126	48	15.5	16.5	125.5	126.5
#2F2F2F	17	126	48	16.5	17.5	125.5	126.5
#2E2E2E	18	126	47	17.5	18.5	125.5	126.5
#2F2F2F	19	126	48	18.5	19.5	125.5	126.5
#313131	20	126	50	19.5	20.5	125.5	126.5
#333333	21	126	52	20.5	21.5	125.5	126.5
#353535	22	126	54	21.5	22.5	125.5	126.5
#373737	23	126	56	22.5	23.5	125.5	126.5
#393939	24	126	58	23.5	24.5	125.5	126.5
#3B3B3B	25	126	60	24.5	25.5	125.5	126.5
#3C3C3C	26	126	61	25.5	26.5	125.5	126.5
#3D3D3D	27	126	62	26.5	27.5	125.5	126.5
#404040	28	126	65	27.5	28.5	125.5	126.5
#424242	29	126	67	28.5	29.5	125.5	126.5
#444444	30	126	69	29.5	30.5	125.5	126.5
#454545	31	126	70	30.5	31.5	125.5	126.5
#484848	32	126	73	31.5	32.5	125.5	126.5
#484848	33	126	73	32.5	33.5	125.5	126.5
#494949	34	126	74	33.5	34.5	125.5	126.5
#4A4A4A	35	126	75	34.5	35.5	125.5	126.5
#4B4B4B	36	126	76	35.5	36.5	125.5	126.5
#4B4B4B	37	126	76	36.5	37.5	125.5	126.5
#4D4D4D	38	126	78	37.5	38.5	125.5	126.5
#4D4D4D	39	126	78	38.5	39.5	125.5	126.5
#4F4F4F	40	126	80	39.5	40.5	125.5	126.5
#505050	41	126	81	40.5	41.5	125.5	126.5
#4F4F4F	42	126	80	41.5	42.5	125.5	126.5
#515151	43	126	82	42.5	43.5	125.5	126.5
#525252	44	126	83	43.5	44.5	125.5	126.5
#525252	45	126	83	44.5	45.5	125.5	126.5
#535353	46	126	84	45.5	46.5	125.5	126.5
#525252	47	126	83	46.5	47.5	125.5	126.5
#505050	48	126	81	47.5	48.5	125.5	126.5
#4D4D4D	49	126	78	48.5	49.5	125.5	126.5
#595959	50	126	90	49.5	50.5	125.5	126.5
#5F5F5F	51	126	96	50.5	51.5	125.5	126.5
#636363	52	126	100	51.5	52.5	125.5	126.5
#656565	53	126	102	52.5	53.5	125.5	126.5
#676767	54	126	104	53.5	54.5	125.5	126.5
#686868	55	126	105	54.5	55.5	125.5	126.5
#6A6A6A	56	126	107	55.5	56.5	125.5	126.5
#6C6C6C	57	126	109	56.5	57.5	125.5	126.5
#6D6D6D	58	126	110	57.5	58.5	125.5	126.5
#6F6F6F	59	126	112	58.5	59.5	125.5	126.5
#727272	60	126	115	59.5	60.5	125.5	126.5
#747474	61	126	117	60.5	61.5	125.5	126.5
#747474	62	126	117	61.5	62.5	125.5	126.5
#777777	63	126	120	62.5	63.5	125.5	126.5
#797979	64	126	122	63.5	64.5	125.5	126.5
#7B7B7B	65	126	124	64.5	65.5	125.5	126.5
#7C7C7C	66	126	125	65.5	66.5	125.5	126.5
#7C7C7C	67	126	125	66.5	67.5	125.5	126.5
#7F7F7F	68	126	128	67.5	68.5	125.5	126.5
#818181	69	126	130	68.5	69.5	125.5	126.5
#828282	70	126	131	69.5	70.5	125.5	126.5
#818181	71	126	130	70.5	71.5	125.5	126.5
#818181	72	126	130	71.5	72.5	125.5	126.5
#808080	73	126	129	72.5	73.5	125.5	126.5
#808080	74	126	129	73.5	74.5	125.5	126.5
#808080	75	126	129	74.5	75.5	125.5	126.5
#7F7F7F	76	126	128	75.5	76.5	125.5	126.5
#828282	77	126	131	76.5	77.5	125.5	126.5
#848484	78	126	133	77.5	78.5	125.5	126.5
#848484	79	126	133	78.5	79.5	125.5	126.5
#848484	80	126	133	79.5	80.5	125.5	126.5
#828282	81	126	131	80.5	81.5	125.5	126.5
#838383	82	126	132	81.5	82.5	125.5	126.5
#828282	83	126	131	82.5	83.5	125.5	126.5
#7F7F7F	84	126	128	83.5	84.5	125.5	126.5
#7E7E7E	85	126	127	84.5	85.5	125.5	126.5
#808080	86	126	129	85.5	86.5	125.5	126.5
#7F7F7F	87	126	128	86.5	87.5	125.5	126.5
#787878	88	126	121	87.5	88.5	125.5	126.5
#747474	89	126	117	88.5	89.5	125.5	126.5
#727272	90	126	115	89.5	90.5	125.5	126.5
#727272	91	126	115	90.5	91.5	125.5	126.5
#707070	92	126	113	91.5	92.5	125.5	126.5
#6E6E6E	93	126	111	92.5	93.5	125.5	126.5
#6C6C6C	94	126	109	93.5	94.5	125.5	126.5
#696969	95	126	106	94.5	95.5	125.5	126.5
#656565	96	126	102	95.5	96.5	125.5	126.5
#676767	97	126	104	96.5	97.5	125.5	126.5
#656565	98	126	102	97.5	98.5	125.5	126.5
#5F5F5F	99	126	96	98.5	99.5	125.5	126.5
#5B5B5B	100	126	92	99.5	100.5	125.5	126.5
#575757	101	126	88	100.5	101.5	125.5	126.5
#545454	102	126	85	101.5	102.5	125.5	126.5
#4F4F4F	103	126	80	102.5	103.5	125.5	126.5
#4C4C4C	104	126	77	103.5	104.5	125.5	126.5
#494949	105	126	74	104.5	105.5	125.5	126.5
#3E3E3E	106	126	63	105.5	106.5	125.5	126.5
#333333	107	126	52	106.5	107.5	125.5	126.5
#2F2F2F	108	126	48	107.5	108.5	125.5	126.5
#282828	109	126	41	108.5	109.5	125.5	126.5
#1E1E1E	110	126	31	109.5	110.5	125.5	126.5
#151515	111	126	22	110.5	111.5	125.5	126.5
#0D0D0D	112	126	14	111.5	112.5	125.5	126.5
#0C0C0C	113	126	13	112.5	113.5	125.5	126.5
#0D0D0D	114	126	14	113.5	114.5	125.5	126.5
#0C0C0C	115	126	13	114.5	115.5	125.5	126.5
#050505	116	126	6	115.5	116.5	125.5	126.5
#020202	117	126	3	116.5	117.5	125.5	126.5
#020202	118	126	3	117.5	118.5	125.5	126.5
#030303	119	126	4	118.5	119.5	125.5	126.5
#030303	120	126	4	119.5	120.5	125.5	126.5
#040404	121	126	5	120.5	121.5	125.5	126.5
#040404	122	126	5	121.5	122.5	125.5	126.5
#040404	123	126	5	122.5	123.5	125.5	126.5
#040404	124	126	5	123.5	124.5	125.5	126.5
#040404	125	126	5	124.5	125.5	125.5	126.5
#040404	126	126	5	125.5	126.5	125.5	126.5
#040404	127	126	5	126.5	127.5	125.5	126.5
#050505	128	126	6	127.5	128.5	125.5	126.5
#040404	129	126	5	128.5	129.5	125.5	126.5
#040404	130	126	5	129.5	130.5	125.5	126.5
#040404	131	126	5	130.5	131.5	125.5	126.5
#040404	132	126	5	131.5	132.5	125.5	126.5
#040404	133	126	5	132.5	133.5	125.5	126.5
#050505	134	126	6	133.5	134.5	125.5	126.5
#050505	135	126	6	134.5	135.5	125.5	126.5
#050505	136	126	6	135.5	136.5	125.5	126.5
#050505	137	126	6	136.5	137.5	125.5	126.5
#040404	138	126	5	137.5	138.5	125.5	126.5
#040404	139	126	5	138.5	139.5	125.5	126.5
#BCBCBC	0	125	189	-0.5	0.5	124.5	125.5
#C3C3C3	1	125	196	0.5	1.5	124.5	125.5
#272727	2	125	40	1.5	2.5	124.5	125.5
#0B0B0B	3	125	12	2.5	3.5	124.5	125.5
#121212	4	125	19	3.5	4.5	124.5	125.5
#191919	5	125	26	4.5	5.5	124.5	125.5
#1C1C1C	6	125	29	5.5	6.5	124.5	125.5
#1E1E1E	7	125	31	6.5	7.5	124.5	125.5
#212121	8	125	34	7.5	8.5	124.5	125.5
#222222	9	125	35	8.5	9.5	124.5	125.5
#232323	10	125	36	9.5	10.5	124.5	125.5
#262626	11	125	39	10.5	11.5	124.5	125.5
#272727	12	125	40	11.5	12.5	124.5	125.5
#2A2A2A	13	125	43	12.5	13.5	124.5	125.5
#2C2C2C	14	125	45	13.5	14.5	124.5	125.5
#2F2F2F	15	125	48	14.5	15.5	124.5	125.5
#303030	16	125	49	15.5	16.5	124.5	125.5
#303030	17	125	49	16.5	17.5	124.5	125.5
#303030	18	125	49	17.5	18.5	124.5	125.5
#323232	19	125	51	18.5	19.5	124.5	125.5
#353535	20	125	54	19.5	20.5	124.5	125.5
#383838	21	125	57	20.5	21.5	124.5	125.5
#3B3B3B	22	125	60	21.5	22.5	124.5	125.5
#3C3C3C	23	125	61	22.5	23.5	124.5	125.5
#3E3E3E	24	125	63	23.5	24.5	124.5	125.5
#3E3E3E	25	125	63	24.5	25.5	124.5	125.5
#404040	26	125	65	25.5	26.5	124.5	125.5
#434343	27	125	68	26.5	27.5	124.5	125.5
#454545	28	125	70	27.5	28.5	124.5	125.5
#474747	29	125	72	28.5	29.5	124.5	125.5
#484848	30	125	73	29.5	30.5	124.5	125.5
#494949	31	125	74	30.5	31.5	124.5	125.5
#4B4B4B	32	125	76	31.5	32.5	124.5	125.5
#4B4B4B	33	125	76	32.5	33.5	124.5	125.5
#4D4D4D	34	125	78	33.5	34.5	124.5	125.5
#4D4D4D	35	125	78	34.5	35.5	124.5	125.5
#4E4E4E	36	125	79	35.5	36.5	124.5	125.5
#4F4F4F	37	125	80	36.5	37.5	124.5	125.5
#4F4F4F	38	125	80	37.5	38.5	124.5	125.5
#505050	39	125	81	38.5	39.5	124.5	125.5
#525252	40	125	83	39.5	40.5	124.5	125.5
#525252	41	125	83	40.5	41.5	124.5	125.5
#525252	42	125	83	41.5	42.5	124.5	125.5
#525252	43	125	83	42.5	43.5	124.5	125.5
#525252	44	125	83	43.5	44.5	124.5	125.5
#525252	45	125	83	44.5	45.5	124.5	125.5
#535353	46	125	84	45.5	46.5	124.5	125.5
#525252	47	125	83	46.5	47.5	124.5	125.5
#4F4F4F	48	125	80	47.5	48.5	124.5	125.5
#4C4C4C	49	125	77	48.5	49.5	124.5	125.5
#535353	50	125	84	49.5	50.5	124.5	125.5
#5E5E5E	51	125	95	50.5	51.5	124.5	125.5
#636363	52	125	100	51.5	52.5	124.5	125.5
#656565	53	125	102	52.5	53.5	124.5	125.5
#646464	54	125	101	53.5	54.5	124.5	125.5
#676767	55	125	104	54.5	55.5	124.5	125.5
#696969	56	125	106	55.5	56.5	124.5	125.5
#6C6C6C	57	125	109	56.5	57.5	124.5	125.5
#6E6E6E	58	125	111	57.5	58.5	124.5	125.5
#6F6F6F	59	125	112	58.5	59.5	124.5	125.5
#707070	60	125	113	59.5	60.5	124.5	125.5
#727272	61	125	115	60.5	61.5	124.5	125.5
#747474	62	125	117	61.5	62.5	124.5	125.5
#757575	63	125	118	62.5	63.5	124.5	125.5
#767676	64	125	119	63.5	64.5	124.5	125.5
#787878	65	125	121	64.5	65.5	124.5	125.5
#7A7A7A	66	125	123	65.5	66.5	124.5	125.5
#7A7A7A	67	125	123	66.5	67.5	124.5	125.5
#7D7D7D	68	125	126	67.5	68.5	124.5	125.5
#828282	69	125	131	68.5	69.5	124.5	125.5
#838383	70	125	132	69.5	70.5	124.5	125.5
#808080	71	125	129	70.5	71.5	124.5	125.5
#7E7E7E	72	125	127	71.5	72.5	124.5	125.5
#808080	73	125	129	72.5	73.5	124.5	125.5
#828282	74	125	131	73.5	74.5	124.5	125.5
#808080	75	125	129	74.5	75.5	124.5	125.5
#7F7F7F	76	125	128	75.5	76.5	124.5	125.5
#828282	77	125	131	76.5	77.5	124.5	125.5
#848484	78	125	133	77.5	78.5	124.5	125.5
#838383	79	125	132	78.5	79.5	124.5	125.5
#848484	80	125	133	79.5	80.5	124.5	125.5
#848484	81	125	133	80.5	81.5	124.5	125.5
#828282	82	125	131	81.5	82.5	124.5	125.5
#7D7D7D	83	125	126	82.5	83.5	124.5	125.5
#7B7B7B	84	125	124	83.5	84.5	124.5	125.5
#7C7C7C	85	125	125	84.5	85.5	124.5	125.5
#7D7D7D	86	125	126	85.5	86.5	124.5	125.5
#7E7E7E	87	125	127	86.5	87.5	124.5	125.5
#787878	88	125	121	87.5	88.5	124.5	125.5
#727272	89	125	115	88.5	89.5	124.5	125.5
#717171	90	125	114	89.5	90.5	124.5	125.5
#707070	91	125	113	90.5	91.5	124.5	125.5
#6F6F6F	92	125	112	91.5	92.5	124.5	125.5
#6D6D6D	93	125	110	92.5	93.5	124.5	125.5
#6B6B6B	94	125	108	93.5	94.5	124.5	125.5
#676767	95	125	104	94.5	95.5	124.5	125.5
#676767	96	125	104	95.5	96.5	124.5	125.5
#686868	97	125	105	96.5	97.5	124.5	125.5
#636363	98	125	100	97.5	98.5	124.5	125.5
#5E5E5E	99	125	95	98.5	99.5	124.5	125.5
#5B5B5B	100	125	92	99.5	100.5	124.5	125.5
#565656	101	125	87	100.5	101.5	124.5	125.5
#525252	102	125	83	101.5	102.5	124.5	125.5
#4F4F4F	103	125	80	102.5	103.5	124.5	125.5
#4D4D4D	104	125	78	103.5	104.5	124.5	125.5
#474747	105	125	72	104.5	105.5	124.5	125.5
#3C3C3C	106	125	61	105.5	106.5	124.5	125.5
#3A3A3A	107	125	59	106.5	107.5	124.5	125.5
#373737	108	125	56	107.5	108.5	124.5	125.5
#313131	109	125	50	108.5	109.5	124.5	125.5
#2E2E2E	110	125	47	109.5	110.5	124.5	125.5
#272727	111	125	40	110.5	111.5	124.5	125.5
#1C1C1C	112	125	29	111.5	112.5	124.5	125.5
#1B1B1B	113	125	28	112.5	113.5	124.5	125.5
#2A2A2A	114	125	43	113.5	114.5	124.5	125.5
#242424	115	125	37	114.5	115.5	124.5	125.5
#0B0B0B	116	125	12	115.5	116.5	124.5	125.5
#030303	117	125	4	116.5	117.5	124.5	125.5
#030303	118	125	4	117.5	118.5	124.5	125.5
#020202	119	125	3	118.5	119.5	124.5	125.5
#030303	120	125	4	119.5	120.5	124.5	125.5
#030303	121	125	4	120.5	121.5	124.5	125.5
#040404	122	125	5	121.5	122.5	124.5	125.5
#040404	123	125	5	122.5	123.5	124.5	125.5
#040404	124	125	5	123.5	124.5	124.5	125.5
#040404	125	125	5	124.5	125.5	124.5	125.5
#040404	126	125	5	125.5	126.5	124.5	125.5
#050505	127	125	6	126.5	127.5	124.5	125.5
#040404	128	125	5	127.5	128.5	124.5	125.5
#040404	129	125	5	128.5	129.5	124.5	125.5
#040404	130	125	5	129.5	130.5	124.5	125.5
#040404	131	125	5	130.5	131.5	124.5	125.5
#040404	132	125	5	131.5	132.5	124.5	125.5
#040404	133	125	5	132.5	133.5	124.5	125.5
#040404	134	125	5	133.5	134.5	124.5	125.5
#040404	135	125	5	134.5	135.5	124.5	125.5
#050505	136	125	6	135.5	136.5	124.5	125.5
#050505	137	125	6	136.5	137.5	124.5	125.5
#040404	138	125	5	137.5	138.5	124.5	125.5
#040404	139	125	5	138.5	139.5	124.5	125.5
#C5C5C5	0	124	198	-0.5	0.5	123.5	124.5
#F8F8F8	1	124	249	0.5	1.5	123.5	124.5
#434343	2	124	68	1.5	2.5	123.5	124.5
#080808	3	124	9	2.5	3.5	123.5	124.5
#131313	4	124	20	3.5	4.5	123.5	124.5
#191919	5	124	26	4.5	5.5	123.5	124.5
#1D1D1D	6	124	30	5.5	6.5	123.5	124.5
#1F1F1F	7	124	32	6.5	7.5	123.5	124.5
#1F1F1F	8	124	32	7.5	8.5	123.5	124.5
#222222	9	124	35	8.5	9.5	123.5	124.5
#272727	10	124	40	9.5	10.5	123.5	124.5
#2A2A2A	11	124	43	10.5	11.5	123.5	124.5
#2D2D2D	12	124	46	11.5	12.5	123.5	124.5
#303030	13	124	49	12.5	13.5	123.5	124.5
#333333	14	124	52	13.5	14.5	123.5	124.5
#333333	15	124	52	14.5	15.5	123.5	124.5
#303030	16	124	49	15.5	16.5	123.5	124.5
#303030	17	124	49	16.5	17.5	123.5	124.5
#313131	18	124	50	17.5	18.5	123.5	124.5
#343434	19	124	53	18.5	19.5	123.5	124.5
#373737	20	124	56	19.5	20.5	123.5	124.5
#3B3B3B	21	124	60	20.5	21.5	123.5	124.5
#3D3D3D	22	124	62	21.5	22.5	123.5	124.5
#3D3D3D	23	124	62	22.5	23.5	123.5	124.5
#404040	24	124	65	23.5	24.5	123.5	124.5
#434343	25	124	68	24.5	25.5	123.5	124.5
#464646	26	124	71	25.5	26.5	123.5	124.5
#484848	27	124	73	26.5	27.5	123.5	124.5
#494949	28	124	74	27.5	28.5	123.5	124.5
#4A4A4A	29	124	75	28.5	29.5	123.5	124.5
#4C4C4C	30	124	77	29.5	30.5	123.5	124.5
#4C4C4C	31	124	77	30.5	31.5	123.5	124.5
#4D4D4D	32	124	78	31.5	32.5	123.5	124.5
#4D4D4D	33	124	78	32.5	33.5	123.5	124.5
#4E4E4E	34	124	79	33.5	34.5	123.5	124.5
#4F4F4F	35	124	80	34.5	35.5	123.5	124.5
#505050	36	124	81	35.5	36.5	123.5	124.5
#515151	37	124	82	36.5	37.5	123.5	124.5
#535353	38	124	84	37.5	38.5	123.5	124.5
#525252	39	124	83	38.5	39.5	123.5	124.5
#525252	40	124	83	39.5	40.5	123.5	124.5
#535353	41	124	84	40.5	41.5	123.5	124.5
#565656	42	124	87	41.5	42.5	123.5	124.5
#555555	43	124	86	42.5	43.5	123.5	124.5
#525252	44	124	83	43.5	44.5	123.5	124.5
#515151	45	124	82	44.5	45.5	123.5	124.5
#4F4F4F	46	124	80	45.5	46.5	123.5	124.5
#4E4E4E	47	124	79	46.5	47.5	123.5	124.5
#4C4C4C	48	124	77	47.5	48.5	123.5	124.5
#474747	49	124	72	48.5	49.5	123.5	124.5
#4B4B4B	50	124	76	49.5	50.5	123.5	124.5
#5A5A5A	51	124	91	50.5	51.5	123.5	124.5
#616161	52	124	98	51.5	52.5	123.5	124.5
#656565	53	124	102	52.5	53.5	123.5	124.5
#656565	54	124	102	53.5	54.5	123.5	124.5
#666666	55	124	103	54.5	55.5	123.5	124.5
#676767	56	124	104	55.5	56.5	123.5	124.5
#6A6A6A	57	124	107	56.5	57.5	123.5	124.5
#6C6C6C	58	124	109	57.5	58.5	123.5	124.5
#6F6F6F	59	124	112	58.5	59.5	123.5	124.5
#707070	60	124	113	59.5	60.5	123.5	124.5
#717171	61	124	114	60.5	61.5	123.5	124.5
#737373	62	124	116	61.5	62.5	123.5	124.5
#747474	63	124	117	62.5	63.5	123.5	124.5
#757575	64	124	118	63.5	64.5	123.5	124.5
#767676	65	124	119	64.5	65.5	123.5	124.5
#777777	66	124	120	65.5	66.5	123.5	124.5
#757575	67	124	118	66.5	67.5	123.5	124.5
#797979	68	124	122	67.5	68.5	123.5	124.5
#7F7F7F	69	124	128	68.5	69.5	123.5	124.5
#808080	70	124	129	69.5	70.5	123.5	124.5
#7F7F7F	71	124	128	70.5	71.5	123.5	124.5
#7F7F7F	72	124	128	71.5	72.5	123.5	124.5
#828282	73	124	131	72.5	73.5	123.5	124.5
#828282	74	124	131	73.5	74.5	123.5	124.5
#818181	75	124	130	74.5	75.5	123.5	124.5
#808080	76	124	129	75.5	76.5	123.5	124.5
#818181	77	124	130	76.5	77.5	123.5	124.5
#818181	78	124	130	77.5	78.5	123.5	124.5
#848484	79	124	133	78.5	79.5	123.5	124.5
#848484	80	124	133	79.5	80.5	123.5	124.5
#838383	81	124	132	80.5	81.5	123.5	124.5
#838383	82	124	132	81.5	82.5	123.5	124.5
#7E7E7E	83	124	127	82.5	83.5	123.5	124.5
#7D7D7D	84	124	126	83.5	84.5	123.5	124.5
#7E7E7E	85	124	127	84.5	85.5	123.5	124.5
#7E7E7E	86	124	127	85.5	86.5	123.5	124.5
#7B7B7B	87	124	124	86.5	87.5	123.5	124.5
#747474	88	124	117	87.5	88.5	123.5	124.5
#707070	89	124	113	88.5	89.5	123.5	124.5
#707070	90	124	113	89.5	90.5	123.5	124.5
#707070	91	124	113	90.5	91.5	123.5	124.5
#6E6E6E	92	124	111	91.5	92.5	123.5	124.5
#6D6D6D	93	124	110	92.5	93.5	123.5	124.5
#6B6B6B	94	124	108	93.5	94.5	123.5	124.5
#686868	95	124	105	94.5	95.5	123.5	124.5
#696969	96	124	106	95.5	96.5	123.5	124.5
#666666	97	124	103	96.5	97.5	123.5	124.5
#616161	98	124	98	97.5	98.5	123.5	124.5
#5E5E5E	99	124	95	98.5	99.5	123.5	124.5
#5B5B5B	100	124	92	99.5	100.5	123.5	124.5
#575757	101	124	88	100.5	101.5	123.5	124.5
#535353	102	124	84	101.5	102.5	123.5	124.5
#505050	103	124	81	102.5	103.5	123.5	124.5
#4E4E4E	104	124	79	103.5	104.5	123.5	124.5
#424242	105	124	67	104.5	105.5	123.5	124.5
#3E3E3E	106	124	63	105.5	106.5	123.5	124.5
#3C3C3C	107	124	61	106.5	107.5	123.5	124.5
#3B3B3B	108	124	60	107.5	108.5	123.5	124.5
#393939	109	124	58	108.5	109.5	123.5	124.5
#373737	110	124	56	109.5	110.5	123.5	124.5
#313131	111	124	50	110.5	111.5	123.5	124.5
#353535	112	124	54	111.5	112.5	123.5	124.5
#464646	113	124	71	112.5	113.5	123.5	124.5
#363636	114	124	55	113.5	114.5	123.5	124.5
#3C3C3C	115	124	61	114.5	115.5	123.5	124.5
#3D3D3D	116	124	62	115.5	116.5	123.5	124.5
#0E0E0E	117	124	15	116.5	117.5	123.5	124.5
#050505	118	124	6	117.5	118.5	123.5	124.5
#030303	119	124	4	118.5	119.5	123.5	124.5
#020202	120	124	3	119.5	120.5	123.5	124.5
#030303	121	124	4	120.5	121.5	123.5	124.5
#030303	122	124	4	121.5	122.5	123.5	124.5
#040404	123	124	5	122.5	123.5	123.5	124.5
#040404	124	124	5	123.5	124.5	123.5	124.5
#040404	125	124	5	124.5	125.5	123.5	124.5
#040404	126	124	5	125.5	126.5	123.5	124.5
#050505	127	124	6	126.5	127.5	123.5	124.5
#040404	128	124	5	127.5	128.5	123.5	124.5
#040404	129	124	5	128.5	129.5	123.5	124.5
#040404	130	124	5	129.5	130.5	123.5	124.5
#040404	131	124	5	130.5	131.5	123.5	124.5
#040404	132	124	5	131.5	132.5	123.5	124.5
#040404	133	124	5	132.5	133.5	123.5	124.5
#050505	134	124	6	133.5	134.5	123.5	124.5
#040404	135	124	5	134.5	135.5	123.5	124.5
#050505	136	124	6	135.5	136.5	123.5	124.5
#050505	137	124	6	136.5	137.5	123.5	124.5
#050505	138	124	6	137.5	138.5	123.5	124.5
#040404	139	124	5	138.5	139.5	123.5	124.5
#C7C7C7	0	123	200	-0.5	0.5	122.5	123.5
#AEAEAE	1	123	175	0.5	1.5	122.5	123.5
#141414	2	123	21	1.5	2.5	122.5	123.5
#111111	3	123	18	2.5	3.5	122.5	123.5
#161616	4	123	23	3.5	4.5	122.5	123.5
#1E1E1E	5	123	31	4.5	5.5	122.5	123.5
#383838	6	123	57	5.5	6.5	122.5	123.5
#444444	7	123	69	6.5	7.5	122.5	123.5
#3B3B3B	8	123	60	7.5	8.5	122.5	123.5
#2E2E2E	9	123	47	8.5	9.5	122.5	123.5
#2B2B2B	10	123	44	9.5	10.5	122.5	123.5
#2F2F2F	11	123	48	10.5	11.5	122.5	123.5
#303030	12	123	49	11.5	12.5	122.5	123.5
#343434	13	123	53	12.5	13.5	122.5	123.5
#3A3A3A	14	123	59	13.5	14.5	122.5	123.5
#3E3E3E	15	123	63	14.5	15.5	122.5	123.5
#3B3B3B	16	123	60	15.5	16.5	122.5	123.5
#353535	17	123	54	16.5	17.5	122.5	123.5
#353535	18	123	54	17.5	18.5	122.5	123.5
#393939	19	123	58	18.5	19.5	122.5	123.5
#3B3B3B	20	123	60	19.5	20.5	122.5	123.5
#3C3C3C	21	123	61	20.5	21.5	122.5	123.5
#3D3D3D	22	123	62	21.5	22.5	122.5	123.5
#3F3F3F	23	123	64	22.5	23.5	122.5	123.5
#434343	24	123	68	23.5	24.5	122.5	123.5
#454545	25	123	70	24.5	25.5	122.5	123.5
#474747	26	123	72	25.5	26.5	122.5	123.5
#494949	27	123	74	26.5	27.5	122.5	123.5
#4A4A4A	28	123	75	27.5	28.5	122.5	123.5
#4D4D4D	29	123	78	28.5	29.5	122.5	123.5
#4F4F4F	30	123	80	29.5	30.5	122.5	123.5
#4F4F4F	31	123	80	30.5	31.5	122.5	123.5
#505050	32	123	81	31.5	32.5	122.5	123.5
#515151	33	123	82	32.5	33.5	122.5	123.5
#515151	34	123	82	33.5	34.5	122.5	123.5
#535353	35	123	84	34.5	35.5	122.5	123.5
#545454	36	123	85	35.5	36.5	122.5	123.5
#555555	37	123	86	36.5	37.5	122.5	123.5
#555555	38	123	86	37.5	38.5	122.5	123.5
#565656	39	123	87	38.5	39.5	122.5	123.5
#545454	40	123	85	39.5	40.5	122.5	123.5
#555555	41	123	86	40.5	41.5	122.5	123.5
#545454	42	123	85	41.5	42.5	122.5	123.5
#535353	43	123	84	42.5	43.5	122.5	123.5
#4F4F4F	44	123	80	43.5	44.5	122.5	123.5
#4D4D4D	45	123	78	44.5	45.5	122.5	123.5
#4C4C4C	46	123	77	45.5	46.5	122.5	123.5
#4B4B4B	47	123	76	46.5	47.5	122.5	123.5
#494949	48	123	74	47.5	48.5	122.5	123.5
#474747	49	123	72	48.5	49.5	122.5	123.5
#494949	50	123	74	49.5	50.5	122.5	123.5
#535353	51	123	84	50.5	51.5	122.5	123.5
#5D5D5D	52	123	94	51.5	52.5	122.5	123.5
#616161	53	123	98	52.5	53.5	122.5	123.5
#626262	54	123	99	53.5	54.5	122.5	123.5
#626262	55	123	99	54.5	55.5	122.5	123.5
#656565	56	123	102	55.5	56.5	122.5	123.5
#686868	57	123	105	56.5	57.5	122.5	123.5
#6A6A6A	58	123	107	57.5	58.5	122.5	123.5
#6D6D6D	59	123	110	58.5	59.5	122.5	123.5
#6E6E6E	60	123	111	59.5	60.5	122.5	123.5
#6F6F6F	61	123	112	60.5	61.5	122.5	123.5
#727272	62	123	115	61.5	62.5	122.5	123.5
#737373	63	123	116	62.5	63.5	122.5	123.5
#747474	64	123	117	63.5	64.5	122.5	123.5
#747474	65	123	117	64.5	65.5	122.5	123.5
#737373	66	123	116	65.5	66.5	122.5	123.5
#757575	67	123	118	66.5	67.5	122.5	123.5
#787878	68	123	121	67.5	68.5	122.5	123.5
#7B7B7B	69	123	124	68.5	69.5	122.5	123.5
#7C7C7C	70	123	125	69.5	70.5	122.5	123.5
#7D7D7D	71	123	126	70.5	71.5	122.5	123.5
#808080	72	123	129	71.5	72.5	122.5	123.5
#818181	73	123	130	72.5	73.5	122.5	123.5
#808080	74	123	129	73.5	74.5	122.5	123.5
#808080	75	123	129	74.5	75.5	122.5	123.5
#7E7E7E	76	123	127	75.5	76.5	122.5	123.5
#7F7F7F	77	123	128	76.5	77.5	122.5	123.5
#808080	78	123	129	77.5	78.5	122.5	123.5
#808080	79	123	129	78.5	79.5	122.5	123.5
#818181	80	123	130	79.5	80.5	122.5	123.5
#818181	81	123	130	80.5	81.5	122.5	123.5
#808080	82	123	129	81.5	82.5	122.5	123.5
#7D7D7D	83	123	126	82.5	83.5	122.5	123.5
#7C7C7C	84	123	125	83.5	84.5	122.5	123.5
#7D7D7D	85	123	126	84.5	85.5	122.5	123.5
#7B7B7B	86	123	124	85.5	86.5	122.5	123.5
#797979	87	123	122	86.5	87.5	122.5	123.5
#727272	88	123	115	87.5	88.5	122.5	123.5
#707070	89	123	113	88.5	89.5	122.5	123.5
#707070	90	123	113	89.5	90.5	122.5	123.5
#707070	91	123	113	90.5	91.5	122.5	123.5
#6E6E6E	92	123	111	91.5	92.5	122.5	123.5
#6D6D6D	93	123	110	92.5	93.5	122.5	123.5
#6B6B6B	94	123	108	93.5	94.5	122.5	123.5
#696969	95	123	106	94.5	95.5	122.5	123.5
#686868	96	123	105	95.5	96.5	122.5	123.5
#646464	97	123	101	96.5	97.5	122.5	123.5
#616161	98	123	98	97.5	98.5	122.5	123.5
#5F5F5F	99	123	96	98.5	99.5	122.5	123.5
#5B5B5B	100	123	92	99.5	100.5	122.5	123.5
#575757	101	123	88	100.5	101.5	122.5	123.5
#535353	102	123	84	101.5	102.5	122.5	123.5
#525252	103	123	83	102.5	103.5	122.5	123.5
#4B4B4B	104	123	76	103.5	104.5	122.5	123.5
#434343	105	123	68	104.5	105.5	122.5	123.5
#404040	106	123	65	105.5	106.5	122.5	123.5
#3E3E3E	107	123	63	106.5	107.5	122.5	123.5
#3E3E3E	108	123	63	107.5	108.5	122.5	123.5
#3F3F3F	109	123	64	108.5	109.5	122.5	123.5
#3D3D3D	110	123	62	109.5	110.5	122.5	123.5
#3C3C3C	111	123	61	110.5	111.5	122.5	123.5
#464646	112	123	71	111.5	112.5	122.5	123.5
#131313	113	123	20	112.5	113.5	122.5	123.5
#060606	114	123	7	113.5	114.5	122.5	123.5
#060606	115	123	7	114.5	115.5	122.5	123.5
#242424	116	123	37	115.5	116.5	122.5	123.5
#383838	117	123	57	116.5	117.5	122.5	123.5
#0A0A0A	118	123	11	117.5	118.5	122.5	123.5
#070707	119	123	8	118.5	119.5	122.5	123.5
#030303	120	123	4	119.5	120.5	122.5	123.5
#030303	121	123	4	120.5	121.5	122.5	123.5
#030303	122	123	4	121.5	122.5	122.5	123.5
#030303	123	123	4	122.5	123.5	122.5	123.5
#030303	124	123	4	123.5	124.5	122.5	123.5
#040404	125	123	5	124.5	125.5	122.5	123.5
#040404	126	123	5	125.5	126.5	122.5	123.5
#040404	127	123	5	126.5	127.5	122.5	123.5
#040404	128	123	5	127.5	128.5	122.5	123.5
#040404	129	123	5	128.5	129.5	122.5	123.5
#040404	130	123	5	129.5	130.5	122.5	123.5
#050505	131	123	6	130.5	131.5	122.5	123.5
#040404	132	123	5	131.5	132.5	122.5	123.5
#040404	133	123	5	132.5	133.5	122.5	123.5
#040404	134	123	5	133.5	134.5	122.5	123.5
#040404	135	123	5	134.5	135.5	122.5	123.5
#050505	136	123	6	135.5	136.5	122.5	123.5
#050505	137	123	6	136.5	137.5	122.5	123.5
#050505	138	123	6	137.5	138.5	122.5	123.5
#050505	139	123	6	138.5	139.5	122.5	123.5
#BABABA	0	122	187	-0.5	0.5	121.5	122.5
#9D9D9D	1	122	158	0.5	1.5	121.5	122.5
#080808	2	122	9	1.5	2.5	121.5	122.5
#181818	3	122	25	2.5	3.5	121.5	122.5
#1F1F1F	4	122	32	3.5	4.5	121.5	122.5
#434343	5	122	68	4.5	5.5	121.5	122.5
#696969	6	122	106	5.5	6.5	121.5	122.5
#6A6A6A	7	122	107	6.5	7.5	121.5	122.5
#666666	8	122	103	7.5	8.5	121.5	122.5
#636363	9	122	100	8.5	9.5	121.5	122.5
#555555	10	122	86	9.5	10.5	121.5	122.5
#484848	11	122	73	10.5	11.5	121.5	122.5
#484848	12	122	73	11.5	12.5	121.5	122.5
#494949	13	122	74	12.5	13.5	121.5	122.5
#474747	14	122	72	13.5	14.5	121.5	122.5
#545454	15	122	85	14.5	15.5	121.5	122.5
#4F4F4F	16	122	80	15.5	16.5	121.5	122.5
#474747	17	122	72	16.5	17.5	121.5	122.5
#474747	18	122	72	17.5	18.5	121.5	122.5
#474747	19	122	72	18.5	19.5	121.5	122.5
#464646	20	122	71	19.5	20.5	121.5	122.5
#454545	21	122	70	20.5	21.5	121.5	122.5
#414141	22	122	66	21.5	22.5	121.5	122.5
#404040	23	122	65	22.5	23.5	121.5	122.5
#434343	24	122	68	23.5	24.5	121.5	122.5
#454545	25	122	70	24.5	25.5	121.5	122.5
#494949	26	122	74	25.5	26.5	121.5	122.5
#4D4D4D	27	122	78	26.5	27.5	121.5	122.5
#4E4E4E	28	122	79	27.5	28.5	121.5	122.5
#505050	29	122	81	28.5	29.5	121.5	122.5
#505050	30	122	81	29.5	30.5	121.5	122.5
#515151	31	122	82	30.5	31.5	121.5	122.5
#535353	32	122	84	31.5	32.5	121.5	122.5
#545454	33	122	85	32.5	33.5	121.5	122.5
#545454	34	122	85	33.5	34.5	121.5	122.5
#565656	35	122	87	34.5	35.5	121.5	122.5
#575757	36	122	88	35.5	36.5	121.5	122.5
#575757	37	122	88	36.5	37.5	121.5	122.5
#575757	38	122	88	37.5	38.5	121.5	122.5
#575757	39	122	88	38.5	39.5	121.5	122.5
#545454	40	122	85	39.5	40.5	121.5	122.5
#535353	41	122	84	40.5	41.5	121.5	122.5
#505050	42	122	81	41.5	42.5	121.5	122.5
#515151	43	122	82	42.5	43.5	121.5	122.5
#4F4F4F	44	122	80	43.5	44.5	121.5	122.5
#4E4E4E	45	122	79	44.5	45.5	121.5	122.5
#4C4C4C	46	122	77	45.5	46.5	121.5	122.5
#4B4B4B	47	122	76	46.5	47.5	121.5	122.5
#494949	48	122	74	47.5	48.5	121.5	122.5
#4A4A4A	49	122	75	48.5	49.5	121.5	122.5
#4C4C4C	50	122	77	49.5	50.5	121.5	122.5
#4E4E4E	51	122	79	50.5	51.5	121.5	122.5
#585858	52	122	89	51.5	52.5	121.5	122.5
#5E5E5E	53	122	95	52.5	53.5	121.5	122.5
#616161	54	122	98	53.5	54.5	121.5	122.5
#616161	55	122	98	54.5	55.5	121.5	122.5
#626262	56	122	99	55.5	56.5	121.5	122.5
#636363	57	122	100	56.5	57.5	121.5	122.5
#676767	58	122	104	57.5	58.5	121.5	122.5
#696969	59	122	106	58.5	59.5	121.5	122.5
#6C6C6C	60	122	109	59.5	60.5	121.5	122.5
#6E6E6E	61	122	111	60.5	61.5	121.5	122.5
#717171	62	122	114	61.5	62.5	121.5	122.5
#737373	63	122	116	62.5	63.5	121.5	122.5
#747474	64	122	117	63.5	64.5	121.5	122.5
#747474	65	122	117	64.5	65.5	121.5	122.5
#747474	66	122	117	65.5	66.5	121.5	122.5
#767676	67	122	119	66.5	67.5	121.5	122.5
#7A7A7A	68	122	123	67.5	68.5	121.5	122.5
#7D7D7D	69	122	126	68.5	69.5	121.5	122.5
#7D7D7D	70	122	126	69.5	70.5	121.5	122.5
#7E7E7E	71	122	127	70.5	71.5	121.5	122.5
#808080	72	122	129	71.5	72.5	121.5	122.5
#828282	73	122	131	72.5	73.5	121.5	122.5
#7F7F7F	74	122	128	73.5	74.5	121.5	122.5
#7B7B7B	75	122	124	74.5	75.5	121.5	122.5
#7C7C7C	76	122	125	75.5	76.5	121.5	122.5
#818181	77	122	130	76.5	77.5	121.5	122.5
#828282	78	122	131	77.5	78.5	121.5	122.5
#7C7C7C	79	122	125	78.5	79.5	121.5	122.5
#7B7B7B	80	122	124	79.5	80.5	121.5	122.5
#7F7F7F	81	122	128	80.5	81.5	121.5	122.5
#818181	82	122	130	81.5	82.5	121.5	122.5
#7C7C7C	83	122	125	82.5	83.5	121.5	122.5
#7A7A7A	84	122	123	83.5	84.5	121.5	122.5
#7C7C7C	85	122	125	84.5	85.5	121.5	122.5
#7B7B7B	86	122	124	85.5	86.5	121.5	122.5
#777777	87	122	120	86.5	87.5	121.5	122.5
#707070	88	122	113	87.5	88.5	121.5	122.5
#707070	89	122	113	88.5	89.5	121.5	122.5
#707070	90	122	113	89.5	90.5	121.5	122.5
#6E6E6E	91	122	111	90.5	91.5	121.5	122.5
#6E6E6E	92	122	111	91.5	92.5	121.5	122.5
#6D6D6D	93	122	110	92.5	93.5	121.5	122.5
#6B6B6B	94	122	108	93.5	94.5	121.5	122.5
#686868	95	122	105	94.5	95.5	121.5	122.5
#666666	96	122	103	95.5	96.5	121.5	122.5
#646464	97	122	101	96.5	97.5	121.5	122.5
#626262	98	122	99	97.5	98.5	121.5	122.5
#5F5F5F	99	122	96	98.5	99.5	121.5	122.5
#5B5B5B	100	122	92	99.5	100.5	121.5	122.5
#565656	101	122	87	100.5	101.5	121.5	122.5
#545454	102	122	85	101.5	102.5	121.5	122.5
#505050	103	122	81	102.5	103.5	121.5	122.5
#494949	104	122	74	103.5	104.5	121.5	122.5
#464646	105	122	71	104.5	105.5	121.5	122.5
#444444	106	122	69	105.5	106.5	121.5	122.5
#424242	107	122	67	106.5	107.5	121.5	122.5
#414141	108	122	66	107.5	108.5	121.5	122.5
#424242	109	122	67	108.5	109.5	121.5	122.5
#3F3F3F	110	122	64	109.5	110.5	121.5	122.5
#4A4A4A	111	122	75	110.5	111.5	121.5	122.5
#282828	112	122	41	111.5	112.5	121.5	122.5
#000000	113	122	1	112.5	113.5	121.5	122.5
#2F2F2F	114	122	48	113.5	114.5	121.5	122.5
#161616	115	122	23	114.5	115.5	121.5	122.5
#010101	116	122	2	115.5	116.5	121.5	122.5
#3A3A3A	117	122	59	116.5	117.5	121.5	122.5
#1F1F1F	118	122	32	117.5	118.5	121.5	122.5
#0A0A0A	119	122	11	118.5	119.5	121.5	122.5
#070707	120	122	8	119.5	120.5	121.5	122.5
#040404	121	122	5	120.5	121.5	121.5	122.5
#020202	122	122	3	121.5	122.5	121.5	122.5
#030303	123	122	4	122.5	123.5	121.5	122.5
#030303	124	122	4	123.5	124.5	121.5	122.5
#030303	125	122	4	124.5	125.5	121.5	122.5
#040404	126	122	5	125.5	126.5	121.5	122.5
#040404	127	122	5	126.5	127.5	121.5	122.5
#040404	128	122	5	127.5	128.5	121.5	122.5
#040404	129	122	5	128.5	129.5	121.5	122.5
#040404	130	122	5	129.5	130.5	121.5	122.5
#040404	131	122	5	130.5	131.5	121.5	122.5
#040404	132	122	5	131.5	132.5	121.5	122.5
#040404	133	122	5	132.5	133.5	121.5	122.5
#040404	134	122	5	133.5	134.5	121.5	122.5
#040404	135	122	5	134.5	135.5	121.5	122.5
#040404	136	122	5	135.5	136.5	121.5	122.5
#050505	137	122	6	136.5	137.5	121.5	122.5
#050505	138	122	6	137.5	138.5	121.5	122.5
#050505	139	122	6	138.5	139.5	121.5	122.5
#505050	0	121	81	-0.5	0.5	120.5	121.5
#7E7E7E	1	121	127	0.5	1.5	120.5	121.5
#1D1D1D	2	121	30	1.5	2.5	120.5	121.5
#1C1C1C	3	121	29	2.5	3.5	120.5	121.5
#353535	4	121	54	3.5	4.5	120.5	121.5
#5D5D5D	5	121	94	4.5	5.5	120.5	121.5
#646464	6	121	101	5.5	6.5	120.5	121.5
#5D5D5D	7	121	94	6.5	7.5	120.5	121.5
#606060	8	121	97	7.5	8.5	120.5	121.5
#686868	9	121	105	8.5	9.5	120.5	121.5
#707070	10	121	113	9.5	10.5	120.5	121.5
#727272	11	121	115	10.5	11.5	120.5	121.5
#747474	12	121	117	11.5	12.5	120.5	121.5
#6C6C6C	13	121	109	12.5	13.5	120.5	121.5
#676767	14	121	104	13.5	14.5	120.5	121.5
#707070	15	121	113	14.5	15.5	120.5	121.5
#666666	16	121	103	15.5	16.5	120.5	121.5
#5E5E5E	17	121	95	16.5	17.5	120.5	121.5
#5A5A5A	18	121	91	17.5	18.5	120.5	121.5
#585858	19	121	89	18.5	19.5	120.5	121.5
#555555	20	121	86	19.5	20.5	120.5	121.5
#545454	21	121	85	20.5	21.5	120.5	121.5
#515151	22	121	82	21.5	22.5	120.5	121.5
#4C4C4C	23	121	77	22.5	23.5	120.5	121.5
#464646	24	121	71	23.5	24.5	120.5	121.5
#474747	25	121	72	24.5	25.5	120.5	121.5
#4A4A4A	26	121	75	25.5	26.5	120.5	121.5
#4C4C4C	27	121	77	26.5	27.5	120.5	121.5
#4D4D4D	28	121	78	27.5	28.5	120.5	121.5
#4F4F4F	29	121	80	28.5	29.5	120.5	121.5
#515151	30	121	82	29.5	30.5	120.5	121.5
#525252	31	121	83	30.5	31.5	120.5	121.5
#535353	32	121	84	31.5	32.5	120.5	121.5
#555555	33	121	86	32.5	33.5	120.5	121.5
#575757	34	121	88	33.5	34.5	120.5	121.5
#575757	35	121	88	34.5	35.5	120.5	121.5
#595959	36	121	90	35.5	36.5	120.5	121.5
#585858	37	121	89	36.5	37.5	120.5	121.5
#565656	38	121	87	37.5	38.5	120.5	121.5
#545454	39	121	85	38.5	39.5	120.5	121.5
#525252	40	121	83	39.5	40.5	120.5	121.5
#525252	41	121	83	40.5	41.5	120.5	121.5
#515151	42	121	82	41.5	42.5	120.5	121.5
#535353	43	121	84	42.5	43.5	120.5	121.5
#515151	44	121	82	43.5	44.5	120.5	121.5
#505050	45	121	81	44.5	45.5	120.5	121.5
#4D4D4D	46	121	78	45.5	46.5	120.5	121.5
#4C4C4C	47	121	77	46.5	47.5	120.5	121.5
#4D4D4D	48	121	78	47.5	48.5	120.5	121.5
#4F4F4F	49	121	80	48.5	49.5	120.5	121.5
#4E4E4E	50	121	79	49.5	50.5	120.5	121.5
#4E4E4E	51	121	79	50.5	51.5	120.5	121.5
#545454	52	121	85	51.5	52.5	120.5	121.5
#5E5E5E	53	121	95	52.5	53.5	120.5	121.5
#606060	54	121	97	53.5	54.5	120.5	121.5
#616161	55	121	98	54.5	55.5	120.5	121.5
#626262	56	121	99	55.5	56.5	120.5	121.5
#636363	57	121	100	56.5	57.5	120.5	121.5
#656565	58	121	102	57.5	58.5	120.5	121.5
#686868	59	121	105	58.5	59.5	120.5	121.5
#6B6B6B	60	121	108	59.5	60.5	120.5	121.5
#6E6E6E	61	121	111	60.5	61.5	120.5	121.5
#707070	62	121	113	61.5	62.5	120.5	121.5
#707070	63	121	113	62.5	63.5	120.5	121.5
#727272	64	121	115	63.5	64.5	120.5	121.5
#737373	65	121	116	64.5	65.5	120.5	121.5
#747474	66	121	117	65.5	66.5	120.5	121.5
#777777	67	121	120	66.5	67.5	120.5	121.5
#7A7A7A	68	121	123	67.5	68.5	120.5	121.5
#7B7B7B	69	121	124	68.5	69.5	120.5	121.5
#7B7B7B	70	121	124	69.5	70.5	120.5	121.5
#7C7C7C	71	121	125	70.5	71.5	120.5	121.5
#7E7E7E	72	121	127	71.5	72.5	120.5	121.5
#7E7E7E	73	121	127	72.5	73.5	120.5	121.5
#7B7B7B	74	121	124	73.5	74.5	120.5	121.5
#7D7D7D	75	121	126	74.5	75.5	120.5	121.5
#818181	76	121	130	75.5	76.5	120.5	121.5
#828282	77	121	131	76.5	77.5	120.5	121.5
#818181	78	121	130	77.5	78.5	120.5	121.5
#7D7D7D	79	121	126	78.5	79.5	120.5	121.5
#797979	80	121	122	79.5	80.5	120.5	121.5
#7B7B7B	81	121	124	80.5	81.5	120.5	121.5
#7E7E7E	82	121	127	81.5	82.5	120.5	121.5
#7D7D7D	83	121	126	82.5	83.5	120.5	121.5
#7C7C7C	84	121	125	83.5	84.5	120.5	121.5
#7D7D7D	85	121	126	84.5	85.5	120.5	121.5
#7B7B7B	86	121	124	85.5	86.5	120.5	121.5
#767676	87	121	119	86.5	87.5	120.5	121.5
#6E6E6E	88	121	111	87.5	88.5	120.5	121.5
#6E6E6E	89	121	111	88.5	89.5	120.5	121.5
#6F6F6F	90	121	112	89.5	90.5	120.5	121.5
#6C6C6C	91	121	109	90.5	91.5	120.5	121.5
#6C6C6C	92	121	109	91.5	92.5	120.5	121.5
#6D6D6D	93	121	110	92.5	93.5	120.5	121.5
#696969	94	121	106	93.5	94.5	120.5	121.5
#666666	95	121	103	94.5	95.5	120.5	121.5
#676767	96	121	104	95.5	96.5	120.5	121.5
#656565	97	121	102	96.5	97.5	120.5	121.5
#626262	98	121	99	97.5	98.5	120.5	121.5
#606060	99	121	97	98.5	99.5	120.5	121.5
#5A5A5A	100	121	91	99.5	100.5	120.5	121.5
#575757	101	121	88	100.5	101.5	120.5	121.5
#545454	102	121	85	101.5	102.5	120.5	121.5
#4C4C4C	103	121	77	102.5	103.5	120.5	121.5
#4A4A4A	104	121	75	103.5	104.5	120.5	121.5
#484848	105	121	73	104.5	105.5	120.5	121.5
#454545	106	121	70	105.5	106.5	120.5	121.5
#444444	107	121	69	106.5	107.5	120.5	121.5
#454545	108	121	70	107.5	108.5	120.5	121.5
#454545	109	121	70	108.5	109.5	120.5	121.5
#424242	110	121	67	109.5	110.5	120.5	121.5
#4D4D4D	111	121	78	110.5	111.5	120.5	121.5
#171717	112	121	24	111.5	112.5	120.5	121.5
#010101	113	121	2	112.5	113.5	120.5	121.5
#3A3A3A	114	121	59	113.5	114.5	120.5	121.5
#0D0D0D	115	121	14	114.5	115.5	120.5	121.5
#000000	116	121	1	115.5	116.5	120.5	121.5
#2F2F2F	117	121	48	116.5	117.5	120.5	121.5
#353535	118	121	54	117.5	118.5	120.5	121.5
#1D1D1D	119	121	30	118.5	119.5	120.5	121.5
#0F0F0F	120	121	16	119.5	120.5	120.5	121.5
#070707	121	121	8	120.5	121.5	120.5	121.5
#030303	122	121	4	121.5	122.5	120.5	121.5
#020202	123	121	3	122.5	123.5	120.5	121.5
#030303	124	121	4	123.5	124.5	120.5	121.5
#030303	125	121	4	124.5	125.5	120.5	121.5
#000000	126	121	1	125.5	126.5	120.5	121.5
#000000	127	121	1	126.5	127.5	120.5	121.5
#000000	128	121	1	127.5	128.5	120.5	121.5
#000000	129	121	1	128.5	129.5	120.5	121.5
#030303	130	121	4	129.5	130.5	120.5	121.5
#040404	131	121	5	130.5	131.5	120.5	121.5
#040404	132	121	5	131.5	132.5	120.5	121.5
#040404	133	121	5	132.5	133.5	120.5	121.5
#040404	134	121	5	133.5	134.5	120.5	121.5
#040404	135	121	5	134.5	135.5	120.5	121.5
#040404	136	121	5	135.5	136.5	120.5	121.5
#040404	137	121	5	136.5	137.5	120.5	121.5
#040404	138	121	5	137.5	138.5	120.5	121.5
#040404	139	121	5	138.5	139.5	120.5	121.5
#0A0A0A	0	120	11	-0.5	0.5	119.5	120.5
#171717	1	120	24	0.5	1.5	119.5	120.5
#212121	2	120	34	1.5	2.5	119.5	120.5
#272727	3	120	40	2.5	3.5	119.5	120.5
#4A4A4A	4	120	75	3.5	4.5	119.5	120.5
#5A5A5A	5	120	91	4.5	5.5	119.5	120.5
#585858	6	120	89	5.5	6.5	119.5	120.5
#565656	7	120	87	6.5	7.5	119.5	120.5
#5A5A5A	8	120	91	7.5	8.5	119.5	120.5
#595959	9	120	90	8.5	9.5	119.5	120.5
#5B5B5B	10	120	92	9.5	10.5	119.5	120.5
#646464	11	120	101	10.5	11.5	119.5	120.5
#6D6D6D	12	120	110	11.5	12.5	119.5	120.5
#6C6C6C	13	120	109	12.5	13.5	119.5	120.5
#6F6F6F	14	120	112	13.5	14.5	119.5	120.5
#717171	15	120	114	14.5	15.5	119.5	120.5
#6A6A6A	16	120	107	15.5	16.5	119.5	120.5
#686868	17	120	105	16.5	17.5	119.5	120.5
#656565	18	120	102	17.5	18.5	119.5	120.5
#646464	19	120	101	18.5	19.5	119.5	120.5
#646464	20	120	101	19.5	20.5	119.5	120.5
#646464	21	120	101	20.5	21.5	119.5	120.5
#636363	22	120	100	21.5	22.5	119.5	120.5
#636363	23	120	100	22.5	23.5	119.5	120.5
#5E5E5E	24	120	95	23.5	24.5	119.5	120.5
#535353	25	120	84	24.5	25.5	119.5	120.5
#4C4C4C	26	120	77	25.5	26.5	119.5	120.5
#4A4A4A	27	120	75	26.5	27.5	119.5	120.5
#4B4B4B	28	120	76	27.5	28.5	119.5	120.5
#4E4E4E	29	120	79	28.5	29.5	119.5	120.5
#505050	30	120	81	29.5	30.5	119.5	120.5
#535353	31	120	84	30.5	31.5	119.5	120.5
#555555	32	120	86	31.5	32.5	119.5	120.5
#565656	33	120	87	32.5	33.5	119.5	120.5
#575757	34	120	88	33.5	34.5	119.5	120.5
#585858	35	120	89	34.5	35.5	119.5	120.5
#575757	36	120	88	35.5	36.5	119.5	120.5
#565656	37	120	87	36.5	37.5	119.5	120.5
#545454	38	120	85	37.5	38.5	119.5	120.5
#555555	39	120	86	38.5	39.5	119.5	120.5
#545454	40	120	85	39.5	40.5	119.5	120.5
#535353	41	120	84	40.5	41.5	119.5	120.5
#545454	42	120	85	41.5	42.5	119.5	120.5
#545454	43	120	85	42.5	43.5	119.5	120.5
#535353	44	120	84	43.5	44.5	119.5	120.5
#555555	45	120	86	44.5	45.5	119.5	120.5
#515151	46	120	82	45.5	46.5	119.5	120.5
#515151	47	120	82	46.5	47.5	119.5	120.5
#525252	48	120	83	47.5	48.5	119.5	120.5
#525252	49	120	83	48.5	49.5	119.5	120.5
#525252	50	120	83	49.5	50.5	119.5	120.5
#515151	51	120	82	50.5	51.5	119.5	120.5
#525252	52	120	83	51.5	52.5	119.5	120.5
#595959	53	120	90	52.5	53.5	119.5	120.5
#5E5E5E	54	120	95	53.5	54.5	119.5	120.5
#616161	55	120	98	54.5	55.5	119.5	120.5
#616161	56	120	98	55.5	56.5	119.5	120.5
#626262	57	120	99	56.5	57.5	119.5	120.5
#666666	58	120	103	57.5	58.5	119.5	120.5
#696969	59	120	106	58.5	59.5	119.5	120.5
#6A6A6A	60	120	107	59.5	60.5	119.5	120.5
#6B6B6B	61	120	108	60.5	61.5	119.5	120.5
#6E6E6E	62	120	111	61.5	62.5	119.5	120.5
#6E6E6E	63	120	111	62.5	63.5	119.5	120.5
#717171	64	120	114	63.5	64.5	119.5	120.5
#717171	65	120	114	64.5	65.5	119.5	120.5
#727272	66	120	115	65.5	66.5	119.5	120.5
#767676	67	120	119	66.5	67.5	119.5	120.5
#797979	68	120	122	67.5	68.5	119.5	120.5
#7B7B7B	69	120	124	68.5	69.5	119.5	120.5
#7C7C7C	70	120	125	69.5	70.5	119.5	120.5
#7A7A7A	71	120	123	70.5	71.5	119.5	120.5
#7A7A7A	72	120	123	71.5	72.5	119.5	120.5
#7B7B7B	73	120	124	72.5	73.5	119.5	120.5
#7C7C7C	74	120	125	73.5	74.5	119.5	120.5
#7F7F7F	75	120	128	74.5	75.5	119.5	120.5
#828282	76	120	131	75.5	76.5	119.5	120.5
#808080	77	120	129	76.5	77.5	119.5	120.5
#7F7F7F	78	120	128	77.5	78.5	119.5	120.5
#7F7F7F	79	120	128	78.5	79.5	119.5	120.5
#7A7A7A	80	120	123	79.5	80.5	119.5	120.5
#777777	81	120	120	80.5	81.5	119.5	120.5
#7A7A7A	82	120	123	81.5	82.5	119.5	120.5
#797979	83	120	122	82.5	83.5	119.5	120.5
#797979	84	120	122	83.5	84.5	119.5	120.5
#797979	85	120	122	84.5	85.5	119.5	120.5
#777777	86	120	120	85.5	86.5	119.5	120.5
#757575	87	120	118	86.5	87.5	119.5	120.5
#6F6F6F	88	120	112	87.5	88.5	119.5	120.5
#6C6C6C	89	120	109	88.5	89.5	119.5	120.5
#6D6D6D	90	120	110	89.5	90.5	119.5	120.5
#6C6C6C	91	120	109	90.5	91.5	119.5	120.5
#6D6D6D	92	120	110	91.5	92.5	119.5	120.5
#6B6B6B	93	120	108	92.5	93.5	119.5	120.5
#666666	94	120	103	93.5	94.5	119.5	120.5
#646464	95	120	101	94.5	95.5	119.5	120.5
#636363	96	120	100	95.5	96.5	119.5	120.5
#626262	97	120	99	96.5	97.5	119.5	120.5
#606060	98	120	97	97.5	98.5	119.5	120.5
#5E5E5E	99	120	95	98.5	99.5	119.5	120.5
#5B5B5B	100	120	92	99.5	100.5	119.5	120.5
#575757	101	120	88	100.5	101.5	119.5	120.5
#505050	102	120	81	101.5	102.5	119.5	120.5
#4C4C4C	103	120	77	102.5	103.5	119.5	120.5
#4B4B4B	104	120	76	103.5	104.5	119.5	120.5
#494949	105	120	74	104.5	105.5	119.5	120.5
#484848	106	120	73	105.5	106.5	119.5	120.5
#464646	107	120	71	106.5	107.5	119.5	120.5
#474747	108	120	72	107.5	108.5	119.5	120.5
#484848	109	120	73	108.5	109.5	119.5	120.5
#464646	110	120	71	109.5	110.5	119.5	120.5
#4D4D4D	111	120	78	110.5	111.5	119.5	120.5
#222222	112	120	35	111.5	112.5	119.5	120.5
#030303	113	120	4	112.5	113.5	119.5	120.5
#545454	114	120	85	113.5	114.5	119.5	120.5
#2E2E2E	115	120	47	114.5	115.5	119.5	120.5
#010101	116	120	2	115.5	116.5	119.5	120.5
#373737	117	120	56	116.5	117.5	119.5	120.5
#3C3C3C	118	120	61	117.5	118.5	119.5	120.5
#353535	119	120	54	118.5	119.5	119.5	120.5
#2B2B2B	120	120	44	119.5	120.5	119.5	120.5
#171717	121	120	24	120.5	121.5	119.5	120.5
#060606	122	120	7	121.5	122.5	119.5	120.5
#010101	123	120	2	122.5	123.5	119.5	120.5
#020202	124	120	3	123.5	124.5	119.5	120.5
#010101	125	120	2	124.5	125.5	119.5	120.5
#1B1B1B	126	120	28	125.5	126.5	119.5	120.5
#242424	127	120	37	126.5	127.5	119.5	120.5
#2F2F2F	128	120	48	127.5	128.5	119.5	120.5
#494949	129	120	74	128.5	129.5	119.5	120.5
#0C0C0C	130	120	13	129.5	130.5	119.5	120.5
#030303	131	120	4	130.5	131.5	119.5	120.5
#040404	132	120	5	131.5	132.5	119.5	120.5
#040404	133	120	5	132.5	133.5	119.5	120.5
#040404	134	120	5	133.5	134.5	119.5	120.5
#040404	135	120	5	134.5	135.5	119.5	120.5
#040404	136	120	5	135.5	136.5	119.5	120.5
#040404	137	120	5	136.5	137.5	119.5	120.5
#040404	138	120	5	137.5	138.5	119.5	120.5
#040404	139	120	5	138.5	139.5	119.5	120.5
#191919	0	119	26	-0.5	0.5	118.5	119.5
#252525	1	119	38	0.5	1.5	118.5	119.5
#292929	2	119	42	1.5	2.5	118.5	119.5
#2D2D2D	3	119	46	2.5	3.5	118.5	119.5
#4D4D4D	4	119	78	3.5	4.5	118.5	119.5
#616161	5	119	98	4.5	5.5	118.5	119.5
#646464	6	119	101	5.5	6.5	118.5	119.5
#696969	7	119	106	6.5	7.5	118.5	119.5
#6D6D6D	8	119	110	7.5	8.5	118.5	119.5
#6A6A6A	9	119	107	8.5	9.5	118.5	119.5
#656565	10	119	102	9.5	10.5	118.5	119.5
#696969	11	119	106	10.5	11.5	118.5	119.5
#6E6E6E	12	119	111	11.5	12.5	118.5	119.5
#6B6B6B	13	119	108	12.5	13.5	118.5	119.5
#6C6C6C	14	119	109	13.5	14.5	118.5	119.5
#6F6F6F	15	119	112	14.5	15.5	118.5	119.5
#6B6B6B	16	119	108	15.5	16.5	118.5	119.5
#6D6D6D	17	119	110	16.5	17.5	118.5	119.5
#6A6A6A	18	119	107	17.5	18.5	118.5	119.5
#6A6A6A	19	119	107	18.5	19.5	118.5	119.5
#6B6B6B	20	119	108	19.5	20.5	118.5	119.5
#6C6C6C	21	119	109	20.5	21.5	118.5	119.5
#6C6C6C	22	119	109	21.5	22.5	118.5	119.5
#6F6F6F	23	119	112	22.5	23.5	118.5	119.5
#707070	24	119	113	23.5	24.5	118.5	119.5
#6E6E6E	25	119	111	24.5	25.5	118.5	119.5
#676767	26	119	104	25.5	26.5	118.5	119.5
#5E5E5E	27	119	95	26.5	27.5	118.5	119.5
#585858	28	119	89	27.5	28.5	118.5	119.5
#535353	29	119	84	28.5	29.5	118.5	119.5
#4F4F4F	30	119	80	29.5	30.5	118.5	119.5
#4F4F4F	31	119	80	30.5	31.5	118.5	119.5
#515151	32	119	82	31.5	32.5	118.5	119.5
#535353	33	119	84	32.5	33.5	118.5	119.5
#555555	34	119	86	33.5	34.5	118.5	119.5
#565656	35	119	87	34.5	35.5	118.5	119.5
#565656	36	119	87	35.5	36.5	118.5	119.5
#565656	37	119	87	36.5	37.5	118.5	119.5
#565656	38	119	87	37.5	38.5	118.5	119.5
#565656	39	119	87	38.5	39.5	118.5	119.5
#545454	40	119	85	39.5	40.5	118.5	119.5
#545454	41	119	85	40.5	41.5	118.5	119.5
#545454	42	119	85	41.5	42.5	118.5	119.5
#545454	43	119	85	42.5	43.5	118.5	119.5
#525252	44	119	83	43.5	44.5	118.5	119.5
#525252	45	119	83	44.5	45.5	118.5	119.5
#545454	46	119	85	45.5	46.5	118.5	119.5
#575757	47	119	88	46.5	47.5	118.5	119.5
#565656	48	119	87	47.5	48.5	118.5	119.5
#555555	49	119	86	48.5	49.5	118.5	119.5
#545454	50	119	85	49.5	50.5	118.5	119.5
#535353	51	119	84	50.5	51.5	118.5	119.5
#515151	52	119	82	51.5	52.5	118.5	119.5
#545454	53	119	85	52.5	53.5	118.5	119.5
#5B5B5B	54	119	92	53.5	54.5	118.5	119.5
#606060	55	119	97	54.5	55.5	118.5	119.5
#626262	56	119	99	55.5	56.5	118.5	119.5
#646464	57	119	101	56.5	57.5	118.5	119.5
#676767	58	119	104	57.5	58.5	118.5	119.5
#696969	59	119	106	58.5	59.5	118.5	119.5
#696969	60	119	106	59.5	60.5	118.5	119.5
#6C6C6C	61	119	109	60.5	61.5	118.5	119.5
#6F6F6F	62	119	112	61.5	62.5	118.5	119.5
#737373	63	119	116	62.5	63.5	118.5	119.5
#767676	64	119	119	63.5	64.5	118.5	119.5
#737373	65	119	116	64.5	65.5	118.5	119.5
#737373	66	119	116	65.5	66.5	118.5	119.5
#727272	67	119	115	66.5	67.5	118.5	119.5
#767676	68	119	119	67.5	68.5	118.5	119.5
#7B7B7B	69	119	124	68.5	69.5	118.5	119.5
#7C7C7C	70	119	125	69.5	70.5	118.5	119.5
#7B7B7B	71	119	124	70.5	71.5	118.5	119.5
#7D7D7D	72	119	126	71.5	72.5	118.5	119.5
#7D7D7D	73	119	126	72.5	73.5	118.5	119.5
#7D7D7D	74	119	126	73.5	74.5	118.5	119.5
#7F7F7F	75	119	128	74.5	75.5	118.5	119.5
#818181	76	119	130	75.5	76.5	118.5	119.5
#808080	77	119	129	76.5	77.5	118.5	119.5
#7D7D7D	78	119	126	77.5	78.5	118.5	119.5
#7C7C7C	79	119	125	78.5	79.5	118.5	119.5
#7D7D7D	80	119	126	79.5	80.5	118.5	119.5
#7C7C7C	81	119	125	80.5	81.5	118.5	119.5
#777777	82	119	120	81.5	82.5	118.5	119.5
#777777	83	119	120	82.5	83.5	118.5	119.5
#7A7A7A	84	119	123	83.5	84.5	118.5	119.5
#7B7B7B	85	119	124	84.5	85.5	118.5	119.5
#777777	86	119	120	85.5	86.5	118.5	119.5
#717171	87	119	114	86.5	87.5	118.5	119.5
#6D6D6D	88	119	110	87.5	88.5	118.5	119.5
#6C6C6C	89	119	109	88.5	89.5	118.5	119.5
#6B6B6B	90	119	108	89.5	90.5	118.5	119.5
#6B6B6B	91	119	108	90.5	91.5	118.5	119.5
#6B6B6B	92	119	108	91.5	92.5	118.5	119.5
#686868	93	119	105	92.5	93.5	118.5	119.5
#656565	94	119	102	93.5	94.5	118.5	119.5
#636363	95	119	100	94.5	95.5	118.5	119.5
#626262	96	119	99	95.5	96.5	118.5	119.5
#606060	97	119	97	96.5	97.5	118.5	119.5
#5E5E5E	98	119	95	97.5	98.5	118.5	119.5
#5C5C5C	99	119	93	98.5	99.5	118.5	119.5
#585858	100	119	89	99.5	100.5	118.5	119.5
#535353	101	119	84	100.5	101.5	118.5	119.5
#4F4F4F	102	119	80	101.5	102.5	118.5	119.5
#4E4E4E	103	119	79	102.5	103.5	118.5	119.5
#4D4D4D	104	119	78	103.5	104.5	118.5	119.5
#494949	105	119	74	104.5	105.5	118.5	119.5
#494949	106	119	74	105.5	106.5	118.5	119.5
#494949	107	119	74	106.5	107.5	118.5	119.5
#484848	108	119	73	107.5	108.5	118.5	119.5
#4A4A4A	109	119	75	108.5	109.5	118.5	119.5
#4A4A4A	110	119	75	109.5	110.5	118.5	119.5
#464646	111	119	71	110.5	111.5	118.5	119.5
#444444	112	119	69	111.5	112.5	118.5	119.5
#0D0D0D	113	119	14	112.5	113.5	118.5	119.5
#1D1D1D	114	119	30	113.5	114.5	118.5	119.5
#1A1A1A	115	119	27	114.5	115.5	118.5	119.5
#1A1A1A	116	119	27	115.5	116.5	118.5	119.5
#484848	117	119	73	116.5	117.5	118.5	119.5
#393939	118	119	58	117.5	118.5	118.5	119.5
#3D3D3D	119	119	62	118.5	119.5	118.5	119.5
#3E3E3E	120	119	63	119.5	120.5	118.5	119.5
#3C3C3C	121	119	61	120.5	121.5	118.5	119.5
#282828	122	119	41	121.5	122.5	118.5	119.5
#0B0B0B	123	119	12	122.5	123.5	118.5	119.5
#000000	124	119	1	123.5	124.5	118.5	119.5
#000000	125	119	1	124.5	125.5	118.5	119.5
#656565	126	119	102	125.5	126.5	118.5	119.5
#797979	127	119	122	126.5	127.5	118.5	119.5
#6A6A6A	128	119	107	127.5	128.5	118.5	119.5
#989898	129	119	153	128.5	129.5	118.5	119.5
#242424	130	119	37	129.5	130.5	118.5	119.5
#000000	131	119	1	130.5	131.5	118.5	119.5
#040404	132	119	5	131.5	132.5	118.5	119.5
#040404	133	119	5	132.5	133.5	118.5	119.5
#040404	134	119	5	133.5	134.5	118.5	119.5
#040404	135	119	5	134.5	135.5	118.5	119.5
#040404	136	119	5	135.5	136.5	118.5	119.5
#050505	137	119	6	136.5	137.5	118.5	119.5
#040404	138	119	5	137.5	138.5	118.5	119.5
#040404	139	119	5	138.5	139.5	118.5	119.5
#202020	0	118	33	-0.5	0.5	117.5	118.5
#2F2F2F	1	118	48	0.5	1.5	117.5	118.5
#313131	2	118	50	1.5	2.5	117.5	118.5
#343434	3	118	53	2.5	3.5	117.5	118.5
#494949	4	118	74	3.5	4.5	117.5	118.5
#595959	5	118	90	4.5	5.5	117.5	118.5
#535353	6	118	84	5.5	6.5	117.5	118.5
#565656	7	118	87	6.5	7.5	117.5	118.5
#5F5F5F	8	118	96	7.5	8.5	117.5	118.5
#686868	9	118	105	8.5	9.5	117.5	118.5
#717171	10	118	114	9.5	10.5	117.5	118.5
#727272	11	118	115	10.5	11.5	117.5	118.5
#707070	12	118	113	11.5	12.5	117.5	118.5
#686868	13	118	105	12.5	13.5	117.5	118.5
#6C6C6C	14	118	109	13.5	14.5	117.5	118.5
#707070	15	118	113	14.5	15.5	117.5	118.5
#6B6B6B	16	118	108	15.5	16.5	117.5	118.5
#6B6B6B	17	118	108	16.5	17.5	117.5	118.5
#696969	18	118	106	17.5	18.5	117.5	118.5
#696969	19	118	106	18.5	19.5	117.5	118.5
#6A6A6A	20	118	107	19.5	20.5	117.5	118.5
#696969	21	118	106	20.5	21.5	117.5	118.5
#6A6A6A	22	118	107	21.5	22.5	117.5	118.5
#696969	23	118	106	22.5	23.5	117.5	118.5
#6E6E6E	24	118	111	23.5	24.5	117.5	118.5
#747474	25	118	117	24.5	25.5	117.5	118.5
#777777	26	118	120	25.5	26.5	117.5	118.5
#777777	27	118	120	26.5	27.5	117.5	118.5
#727272	28	118	115	27.5	28.5	117.5	118.5
#6D6D6D	29	118	110	28.5	29.5	117.5	118.5
#666666	30	118	103	29.5	30.5	117.5	118.5
#5D5D5D	31	118	94	30.5	31.5	117.5	118.5
#555555	32	118	86	31.5	32.5	117.5	118.5
#505050	33	118	81	32.5	33.5	117.5	118.5
#515151	34	118	82	33.5	34.5	117.5	118.5
#545454	35	118	85	34.5	35.5	117.5	118.5
#555555	36	118	86	35.5	36.5	117.5	118.5
#575757	37	118	88	36.5	37.5	117.5	118.5
#555555	38	118	86	37.5	38.5	117.5	118.5
#535353	39	118	84	38.5	39.5	117.5	118.5
#525252	40	118	83	39.5	40.5	117.5	118.5
#535353	41	118	84	40.5	41.5	117.5	118.5
#535353	42	118	84	41.5	42.5	117.5	118.5
#525252	43	118	83	42.5	43.5	117.5	118.5
#515151	44	118	82	43.5	44.5	117.5	118.5
#535353	45	118	84	44.5	45.5	117.5	118.5
#575757	46	118	88	45.5	46.5	117.5	118.5
#5A5A5A	47	118	91	46.5	47.5	117.5	118.5
#595959	48	118	90	47.5	48.5	117.5	118.5
#575757	49	118	88	48.5	49.5	117.5	118.5
#565656	50	118	87	49.5	50.5	117.5	118.5
#545454	51	118	85	50.5	51.5	117.5	118.5
#535353	52	118	84	51.5	52.5	117.5	118.5
#525252	53	118	83	52.5	53.5	117.5	118.5
#595959	54	118	90	53.5	54.5	117.5	118.5
#606060	55	118	97	54.5	55.5	117.5	118.5
#626262	56	118	99	55.5	56.5	117.5	118.5
#646464	57	118	101	56.5	57.5	117.5	118.5
#656565	58	118	102	57.5	58.5	117.5	118.5
#666666	59	118	103	58.5	59.5	117.5	118.5
#666666	60	118	103	59.5	60.5	117.5	118.5
#6D6D6D	61	118	110	60.5	61.5	117.5	118.5
#6F6F6F	62	118	112	61.5	62.5	117.5	118.5
#727272	63	118	115	62.5	63.5	117.5	118.5
#737373	64	118	116	63.5	64.5	117.5	118.5
#727272	65	118	115	64.5	65.5	117.5	118.5
#737373	66	118	116	65.5	66.5	117.5	118.5
#707070	67	118	113	66.5	67.5	117.5	118.5
#727272	68	118	115	67.5	68.5	117.5	118.5
#797979	69	118	122	68.5	69.5	117.5	118.5
#7C7C7C	70	118	125	69.5	70.5	117.5	118.5
#7C7C7C	71	118	125	70.5	71.5	117.5	118.5
#7D7D7D	72	118	126	71.5	72.5	117.5	118.5
#7C7C7C	73	118	125	72.5	73.5	117.5	118.5
#7D7D7D	74	118	126	73.5	74.5	117.5	118.5
#818181	75	118	130	74.5	75.5	117.5	118.5
#818181	76	118	130	75.5	76.5	117.5	118.5
#808080	77	118	129	76.5	77.5	117.5	118.5
#7F7F7F	78	118	128	77.5	78.5	117.5	118.5
#7C7C7C	79	118	125	78.5	79.5	117.5	118.5
#7B7B7B	80	118	124	79.5	80.5	117.5	118.5
#7D7D7D	81	118	126	80.5	81.5	117.5	118.5
#7A7A7A	82	118	123	81.5	82.5	117.5	118.5
#797979	83	118	122	82.5	83.5	117.5	118.5
#7B7B7B	84	118	124	83.5	84.5	117.5	118.5
#797979	85	118	122	84.5	85.5	117.5	118.5
#747474	86	118	117	85.5	86.5	117.5	118.5
#6F6F6F	87	118	112	86.5	87.5	117.5	118.5
#6B6B6B	88	118	108	87.5	88.5	117.5	118.5
#6B6B6B	89	118	108	88.5	89.5	117.5	118.5
#6C6C6C	90	118	109	89.5	90.5	117.5	118.5
#6B6B6B	91	118	108	90.5	91.5	117.5	118.5
#666666	92	118	103	91.5	92.5	117.5	118.5
#656565	93	118	102	92.5	93.5	117.5	118.5
#656565	94	118	102	93.5	94.5	117.5	118.5
#626262	95	118	99	94.5	95.5	117.5	118.5
#606060	96	118	97	95.5	96.5	117.5	118.5
#5E5E5E	97	118	95	96.5	97.5	117.5	118.5
#5C5C5C	98	118	93	97.5	98.5	117.5	118.5
#5B5B5B	99	118	92	98.5	99.5	117.5	118.5
#565656	100	118	87	99.5	100.5	117.5	118.5
#525252	101	118	83	100.5	101.5	117.5	118.5
#515151	102	118	82	101.5	102.5	117.5	118.5
#505050	103	118	81	102.5	103.5	117.5	118.5
#4D4D4D	104	118	78	103.5	104.5	117.5	118.5
#4B4B4B	105	118	76	104.5	105.5	117.5	118.5
#4B4B4B	106	118	76	105.5	106.5	117.5	118.5
#4A4A4A	107	118	75	106.5	107.5	117.5	118.5
#4A4A4A	108	118	75	107.5	108.5	117.5	118.5
#4B4B4B	109	118	76	108.5	109.5	117.5	118.5
#4B4B4B	110	118	76	109.5	110.5	117.5	118.5
#464646	111	118	71	110.5	111.5	117.5	118.5
#494949	112	118	74	111.5	112.5	117.5	118.5
#464646	113	118	71	112.5	113.5	117.5	118.5
#282828	114	118	41	113.5	114.5	117.5	118.5
#2F2F2F	115	118	48	114.5	115.5	117.5	118.5
#494949	116	118	74	115.5	116.5	117.5	118.5
#3E3E3E	117	118	63	116.5	117.5	117.5	118.5
#3B3B3B	118	118	60	117.5	118.5	117.5	118.5
#3C3C3C	119	118	61	118.5	119.5	117.5	118.5
#3E3E3E	120	118	63	119.5	120.5	117.5	118.5
#414141	121	118	66	120.5	121.5	117.5	118.5
#4A4A4A	122	118	75	121.5	122.5	117.5	118.5
#3E3E3E	123	118	63	122.5	123.5	117.5	118.5
#151515	124	118	22	123.5	124.5	117.5	118.5
#090909	125	118	10	124.5	125.5	117.5	118.5
#7F7F7F	126	118	128	125.5	126.5	117.5	118.5
#8A8A8A	127	118	139	126.5	127.5	117.5	118.5
#767676	128	118	119	127.5	128.5	117.5	118.5
#505050	129	118	81	128.5	129.5	117.5	118.5
#080808	130	118	9	129.5	130.5	117.5	118.5
#020202	131	118	3	130.5	131.5	117.5	118.5
#040404	132	118	5	131.5	132.5	117.5	118.5
#040404	133	118	5	132.5	133.5	117.5	118.5
#040404	134	118	5	133.5	134.5	117.5	118.5
#040404	135	118	5	134.5	135.5	117.5	118.5
#040404	136	118	5	135.5	136.5	117.5	118.5
#040404	137	118	5	136.5	137.5	117.5	118.5
#040404	138	118	5	137.5	138.5	117.5	118.5
#040404	139	118	5	138.5	139.5	117.5	118.5
#262626	0	117	39	-0.5	0.5	116.5	117.5
#353535	1	117	54	0.5	1.5	116.5	117.5
#393939	2	117	58	1.5	2.5	116.5	117.5
#3D3D3D	3	117	62	2.5	3.5	116.5	117.5
#4E4E4E	4	117	79	3.5	4.5	116.5	117.5
#595959	5	117	90	4.5	5.5	116.5	117.5
#585858	6	117	89	5.5	6.5	116.5	117.5
#555555	7	117	86	6.5	7.5	116.5	117.5
#4E4E4E	8	117	79	7.5	8.5	116.5	117.5
#4B4B4B	9	117	76	8.5	9.5	116.5	117.5
#545454	10	117	85	9.5	10.5	116.5	117.5
#606060	11	117	97	10.5	11.5	116.5	117.5
#676767	12	117	104	11.5	12.5	116.5	117.5
#686868	13	117	105	12.5	13.5	116.5	117.5
#6B6B6B	14	117	108	13.5	14.5	116.5	117.5
#6E6E6E	15	117	111	14.5	15.5	116.5	117.5
#6D6D6D	16	117	110	15.5	16.5	116.5	117.5
#6C6C6C	17	117	109	16.5	17.5	116.5	117.5
#696969	18	117	106	17.5	18.5	116.5	117.5
#676767	19	117	104	18.5	19.5	116.5	117.5
#686868	20	117	105	19.5	20.5	116.5	117.5
#696969	21	117	106	20.5	21.5	116.5	117.5
#6A6A6A	22	117	107	21.5	22.5	116.5	117.5
#686868	23	117	105	22.5	23.5	116.5	117.5
#6A6A6A	24	117	107	23.5	24.5	116.5	117.5
#6D6D6D	25	117	110	24.5	25.5	116.5	117.5
#737373	26	117	116	25.5	26.5	116.5	117.5
#767676	27	117	119	26.5	27.5	116.5	117.5
#787878	28	117	121	27.5	28.5	116.5	117.5
#777777	29	117	120	28.5	29.5	116.5	117.5
#767676	30	117	119	29.5	30.5	116.5	117.5
#737373	31	117	116	30.5	31.5	116.5	117.5
#6E6E6E	32	117	111	31.5	32.5	116.5	117.5
#646464	33	117	101	32.5	33.5	116.5	117.5
#5A5A5A	34	117	91	33.5	34.5	116.5	117.5
#535353	35	117	84	34.5	35.5	116.5	117.5
#535353	36	117	84	35.5	36.5	116.5	117.5
#555555	37	117	86	36.5	37.5	116.5	117.5
#545454	38	117	85	37.5	38.5	116.5	117.5
#535353	39	117	84	38.5	39.5	116.5	117.5
#545454	40	117	85	39.5	40.5	116.5	117.5
#545454	41	117	85	40.5	41.5	116.5	117.5
#535353	42	117	84	41.5	42.5	116.5	117.5
#535353	43	117	84	42.5	43.5	116.5	117.5
#535353	44	117	84	43.5	44.5	116.5	117.5
#555555	45	117	86	44.5	45.5	116.5	117.5
#585858	46	117	89	45.5	46.5	116.5	117.5
#5A5A5A	47	117	91	46.5	47.5	116.5	117.5
#585858	48	117	89	47.5	48.5	116.5	117.5
#575757	49	117	88	48.5	49.5	116.5	117.5
#575757	50	117	88	49.5	50.5	116.5	117.5
#555555	51	117	86	50.5	51.5	116.5	117.5
#535353	52	117	84	51.5	52.5	116.5	117.5
#545454	53	117	85	52.5	53.5	116.5	117.5
#555555	54	117	86	53.5	54.5	116.5	117.5
#5E5E5E	55	117	95	54.5	55.5	116.5	117.5
#626262	56	117	99	55.5	56.5	116.5	117.5
#646464	57	117	101	56.5	57.5	116.5	117.5
#636363	58	117	100	57.5	58.5	116.5	117.5
#646464	59	117	101	58.5	59.5	116.5	117.5
#686868	60	117	105	59.5	60.5	116.5	117.5
#6C6C6C	61	117	109	60.5	61.5	116.5	117.5
#6F6F6F	62	117	112	61.5	62.5	116.5	117.5
#6E6E6E	63	117	111	62.5	63.5	116.5	117.5
#6D6D6D	64	117	110	63.5	64.5	116.5	117.5
#6E6E6E	65	117	111	64.5	65.5	116.5	117.5
#727272	66	117	115	65.5	66.5	116.5	117.5
#727272	67	117	115	66.5	67.5	116.5	117.5
#727272	68	117	115	67.5	68.5	116.5	117.5
#787878	69	117	121	68.5	69.5	116.5	117.5
#7D7D7D	70	117	126	69.5	70.5	116.5	117.5
#7D7D7D	71	117	126	70.5	71.5	116.5	117.5
#7F7F7F	72	117	128	71.5	72.5	116.5	117.5
#7F7F7F	73	117	128	72.5	73.5	116.5	117.5
#7D7D7D	74	117	126	73.5	74.5	116.5	117.5
#7D7D7D	75	117	126	74.5	75.5	116.5	117.5
#7F7F7F	76	117	128	75.5	76.5	116.5	117.5
#7F7F7F	77	117	128	76.5	77.5	116.5	117.5
#7A7A7A	78	117	123	77.5	78.5	116.5	117.5
#7B7B7B	79	117	124	78.5	79.5	116.5	117.5
#7C7C7C	80	117	125	79.5	80.5	116.5	117.5
#7C7C7C	81	117	125	80.5	81.5	116.5	117.5
#7B7B7B	82	117	124	81.5	82.5	116.5	117.5
#7A7A7A	83	117	123	82.5	83.5	116.5	117.5
#7A7A7A	84	117	123	83.5	84.5	116.5	117.5
#757575	85	117	118	84.5	85.5	116.5	117.5
#707070	86	117	113	85.5	86.5	116.5	117.5
#6D6D6D	87	117	110	86.5	87.5	116.5	117.5
#6A6A6A	88	117	107	87.5	88.5	116.5	117.5
#6A6A6A	89	117	107	88.5	89.5	116.5	117.5
#6C6C6C	90	117	109	89.5	90.5	116.5	117.5
#686868	91	117	105	90.5	91.5	116.5	117.5
#646464	92	117	101	91.5	92.5	116.5	117.5
#666666	93	117	103	92.5	93.5	116.5	117.5
#656565	94	117	102	93.5	94.5	116.5	117.5
#616161	95	117	98	94.5	95.5	116.5	117.5
#5E5E5E	96	117	95	95.5	96.5	116.5	117.5
#5D5D5D	97	117	94	96.5	97.5	116.5	117.5
#5A5A5A	98	117	91	97.5	98.5	116.5	117.5
#555555	99	117	86	98.5	99.5	116.5	117.5
#535353	100	117	84	99.5	100.5	116.5	117.5
#525252	101	117	83	100.5	101.5	116.5	117.5
#525252	102	117	83	101.5	102.5	116.5	117.5
#4E4E4E	103	117	79	102.5	103.5	116.5	117.5
#4D4D4D	104	117	78	103.5	104.5	116.5	117.5
#4D4D4D	105	117	78	104.5	105.5	116.5	117.5
#4C4C4C	106	117	77	105.5	106.5	116.5	117.5
#4B4B4B	107	117	76	106.5	107.5	116.5	117.5
#4B4B4B	108	117	76	107.5	108.5	116.5	117.5
#4C4C4C	109	117	77	108.5	109.5	116.5	117.5
#494949	110	117	74	109.5	110.5	116.5	117.5
#494949	111	117	74	110.5	111.5	116.5	117.5
#454545	112	117	70	111.5	112.5	116.5	117.5
#4A4A4A	113	117	75	112.5	113.5	116.5	117.5
#555555	114	117	86	113.5	114.5	116.5	117.5
#525252	115	117	83	114.5	115.5	116.5	117.5
#404040	116	117	65	115.5	116.5	116.5	117.5
#3C3C3C	117	117	61	116.5	117.5	116.5	117.5
#3D3D3D	118	117	62	117.5	118.5	116.5	117.5
#3B3B3B	119	117	60	118.5	119.5	116.5	117.5
#3E3E3E	120	117	63	119.5	120.5	116.5	117.5
#424242	121	117	67	120.5	121.5	116.5	117.5
#464646	122	117	71	121.5	122.5	116.5	117.5
#4D4D4D	123	117	78	122.5	123.5	116.5	117.5
#4F4F4F	124	117	80	123.5	124.5	116.5	117.5
#2A2A2A	125	117	43	124.5	125.5	116.5	117.5
#202020	126	117	33	125.5	126.5	116.5	117.5
#222222	127	117	35	126.5	127.5	116.5	117.5
#282828	128	117	41	127.5	128.5	116.5	117.5
#060606	129	117	7	128.5	129.5	116.5	117.5
#010101	130	117	2	129.5	130.5	116.5	117.5
#040404	131	117	5	130.5	131.5	116.5	117.5
#040404	132	117	5	131.5	132.5	116.5	117.5
#040404	133	117	5	132.5	133.5	116.5	117.5
#040404	134	117	5	133.5	134.5	116.5	117.5
#040404	135	117	5	134.5	135.5	116.5	117.5
#040404	136	117	5	135.5	136.5	116.5	117.5
#040404	137	117	5	136.5	137.5	116.5	117.5
#040404	138	117	5	137.5	138.5	116.5	117.5
#040404	139	117	5	138.5	139.5	116.5	117.5
#2B2B2B	0	116	44	-0.5	0.5	115.5	116.5
#3D3D3D	1	116	62	0.5	1.5	115.5	116.5
#414141	2	116	66	1.5	2.5	115.5	116.5
#444444	3	116	69	2.5	3.5	115.5	116.5
#4A4A4A	4	116	75	3.5	4.5	115.5	116.5
#555555	5	116	86	4.5	5.5	115.5	116.5
#5C5C5C	6	116	93	5.5	6.5	115.5	116.5
#5D5D5D	7	116	94	6.5	7.5	115.5	116.5
#5C5C5C	8	116	93	7.5	8.5	115.5	116.5
#545454	9	116	85	8.5	9.5	115.5	116.5
#4C4C4C	10	116	77	9.5	10.5	115.5	116.5
#525252	11	116	83	10.5	11.5	115.5	116.5
#555555	12	116	86	11.5	12.5	115.5	116.5
#575757	13	116	88	12.5	13.5	115.5	116.5
#656565	14	116	102	13.5	14.5	115.5	116.5
#727272	15	116	115	14.5	15.5	115.5	116.5
#717171	16	116	114	15.5	16.5	115.5	116.5
#6F6F6F	17	116	112	16.5	17.5	115.5	116.5
#6E6E6E	18	116	111	17.5	18.5	115.5	116.5
#707070	19	116	113	18.5	19.5	115.5	116.5
#727272	20	116	115	19.5	20.5	115.5	116.5
#747474	21	116	117	20.5	21.5	115.5	116.5
#757575	22	116	118	21.5	22.5	115.5	116.5
#757575	23	116	118	22.5	23.5	115.5	116.5
#757575	24	116	118	23.5	24.5	115.5	116.5
#757575	25	116	118	24.5	25.5	115.5	116.5
#767676	26	116	119	25.5	26.5	115.5	116.5
#747474	27	116	117	26.5	27.5	115.5	116.5
#757575	28	116	118	27.5	28.5	115.5	116.5
#747474	29	116	117	28.5	29.5	115.5	116.5
#727272	30	116	115	29.5	30.5	115.5	116.5
#707070	31	116	113	30.5	31.5	115.5	116.5
#717171	32	116	114	31.5	32.5	115.5	116.5
#737373	33	116	116	32.5	33.5	115.5	116.5
#707070	34	116	113	33.5	34.5	115.5	116.5
#666666	35	116	103	34.5	35.5	115.5	116.5
#5A5A5A	36	116	91	35.5	36.5	115.5	116.5
#535353	37	116	84	36.5	37.5	115.5	116.5
#535353	38	116	84	37.5	38.5	115.5	116.5
#525252	39	116	83	38.5	39.5	115.5	116.5
#535353	40	116	84	39.5	40.5	115.5	116.5
#535353	41	116	84	40.5	41.5	115.5	116.5
#535353	42	116	84	41.5	42.5	115.5	116.5
#525252	43	116	83	42.5	43.5	115.5	116.5
#545454	44	116	85	43.5	44.5	115.5	116.5
#555555	45	116	86	44.5	45.5	115.5	116.5
#575757	46	116	88	45.5	46.5	115.5	116.5
#595959	47	116	90	46.5	47.5	115.5	116.5
#585858	48	116	89	47.5	48.5	115.5	116.5
#575757	49	116	88	48.5	49.5	115.5	116.5
#565656	50	116	87	49.5	50.5	115.5	116.5
#555555	51	116	86	50.5	51.5	115.5	116.5
#555555	52	116	86	51.5	52.5	115.5	116.5
#565656	53	116	87	52.5	53.5	115.5	116.5
#545454	54	116	85	53.5	54.5	115.5	116.5
#585858	55	116	89	54.5	55.5	115.5	116.5
#616161	56	116	98	55.5	56.5	115.5	116.5
#636363	57	116	100	56.5	57.5	115.5	116.5
#626262	58	116	99	57.5	58.5	115.5	116.5
#656565	59	116	102	58.5	59.5	115.5	116.5
#6B6B6B	60	116	108	59.5	60.5	115.5	116.5
#6A6A6A	61	116	107	60.5	61.5	115.5	116.5
#6C6C6C	62	116	109	61.5	62.5	115.5	116.5
#717171	63	116	114	62.5	63.5	115.5	116.5
#717171	64	116	114	63.5	64.5	115.5	116.5
#727272	65	116	115	64.5	65.5	115.5	116.5
#727272	66	116	115	65.5	66.5	115.5	116.5
#757575	67	116	118	66.5	67.5	115.5	116.5
#747474	68	116	117	67.5	68.5	115.5	116.5
#777777	69	116	120	68.5	69.5	115.5	116.5
#7A7A7A	70	116	123	69.5	70.5	115.5	116.5
#7C7C7C	71	116	125	70.5	71.5	115.5	116.5
#7F7F7F	72	116	128	71.5	72.5	115.5	116.5
#7F7F7F	73	116	128	72.5	73.5	115.5	116.5
#787878	74	116	121	73.5	74.5	115.5	116.5
#787878	75	116	121	74.5	75.5	115.5	116.5
#7F7F7F	76	116	128	75.5	76.5	115.5	116.5
#808080	77	116	129	76.5	77.5	115.5	116.5
#787878	78	116	121	77.5	78.5	115.5	116.5
#757575	79	116	118	78.5	79.5	115.5	116.5
#7A7A7A	80	116	123	79.5	80.5	115.5	116.5
#7D7D7D	81	116	126	80.5	81.5	115.5	116.5
#7B7B7B	82	116	124	81.5	82.5	115.5	116.5
#7A7A7A	83	116	123	82.5	83.5	115.5	116.5
#787878	84	116	121	83.5	84.5	115.5	116.5
#727272	85	116	115	84.5	85.5	115.5	116.5
#6D6D6D	86	116	110	85.5	86.5	115.5	116.5
#6C6C6C	87	116	109	86.5	87.5	115.5	116.5
#6D6D6D	88	116	110	87.5	88.5	115.5	116.5
#6D6D6D	89	116	110	88.5	89.5	115.5	116.5
#6A6A6A	90	116	107	89.5	90.5	115.5	116.5
#656565	91	116	102	90.5	91.5	115.5	116.5
#636363	92	116	100	91.5	92.5	115.5	116.5
#636363	93	116	100	92.5	93.5	115.5	116.5
#626262	94	116	99	93.5	94.5	115.5	116.5
#606060	95	116	97	94.5	95.5	115.5	116.5
#5E5E5E	96	116	95	95.5	96.5	115.5	116.5
#5C5C5C	97	116	93	96.5	97.5	115.5	116.5
#575757	98	116	88	97.5	98.5	115.5	116.5
#545454	99	116	85	98.5	99.5	115.5	116.5
#545454	100	116	85	99.5	100.5	115.5	116.5
#525252	101	116	83	100.5	101.5	115.5	116.5
#4F4F4F	102	116	80	101.5	102.5	115.5	116.5
#4D4D4D	103	116	78	102.5	103.5	115.5	116.5
#4D4D4D	104	116	78	103.5	104.5	115.5	116.5
#4E4E4E	105	116	79	104.5	105.5	115.5	116.5
#4D4D4D	106	116	78	105.5	106.5	115.5	116.5
#4D4D4D	107	116	78	106.5	107.5	115.5	116.5
#4C4C4C	108	116	77	107.5	108.5	115.5	116.5
#4C4C4C	109	116	77	108.5	109.5	115.5	116.5
#4B4B4B	110	116	76	109.5	110.5	115.5	116.5
#484848	111	116	73	110.5	111.5	115.5	116.5
#474747	112	116	72	111.5	112.5	115.5	116.5
#4B4B4B	113	116	76	112.5	113.5	115.5	116.5
#4B4B4B	114	116	76	113.5	114.5	115.5	116.5
#484848	115	116	73	114.5	115.5	115.5	116.5
#424242	116	116	67	115.5	116.5	115.5	116.5
#404040	117	116	65	116.5	117.5	115.5	116.5
#3E3E3E	118	116	63	117.5	118.5	115.5	116.5
#3D3D3D	119	116	62	118.5	119.5	115.5	116.5
#3D3D3D	120	116	62	119.5	120.5	115.5	116.5
#3F3F3F	121	116	64	120.5	121.5	115.5	116.5
#444444	122	116	69	121.5	122.5	115.5	116.5
#444444	123	116	69	122.5	123.5	115.5	116.5
#4D4D4D	124	116	78	123.5	124.5	115.5	116.5
#4E4E4E	125	116	79	124.5	125.5	115.5	116.5
#151515	126	116	22	125.5	126.5	115.5	116.5
#000000	127	116	1	126.5	127.5	115.5	116.5
#000000	128	116	1	127.5	128.5	115.5	116.5
#010101	129	116	2	128.5	129.5	115.5	116.5
#020202	130	116	3	129.5	130.5	115.5	116.5
#030303	131	116	4	130.5	131.5	115.5	116.5
#030303	132	116	4	131.5	132.5	115.5	116.5
#030303	133	116	4	132.5	133.5	115.5	116.5
#030303	134	116	4	133.5	134.5	115.5	116.5
#040404	135	116	5	134.5	135.5	115.5	116.5
#020202	136	116	3	135.5	136.5	115.5	116.5
#040404	137	116	5	136.5	137.5	115.5	116.5
#040404	138	116	5	137.5	138.5	115.5	116.5
#040404	139	116	5	138.5	139.5	115.5	116.5
#313131	0	115	50	-0.5	0.5	114.5	115.5
#444444	1	115	69	0.5	1.5	114.5	115.5
#454545	2	115	70	1.5	2.5	114.5	115.5
#484848	3	115	73	2.5	3.5	114.5	115.5
#4B4B4B	4	115	76	3.5	4.5	114.5	115.5
#535353	5	115	84	4.5	5.5	114.5	115.5
#5D5D5D	6	115	94	5.5	6.5	114.5	115.5
#5C5C5C	7	115	93	6.5	7.5	114.5	115.5
#5F5F5F	8	115	96	7.5	8.5	114.5	115.5
#595959	9	115	90	8.5	9.5	114.5	115.5
#505050	10	115	81	9.5	10.5	114.5	115.5
#515151	11	115	82	10.5	11.5	114.5	115.5
#525252	12	115	83	11.5	12.5	114.5	115.5
#505050	13	115	81	12.5	13.5	114.5	115.5
#575757	14	115	88	13.5	14.5	114.5	115.5
#6D6D6D	15	115	110	14.5	15.5	114.5	115.5
#707070	16	115	113	15.5	16.5	114.5	115.5
#6D6D6D	17	115	110	16.5	17.5	114.5	115.5
#6F6F6F	18	115	112	17.5	18.5	114.5	115.5
#747474	19	115	117	18.5	19.5	114.5	115.5
#727272	20	115	115	19.5	20.5	114.5	115.5
#737373	21	115	116	20.5	21.5	114.5	115.5
#757575	22	115	118	21.5	22.5	114.5	115.5
#767676	23	115	119	22.5	23.5	114.5	115.5
#777777	24	115	120	23.5	24.5	114.5	115.5
#777777	25	115	120	24.5	25.5	114.5	115.5
#7B7B7B	26	115	124	25.5	26.5	114.5	115.5
#7C7C7C	27	115	125	26.5	27.5	114.5	115.5
#7C7C7C	28	115	125	27.5	28.5	114.5	115.5
#7A7A7A	29	115	123	28.5	29.5	114.5	115.5
#787878	30	115	121	29.5	30.5	114.5	115.5
#747474	31	115	117	30.5	31.5	114.5	115.5
#707070	32	115	113	31.5	32.5	114.5	115.5
#6E6E6E	33	115	111	32.5	33.5	114.5	115.5
#707070	34	115	113	33.5	34.5	114.5	115.5
#717171	35	115	114	34.5	35.5	114.5	115.5
#6C6C6C	36	115	109	35.5	36.5	114.5	115.5
#616161	37	115	98	36.5	37.5	114.5	115.5
#575757	38	115	88	37.5	38.5	114.5	115.5
#515151	39	115	82	38.5	39.5	114.5	115.5
#525252	40	115	83	39.5	40.5	114.5	115.5
#535353	41	115	84	40.5	41.5	114.5	115.5
#535353	42	115	84	41.5	42.5	114.5	115.5
#545454	43	115	85	42.5	43.5	114.5	115.5
#545454	44	115	85	43.5	44.5	114.5	115.5
#555555	45	115	86	44.5	45.5	114.5	115.5
#565656	46	115	87	45.5	46.5	114.5	115.5
#585858	47	115	89	46.5	47.5	114.5	115.5
#5A5A5A	48	115	91	47.5	48.5	114.5	115.5
#585858	49	115	89	48.5	49.5	114.5	115.5
#585858	50	115	89	49.5	50.5	114.5	115.5
#575757	51	115	88	50.5	51.5	114.5	115.5
#575757	52	115	88	51.5	52.5	114.5	115.5
#565656	53	115	87	52.5	53.5	114.5	115.5
#555555	54	115	86	53.5	54.5	114.5	115.5
#555555	55	115	86	54.5	55.5	114.5	115.5
#5B5B5B	56	115	92	55.5	56.5	114.5	115.5
#606060	57	115	97	56.5	57.5	114.5	115.5
#626262	58	115	99	57.5	58.5	114.5	115.5
#686868	59	115	105	58.5	59.5	114.5	115.5
#6A6A6A	60	115	107	59.5	60.5	114.5	115.5
#696969	61	115	106	60.5	61.5	114.5	115.5
#6A6A6A	62	115	107	61.5	62.5	114.5	115.5
#727272	63	115	115	62.5	63.5	114.5	115.5
#737373	64	115	116	63.5	64.5	114.5	115.5
#757575	65	115	118	64.5	65.5	114.5	115.5
#767676	66	115	119	65.5	66.5	114.5	115.5
#777777	67	115	120	66.5	67.5	114.5	115.5
#767676	68	115	119	67.5	68.5	114.5	115.5
#767676	69	115	119	68.5	69.5	114.5	115.5
#787878	70	115	121	69.5	70.5	114.5	115.5
#7B7B7B	71	115	124	70.5	71.5	114.5	115.5
#7B7B7B	72	115	124	71.5	72.5	114.5	115.5
#7B7B7B	73	115	124	72.5	73.5	114.5	115.5
#7A7A7A	74	115	123	73.5	74.5	114.5	115.5
#7D7D7D	75	115	126	74.5	75.5	114.5	115.5
#7E7E7E	76	115	127	75.5	76.5	114.5	115.5
#7E7E7E	77	115	127	76.5	77.5	114.5	115.5
#7C7C7C	78	115	125	77.5	78.5	114.5	115.5
#777777	79	115	120	78.5	79.5	114.5	115.5
#777777	80	115	120	79.5	80.5	114.5	115.5
#797979	81	115	122	80.5	81.5	114.5	115.5
#7C7C7C	82	115	125	81.5	82.5	114.5	115.5
#7D7D7D	83	115	126	82.5	83.5	114.5	115.5
#787878	84	115	121	83.5	84.5	114.5	115.5
#707070	85	115	113	84.5	85.5	114.5	115.5
#6E6E6E	86	115	111	85.5	86.5	114.5	115.5
#6E6E6E	87	115	111	86.5	87.5	114.5	115.5
#6F6F6F	88	115	112	87.5	88.5	114.5	115.5
#6D6D6D	89	115	110	88.5	89.5	114.5	115.5
#6A6A6A	90	115	107	89.5	90.5	114.5	115.5
#686868	91	115	105	90.5	91.5	114.5	115.5
#636363	92	115	100	91.5	92.5	114.5	115.5
#606060	93	115	97	92.5	93.5	114.5	115.5
#606060	94	115	97	93.5	94.5	114.5	115.5
#5F5F5F	95	115	96	94.5	95.5	114.5	115.5
#5D5D5D	96	115	94	95.5	96.5	114.5	115.5
#595959	97	115	90	96.5	97.5	114.5	115.5
#565656	98	115	87	97.5	98.5	114.5	115.5
#555555	99	115	86	98.5	99.5	114.5	115.5
#535353	100	115	84	99.5	100.5	114.5	115.5
#505050	101	115	81	100.5	101.5	114.5	115.5
#4E4E4E	102	115	79	101.5	102.5	114.5	115.5
#4E4E4E	103	115	79	102.5	103.5	114.5	115.5
#505050	104	115	81	103.5	104.5	114.5	115.5
#515151	105	115	82	104.5	105.5	114.5	115.5
#4F4F4F	106	115	80	105.5	106.5	114.5	115.5
#4E4E4E	107	115	79	106.5	107.5	114.5	115.5
#4D4D4D	108	115	78	107.5	108.5	114.5	115.5
#4E4E4E	109	115	79	108.5	109.5	114.5	115.5
#4C4C4C	110	115	77	109.5	110.5	114.5	115.5
#494949	111	115	74	110.5	111.5	114.5	115.5
#494949	112	115	74	111.5	112.5	114.5	115.5
#4D4D4D	113	115	78	112.5	113.5	114.5	115.5
#4D4D4D	114	115	78	113.5	114.5	114.5	115.5
#494949	115	115	74	114.5	115.5	114.5	115.5
#434343	116	115	68	115.5	116.5	114.5	115.5
#424242	117	115	67	116.5	117.5	114.5	115.5
#404040	118	115	65	117.5	118.5	114.5	115.5
#3F3F3F	119	115	64	118.5	119.5	114.5	115.5
#3D3D3D	120	115	62	119.5	120.5	114.5	115.5
#3D3D3D	121	115	62	120.5	121.5	114.5	115.5
#424242	122	115	67	121.5	122.5	114.5	115.5
#434343	123	115	68	122.5	123.5	114.5	115.5
#434343	124	115	68	123.5	124.5	114.5	115.5
#4B4B4B	125	115	76	124.5	125.5	114.5	115.5
#3C3C3C	126	115	61	125.5	126.5	114.5	115.5
#111111	127	115	18	126.5	127.5	114.5	115.5
#080808	128	115	9	127.5	128.5	114.5	115.5
#030303	129	115	4	128.5	129.5	114.5	115.5
#020202	130	115	3	129.5	130.5	114.5	115.5
#020202	131	115	3	130.5	131.5	114.5	115.5
#030303	132	115	4	131.5	132.5	114.5	115.5
#030303	133	115	4	132.5	133.5	114.5	115.5
#030303	134	115	4	133.5	134.5	114.5	115.5
#000000	135	115	1	134.5	135.5	114.5	115.5
#030303	136	115	4	135.5	136.5	114.5	115.5
#010101	137	115	2	136.5	137.5	114.5	115.5
#040404	138	115	5	137.5	138.5	114.5	115.5
#040404	139	115	5	138.5	139.5	114.5	115.5
#343434	0	114	53	-0.5	0.5	113.5	114.5
#484848	1	114	73	0.5	1.5	113.5	114.5
#4A4A4A	2	114	75	1.5	2.5	113.5	114.5
#4F4F4F	3	114	80	2.5	3.5	113.5	114.5
#555555	4	114	86	3.5	4.5	113.5	114.5
#585858	5	114	89	4.5	5.5	113.5	114.5
#5A5A5A	6	114	91	5.5	6.5	113.5	114.5
#5F5F5F	7	114	96	6.5	7.5	113.5	114.5
#606060	8	114	97	7.5	8.5	113.5	114.5
#5B5B5B	9	114	92	8.5	9.5	113.5	114.5
#595959	10	114	90	9.5	10.5	113.5	114.5
#5A5A5A	11	114	91	10.5	11.5	113.5	114.5
#5A5A5A	12	114	91	11.5	12.5	113.5	114.5
#595959	13	114	90	12.5	13.5	113.5	114.5
#585858	14	114	89	13.5	14.5	113.5	114.5
#5E5E5E	15	114	95	14.5	15.5	113.5	114.5
#6C6C6C	16	114	109	15.5	16.5	113.5	114.5
#6E6E6E	17	114	111	16.5	17.5	113.5	114.5
#6E6E6E	18	114	111	17.5	18.5	113.5	114.5
#6E6E6E	19	114	111	18.5	19.5	113.5	114.5
#6B6B6B	20	114	108	19.5	20.5	113.5	114.5
#6A6A6A	21	114	107	20.5	21.5	113.5	114.5
#686868	22	114	105	21.5	22.5	113.5	114.5
#656565	23	114	102	22.5	23.5	113.5	114.5
#646464	24	114	101	23.5	24.5	113.5	114.5
#636363	25	114	100	24.5	25.5	113.5	114.5
#6B6B6B	26	114	108	25.5	26.5	113.5	114.5
#737373	27	114	116	26.5	27.5	113.5	114.5
#777777	28	114	120	27.5	28.5	113.5	114.5
#7B7B7B	29	114	124	28.5	29.5	113.5	114.5
#7D7D7D	30	114	126	29.5	30.5	113.5	114.5
#7B7B7B	31	114	124	30.5	31.5	113.5	114.5
#757575	32	114	118	31.5	32.5	113.5	114.5
#707070	33	114	113	32.5	33.5	113.5	114.5
#6E6E6E	34	114	111	33.5	34.5	113.5	114.5
#6C6C6C	35	114	109	34.5	35.5	113.5	114.5
#6D6D6D	36	114	110	35.5	36.5	113.5	114.5
#6F6F6F	37	114	112	36.5	37.5	113.5	114.5
#6B6B6B	38	114	108	37.5	38.5	113.5	114.5
#626262	39	114	99	38.5	39.5	113.5	114.5
#595959	40	114	90	39.5	40.5	113.5	114.5
#575757	41	114	88	40.5	41.5	113.5	114.5
#5C5C5C	42	114	93	41.5	42.5	113.5	114.5
#5F5F5F	43	114	96	42.5	43.5	113.5	114.5
#5C5C5C	44	114	93	43.5	44.5	113.5	114.5
#565656	45	114	87	44.5	45.5	113.5	114.5
#565656	46	114	87	45.5	46.5	113.5	114.5
#575757	47	114	88	46.5	47.5	113.5	114.5
#595959	48	114	90	47.5	48.5	113.5	114.5
#595959	49	114	90	48.5	49.5	113.5	114.5
#585858	50	114	89	49.5	50.5	113.5	114.5
#575757	51	114	88	50.5	51.5	113.5	114.5
#565656	52	114	87	51.5	52.5	113.5	114.5
#565656	53	114	87	52.5	53.5	113.5	114.5
#575757	54	114	88	53.5	54.5	113.5	114.5
#565656	55	114	87	54.5	55.5	113.5	114.5
#585858	56	114	89	55.5	56.5	113.5	114.5
#626262	57	114	99	56.5	57.5	113.5	114.5
#696969	58	114	106	57.5	58.5	113.5	114.5
#686868	59	114	105	58.5	59.5	113.5	114.5
#676767	60	114	104	59.5	60.5	113.5	114.5
#666666	61	114	103	60.5	61.5	113.5	114.5
#6B6B6B	62	114	108	61.5	62.5	113.5	114.5
#707070	63	114	113	62.5	63.5	113.5	114.5
#737373	64	114	116	63.5	64.5	113.5	114.5
#787878	65	114	121	64.5	65.5	113.5	114.5
#777777	66	114	120	65.5	66.5	113.5	114.5
#767676	67	114	119	66.5	67.5	113.5	114.5
#757575	68	114	118	67.5	68.5	113.5	114.5
#747474	69	114	117	68.5	69.5	113.5	114.5
#787878	70	114	121	69.5	70.5	113.5	114.5
#7C7C7C	71	114	125	70.5	71.5	113.5	114.5
#7D7D7D	72	114	126	71.5	72.5	113.5	114.5
#7D7D7D	73	114	126	72.5	73.5	113.5	114.5
#7C7C7C	74	114	125	73.5	74.5	113.5	114.5
#7C7C7C	75	114	125	74.5	75.5	113.5	114.5
#7A7A7A	76	114	123	75.5	76.5	113.5	114.5
#7B7B7B	77	114	124	76.5	77.5	113.5	114.5
#7D7D7D	78	114	126	77.5	78.5	113.5	114.5
#7C7C7C	79	114	125	78.5	79.5	113.5	114.5
#7A7A7A	80	114	123	79.5	80.5	113.5	114.5
#787878	81	114	121	80.5	81.5	113.5	114.5
#797979	82	114	122	81.5	82.5	113.5	114.5
#797979	83	114	122	82.5	83.5	113.5	114.5
#767676	84	114	119	83.5	84.5	113.5	114.5
#717171	85	114	114	84.5	85.5	113.5	114.5
#6F6F6F	86	114	112	85.5	86.5	113.5	114.5
#6F6F6F	87	114	112	86.5	87.5	113.5	114.5
#6D6D6D	88	114	110	87.5	88.5	113.5	114.5
#696969	89	114	106	88.5	89.5	113.5	114.5
#696969	90	114	106	89.5	90.5	113.5	114.5
#6B6B6B	91	114	108	90.5	91.5	113.5	114.5
#626262	92	114	99	91.5	92.5	113.5	114.5
#5E5E5E	93	114	95	92.5	93.5	113.5	114.5
#5E5E5E	94	114	95	93.5	94.5	113.5	114.5
#5C5C5C	95	114	93	94.5	95.5	113.5	114.5
#5A5A5A	96	114	91	95.5	96.5	113.5	114.5
#585858	97	114	89	96.5	97.5	113.5	114.5
#575757	98	114	88	97.5	98.5	113.5	114.5
#565656	99	114	87	98.5	99.5	113.5	114.5
#545454	100	114	85	99.5	100.5	113.5	114.5
#515151	101	114	82	100.5	101.5	113.5	114.5
#4E4E4E	102	114	79	101.5	102.5	113.5	114.5
#4E4E4E	103	114	79	102.5	103.5	113.5	114.5
#505050	104	114	81	103.5	104.5	113.5	114.5
#515151	105	114	82	104.5	105.5	113.5	114.5
#515151	106	114	82	105.5	106.5	113.5	114.5
#505050	107	114	81	106.5	107.5	113.5	114.5
#4F4F4F	108	114	80	107.5	108.5	113.5	114.5
#4D4D4D	109	114	78	108.5	109.5	113.5	114.5
#4C4C4C	110	114	77	109.5	110.5	113.5	114.5
#4A4A4A	111	114	75	110.5	111.5	113.5	114.5
#4A4A4A	112	114	75	111.5	112.5	113.5	114.5
#4F4F4F	113	114	80	112.5	113.5	113.5	114.5
#4E4E4E	114	114	79	113.5	114.5	113.5	114.5
#494949	115	114	74	114.5	115.5	113.5	114.5
#444444	116	114	69	115.5	116.5	113.5	114.5
#424242	117	114	67	116.5	117.5	113.5	114.5
#424242	118	114	67	117.5	118.5	113.5	114.5
#424242	119	114	67	118.5	119.5	113.5	114.5
#3F3F3F	120	114	64	119.5	120.5	113.5	114.5
#3D3D3D	121	114	62	120.5	121.5	113.5	114.5
#3D3D3D	122	114	62	121.5	122.5	113.5	114.5
#414141	123	114	66	122.5	123.5	113.5	114.5
#424242	124	114	67	123.5	124.5	113.5	114.5
#424242	125	114	67	124.5	125.5	113.5	114.5
#444444	126	114	69	125.5	126.5	113.5	114.5
#262626	127	114	39	126.5	127.5	113.5	114.5
#141414	128	114	21	127.5	128.5	113.5	114.5
#0E0E0E	129	114	15	128.5	129.5	113.5	114.5
#060606	130	114	7	129.5	130.5	113.5	114.5
#020202	131	114	3	130.5	131.5	113.5	114.5
#020202	132	114	3	131.5	132.5	113.5	114.5
#020202	133	114	3	132.5	133.5	113.5	114.5
#000000	134	114	1	133.5	134.5	113.5	114.5
#212121	135	114	34	134.5	135.5	113.5	114.5
#8F8F8F	136	114	144	135.5	136.5	113.5	114.5
#222222	137	114	35	136.5	137.5	113.5	114.5
#000000	138	114	1	137.5	138.5	113.5	114.5
#040404	139	114	5	138.5	139.5	113.5	114.5
#373737	0	113	56	-0.5	0.5	112.5	113.5
#505050	1	113	81	0.5	1.5	112.5	113.5
#565656	2	113	87	1.5	2.5	112.5	113.5
#5E5E5E	3	113	95	2.5	3.5	112.5	113.5
#676767	4	113	104	3.5	4.5	112.5	113.5
#696969	5	113	106	4.5	5.5	112.5	113.5
#676767	6	113	104	5.5	6.5	112.5	113.5
#656565	7	113	102	6.5	7.5	112.5	113.5
#5F5F5F	8	113	96	7.5	8.5	112.5	113.5
#5B5B5B	9	113	92	8.5	9.5	112.5	113.5
#5F5F5F	10	113	96	9.5	10.5	112.5	113.5
#616161	11	113	98	10.5	11.5	112.5	113.5
#616161	12	113	98	11.5	12.5	112.5	113.5
#5F5F5F	13	113	96	12.5	13.5	112.5	113.5
#5E5E5E	14	113	95	13.5	14.5	112.5	113.5
#5C5C5C	15	113	93	14.5	15.5	112.5	113.5
#696969	16	113	106	15.5	16.5	112.5	113.5
#737373	17	113	116	16.5	17.5	112.5	113.5
#737373	18	113	116	17.5	18.5	112.5	113.5
#717171	19	113	114	18.5	19.5	112.5	113.5
#6F6F6F	20	113	112	19.5	20.5	112.5	113.5
#6D6D6D	21	113	110	20.5	21.5	112.5	113.5
#6B6B6B	22	113	108	21.5	22.5	112.5	113.5
#676767	23	113	104	22.5	23.5	112.5	113.5
#656565	24	113	102	23.5	24.5	112.5	113.5
#636363	25	113	100	24.5	25.5	112.5	113.5
#636363	26	113	100	25.5	26.5	112.5	113.5
#686868	27	113	105	26.5	27.5	112.5	113.5
#6A6A6A	28	113	107	27.5	28.5	112.5	113.5
#6C6C6C	29	113	109	28.5	29.5	112.5	113.5
#737373	30	113	116	29.5	30.5	112.5	113.5
#777777	31	113	120	30.5	31.5	112.5	113.5
#777777	32	113	120	31.5	32.5	112.5	113.5
#757575	33	113	118	32.5	33.5	112.5	113.5
#707070	34	113	113	33.5	34.5	112.5	113.5
#6D6D6D	35	113	110	34.5	35.5	112.5	113.5
#696969	36	113	106	35.5	36.5	112.5	113.5
#6B6B6B	37	113	108	36.5	37.5	112.5	113.5
#6D6D6D	38	113	110	37.5	38.5	112.5	113.5
#6E6E6E	39	113	111	38.5	39.5	112.5	113.5
#6C6C6C	40	113	109	39.5	40.5	112.5	113.5
#676767	41	113	104	40.5	41.5	112.5	113.5
#616161	42	113	98	41.5	42.5	112.5	113.5
#616161	43	113	98	42.5	43.5	112.5	113.5
#646464	44	113	101	43.5	44.5	112.5	113.5
#5C5C5C	45	113	93	44.5	45.5	112.5	113.5
#585858	46	113	89	45.5	46.5	112.5	113.5
#565656	47	113	87	46.5	47.5	112.5	113.5
#575757	48	113	88	47.5	48.5	112.5	113.5
#585858	49	113	89	48.5	49.5	112.5	113.5
#585858	50	113	89	49.5	50.5	112.5	113.5
#565656	51	113	87	50.5	51.5	112.5	113.5
#565656	52	113	87	51.5	52.5	112.5	113.5
#585858	53	113	89	52.5	53.5	112.5	113.5
#5B5B5B	54	113	92	53.5	54.5	112.5	113.5
#5F5F5F	55	113	96	54.5	55.5	112.5	113.5
#656565	56	113	102	55.5	56.5	112.5	113.5
#6A6A6A	57	113	107	56.5	57.5	112.5	113.5
#6E6E6E	58	113	111	57.5	58.5	112.5	113.5
#6F6F6F	59	113	112	58.5	59.5	112.5	113.5
#6F6F6F	60	113	112	59.5	60.5	112.5	113.5
#6E6E6E	61	113	111	60.5	61.5	112.5	113.5
#6F6F6F	62	113	112	61.5	62.5	112.5	113.5
#707070	63	113	113	62.5	63.5	112.5	113.5
#707070	64	113	113	63.5	64.5	112.5	113.5
#747474	65	113	117	64.5	65.5	112.5	113.5
#737373	66	113	116	65.5	66.5	112.5	113.5
#737373	67	113	116	66.5	67.5	112.5	113.5
#747474	68	113	117	67.5	68.5	112.5	113.5
#737373	69	113	116	68.5	69.5	112.5	113.5
#737373	70	113	116	69.5	70.5	112.5	113.5
#767676	71	113	119	70.5	71.5	112.5	113.5
#7C7C7C	72	113	125	71.5	72.5	112.5	113.5
#7B7B7B	73	113	124	72.5	73.5	112.5	113.5
#787878	74	113	121	73.5	74.5	112.5	113.5
#797979	75	113	122	74.5	75.5	112.5	113.5
#787878	76	113	121	75.5	76.5	112.5	113.5
#787878	77	113	121	76.5	77.5	112.5	113.5
#7A7A7A	78	113	123	77.5	78.5	112.5	113.5
#7A7A7A	79	113	123	78.5	79.5	112.5	113.5
#7B7B7B	80	113	124	79.5	80.5	112.5	113.5
#7C7C7C	81	113	125	80.5	81.5	112.5	113.5
#7B7B7B	82	113	124	81.5	82.5	112.5	113.5
#7A7A7A	83	113	123	82.5	83.5	112.5	113.5
#777777	84	113	120	83.5	84.5	112.5	113.5
#707070	85	113	113	84.5	85.5	112.5	113.5
#6F6F6F	86	113	112	85.5	86.5	112.5	113.5
#707070	87	113	113	86.5	87.5	112.5	113.5
#6A6A6A	88	113	107	87.5	88.5	112.5	113.5
#696969	89	113	106	88.5	89.5	112.5	113.5
#686868	90	113	105	89.5	90.5	112.5	113.5
#676767	91	113	104	90.5	91.5	112.5	113.5
#646464	92	113	101	91.5	92.5	112.5	113.5
#5E5E5E	93	113	95	92.5	93.5	112.5	113.5
#5A5A5A	94	113	91	93.5	94.5	112.5	113.5
#595959	95	113	90	94.5	95.5	112.5	113.5
#5A5A5A	96	113	91	95.5	96.5	112.5	113.5
#595959	97	113	90	96.5	97.5	112.5	113.5
#565656	98	113	87	97.5	98.5	112.5	113.5
#555555	99	113	86	98.5	99.5	112.5	113.5
#535353	100	113	84	99.5	100.5	112.5	113.5
#525252	101	113	83	100.5	101.5	112.5	113.5
#515151	102	113	82	101.5	102.5	112.5	113.5
#4F4F4F	103	113	80	102.5	103.5	112.5	113.5
#505050	104	113	81	103.5	104.5	112.5	113.5
#505050	105	113	81	104.5	105.5	112.5	113.5
#515151	106	113	82	105.5	106.5	112.5	113.5
#505050	107	113	81	106.5	107.5	112.5	113.5
#515151	108	113	82	107.5	108.5	112.5	113.5
#4F4F4F	109	113	80	108.5	109.5	112.5	113.5
#4D4D4D	110	113	78	109.5	110.5	112.5	113.5
#4B4B4B	111	113	76	110.5	111.5	112.5	113.5
#4C4C4C	112	113	77	111.5	112.5	112.5	113.5
#4F4F4F	113	113	80	112.5	113.5	112.5	113.5
#4F4F4F	114	113	80	113.5	114.5	112.5	113.5
#494949	115	113	74	114.5	115.5	112.5	113.5
#474747	116	113	72	115.5	116.5	112.5	113.5
#454545	117	113	70	116.5	117.5	112.5	113.5
#454545	118	113	70	117.5	118.5	112.5	113.5
#444444	119	113	69	118.5	119.5	112.5	113.5
#444444	120	113	69	119.5	120.5	112.5	113.5
#414141	121	113	66	120.5	121.5	112.5	113.5
#3D3D3D	122	113	62	121.5	122.5	112.5	113.5
#3E3E3E	123	113	63	122.5	123.5	112.5	113.5
#404040	124	113	65	123.5	124.5	112.5	113.5
#3F3F3F	125	113	64	124.5	125.5	112.5	113.5
#3F3F3F	126	113	64	125.5	126.5	112.5	113.5
#343434	127	113	53	126.5	127.5	112.5	113.5
#1E1E1E	128	113	31	127.5	128.5	112.5	113.5
#191919	129	113	26	128.5	129.5	112.5	113.5
#151515	130	113	22	129.5	130.5	112.5	113.5
#0D0D0D	131	113	14	130.5	131.5	112.5	113.5
#060606	132	113	7	131.5	132.5	112.5	113.5
#000000	133	113	1	132.5	133.5	112.5	113.5
#181818	134	113	25	133.5	134.5	112.5	113.5
#ACACAC	135	113	173	134.5	135.5	112.5	113.5
#FFFFFF	136	113	256	135.5	136.5	112.5	113.5
#AEAEAE	137	113	175	136.5	137.5	112.5	113.5
#181818	138	113	25	137.5	138.5	112.5	113.5
#010101	139	113	2	138.5	139.5	112.5	113.5
#424242	0	112	67	-0.5	0.5	111.5	112.5
#606060	1	112	97	0.5	1.5	111.5	112.5
#606060	2	112	97	1.5	2.5	111.5	112.5
#646464	3	112	101	2.5	3.5	111.5	112.5
#6A6A6A	4	112	107	3.5	4.5	111.5	112.5
#6E6E6E	5	112	111	4.5	5.5	111.5	112.5
#707070	6	112	113	5.5	6.5	111.5	112.5
#737373	7	112	116	6.5	7.5	111.5	112.5
#6E6E6E	8	112	111	7.5	8.5	111.5	112.5
#656565	9	112	102	8.5	9.5	111.5	112.5
#616161	10	112	98	9.5	10.5	111.5	112.5
#646464	11	112	101	10.5	11.5	111.5	112.5
#646464	12	112	101	11.5	12.5	111.5	112.5
#656565	13	112	102	12.5	13.5	111.5	112.5
#656565	14	112	102	13.5	14.5	111.5	112.5
#636363	15	112	100	14.5	15.5	111.5	112.5
#676767	16	112	104	15.5	16.5	111.5	112.5
#747474	17	112	117	16.5	17.5	111.5	112.5
#767676	18	112	119	17.5	18.5	111.5	112.5
#747474	19	112	117	18.5	19.5	111.5	112.5
#727272	20	112	115	19.5	20.5	111.5	112.5
#707070	21	112	113	20.5	21.5	111.5	112.5
#6D6D6D	22	112	110	21.5	22.5	111.5	112.5
#6A6A6A	23	112	107	22.5	23.5	111.5	112.5
#676767	24	112	104	23.5	24.5	111.5	112.5
#666666	25	112	103	24.5	25.5	111.5	112.5
#646464	26	112	101	25.5	26.5	111.5	112.5
#636363	27	112	100	26.5	27.5	111.5	112.5
#636363	28	112	100	27.5	28.5	111.5	112.5
#636363	29	112	100	28.5	29.5	111.5	112.5
#646464	30	112	101	29.5	30.5	111.5	112.5
#676767	31	112	104	30.5	31.5	111.5	112.5
#6D6D6D	32	112	110	31.5	32.5	111.5	112.5
#727272	33	112	115	32.5	33.5	111.5	112.5
#737373	34	112	116	33.5	34.5	111.5	112.5
#727272	35	112	115	34.5	35.5	111.5	112.5
#6F6F6F	36	112	112	35.5	36.5	111.5	112.5
#6C6C6C	37	112	109	36.5	37.5	111.5	112.5
#6B6B6B	38	112	108	37.5	38.5	111.5	112.5
#6D6D6D	39	112	110	38.5	39.5	111.5	112.5
#717171	40	112	114	39.5	40.5	111.5	112.5
#727272	41	112	115	40.5	41.5	111.5	112.5
#6B6B6B	42	112	108	41.5	42.5	111.5	112.5
#636363	43	112	100	42.5	43.5	111.5	112.5
#626262	44	112	99	43.5	44.5	111.5	112.5
#606060	45	112	97	44.5	45.5	111.5	112.5
#5A5A5A	46	112	91	45.5	46.5	111.5	112.5
#575757	47	112	88	46.5	47.5	111.5	112.5
#555555	48	112	86	47.5	48.5	111.5	112.5
#565656	49	112	87	48.5	49.5	111.5	112.5
#585858	50	112	89	49.5	50.5	111.5	112.5
#5B5B5B	51	112	92	50.5	51.5	111.5	112.5
#5F5F5F	52	112	96	51.5	52.5	111.5	112.5
#626262	53	112	99	52.5	53.5	111.5	112.5
#656565	54	112	102	53.5	54.5	111.5	112.5
#6B6B6B	55	112	108	54.5	55.5	111.5	112.5
#6C6C6C	56	112	109	55.5	56.5	111.5	112.5
#6A6A6A	57	112	107	56.5	57.5	111.5	112.5
#6C6C6C	58	112	109	57.5	58.5	111.5	112.5
#717171	59	112	114	58.5	59.5	111.5	112.5
#727272	60	112	115	59.5	60.5	111.5	112.5
#717171	61	112	114	60.5	61.5	111.5	112.5
#717171	62	112	114	61.5	62.5	111.5	112.5
#737373	63	112	116	62.5	63.5	111.5	112.5
#707070	64	112	113	63.5	64.5	111.5	112.5
#717171	65	112	114	64.5	65.5	111.5	112.5
#737373	66	112	116	65.5	66.5	111.5	112.5
#717171	67	112	114	66.5	67.5	111.5	112.5
#6F6F6F	68	112	112	67.5	68.5	111.5	112.5
#747474	69	112	117	68.5	69.5	111.5	112.5
#777777	70	112	120	69.5	70.5	111.5	112.5
#777777	71	112	120	70.5	71.5	111.5	112.5
#7E7E7E	72	112	127	71.5	72.5	111.5	112.5
#7B7B7B	73	112	124	72.5	73.5	111.5	112.5
#797979	74	112	122	73.5	74.5	111.5	112.5
#797979	75	112	122	74.5	75.5	111.5	112.5
#7A7A7A	76	112	123	75.5	76.5	111.5	112.5
#7A7A7A	77	112	123	76.5	77.5	111.5	112.5
#787878	78	112	121	77.5	78.5	111.5	112.5
#797979	79	112	122	78.5	79.5	111.5	112.5
#797979	80	112	122	79.5	80.5	111.5	112.5
#797979	81	112	122	80.5	81.5	111.5	112.5
#787878	82	112	121	81.5	82.5	111.5	112.5
#757575	83	112	118	82.5	83.5	111.5	112.5
#727272	84	112	115	83.5	84.5	111.5	112.5
#6F6F6F	85	112	112	84.5	85.5	111.5	112.5
#707070	86	112	113	85.5	86.5	111.5	112.5
#6D6D6D	87	112	110	86.5	87.5	111.5	112.5
#6B6B6B	88	112	108	87.5	88.5	111.5	112.5
#686868	89	112	105	88.5	89.5	111.5	112.5
#656565	90	112	102	89.5	90.5	111.5	112.5
#646464	91	112	101	90.5	91.5	111.5	112.5
#666666	92	112	103	91.5	92.5	111.5	112.5
#636363	93	112	100	92.5	93.5	111.5	112.5
#565656	94	112	87	93.5	94.5	111.5	112.5
#585858	95	112	89	94.5	95.5	111.5	112.5
#5B5B5B	96	112	92	95.5	96.5	111.5	112.5
#585858	97	112	89	96.5	97.5	111.5	112.5
#555555	98	112	86	97.5	98.5	111.5	112.5
#525252	99	112	83	98.5	99.5	111.5	112.5
#525252	100	112	83	99.5	100.5	111.5	112.5
#515151	101	112	82	100.5	101.5	111.5	112.5
#525252	102	112	83	101.5	102.5	111.5	112.5
#515151	103	112	82	102.5	103.5	111.5	112.5
#4F4F4F	104	112	80	103.5	104.5	111.5	112.5
#4F4F4F	105	112	80	104.5	105.5	111.5	112.5
#515151	106	112	82	105.5	106.5	111.5	112.5
#515151	107	112	82	106.5	107.5	111.5	112.5
#515151	108	112	82	107.5	108.5	111.5	112.5
#4F4F4F	109	112	80	108.5	109.5	111.5	112.5
#4E4E4E	110	112	79	109.5	110.5	111.5	112.5
#4B4B4B	111	112	76	110.5	111.5	111.5	112.5
#4E4E4E	112	112	79	111.5	112.5	111.5	112.5
#505050	113	112	81	112.5	113.5	111.5	112.5
#4F4F4F	114	112	80	113.5	114.5	111.5	112.5
#484848	115	112	73	114.5	115.5	111.5	112.5
#494949	116	112	74	115.5	116.5	111.5	112.5
#484848	117	112	73	116.5	117.5	111.5	112.5
#484848	118	112	73	117.5	118.5	111.5	112.5
#464646	119	112	71	118.5	119.5	111.5	112.5
#464646	120	112	71	119.5	120.5	111.5	112.5
#444444	121	112	69	120.5	121.5	111.5	112.5
#404040	122	112	65	121.5	122.5	111.5	112.5
#3D3D3D	123	112	62	122.5	123.5	111.5	112.5
#3E3E3E	124	112	63	123.5	124.5	111.5	112.5
#3E3E3E	125	112	63	124.5	125.5	111.5	112.5
#3C3C3C	126	112	61	125.5	126.5	111.5	112.5
#383838	127	112	57	126.5	127.5	111.5	112.5
#282828	128	112	41	127.5	128.5	111.5	112.5
#202020	129	112	33	128.5	129.5	111.5	112.5
#1C1C1C	130	112	29	129.5	130.5	111.5	112.5
#1B1B1B	131	112	28	130.5	131.5	111.5	112.5
#171717	132	112	24	131.5	132.5	111.5	112.5
#080808	133	112	9	132.5	133.5	111.5	112.5
#2B2B2B	134	112	44	133.5	134.5	111.5	112.5
#9F9F9F	135	112	160	134.5	135.5	111.5	112.5
#EFEFEF	136	112	240	135.5	136.5	111.5	112.5
#A0A0A0	137	112	161	136.5	137.5	111.5	112.5
#2A2A2A	138	112	43	137.5	138.5	111.5	112.5
#000000	139	112	1	138.5	139.5	111.5	112.5
#4B4B4B	0	111	76	-0.5	0.5	110.5	111.5
#646464	1	111	101	0.5	1.5	110.5	111.5
#676767	2	111	104	1.5	2.5	110.5	111.5
#686868	3	111	105	2.5	3.5	110.5	111.5
#6D6D6D	4	111	110	3.5	4.5	110.5	111.5
#707070	5	111	113	4.5	5.5	110.5	111.5
#717171	6	111	114	5.5	6.5	110.5	111.5
#747474	7	111	117	6.5	7.5	110.5	111.5
#767676	8	111	119	7.5	8.5	110.5	111.5
#777777	9	111	120	8.5	9.5	110.5	111.5
#6C6C6C	10	111	109	9.5	10.5	110.5	111.5
#646464	11	111	101	10.5	11.5	110.5	111.5
#676767	12	111	104	11.5	12.5	110.5	111.5
#686868	13	111	105	12.5	13.5	110.5	111.5
#676767	14	111	104	13.5	14.5	110.5	111.5
#666666	15	111	103	14.5	15.5	110.5	111.5
#666666	16	111	103	15.5	16.5	110.5	111.5
#727272	17	111	115	16.5	17.5	110.5	111.5
#777777	18	111	120	17.5	18.5	110.5	111.5
#767676	19	111	119	18.5	19.5	110.5	111.5
#737373	20	111	116	19.5	20.5	110.5	111.5
#707070	21	111	113	20.5	21.5	110.5	111.5
#6E6E6E	22	111	111	21.5	22.5	110.5	111.5
#6B6B6B	23	111	108	22.5	23.5	110.5	111.5
#686868	24	111	105	23.5	24.5	110.5	111.5
#676767	25	111	104	24.5	25.5	110.5	111.5
#666666	26	111	103	25.5	26.5	110.5	111.5
#656565	27	111	102	26.5	27.5	110.5	111.5
#656565	28	111	102	27.5	28.5	110.5	111.5
#646464	29	111	101	28.5	29.5	110.5	111.5
#626262	30	111	99	29.5	30.5	110.5	111.5
#616161	31	111	98	30.5	31.5	110.5	111.5
#626262	32	111	99	31.5	32.5	110.5	111.5
#656565	33	111	102	32.5	33.5	110.5	111.5
#6C6C6C	34	111	109	33.5	34.5	110.5	111.5
#727272	35	111	115	34.5	35.5	110.5	111.5
#737373	36	111	116	35.5	36.5	110.5	111.5
#727272	37	111	115	36.5	37.5	110.5	111.5
#717171	38	111	114	37.5	38.5	110.5	111.5
#727272	39	111	115	38.5	39.5	110.5	111.5
#737373	40	111	116	39.5	40.5	110.5	111.5
#717171	41	111	114	40.5	41.5	110.5	111.5
#707070	42	111	113	41.5	42.5	110.5	111.5
#6D6D6D	43	111	110	42.5	43.5	110.5	111.5
#676767	44	111	104	43.5	44.5	110.5	111.5
#606060	45	111	97	44.5	45.5	110.5	111.5
#595959	46	111	90	45.5	46.5	110.5	111.5
#585858	47	111	89	46.5	47.5	110.5	111.5
#565656	48	111	87	47.5	48.5	110.5	111.5
#585858	49	111	89	48.5	49.5	110.5	111.5
#606060	50	111	97	49.5	50.5	110.5	111.5
#656565	51	111	102	50.5	51.5	110.5	111.5
#636363	52	111	100	51.5	52.5	110.5	111.5
#656565	53	111	102	52.5	53.5	110.5	111.5
#6B6B6B	54	111	108	53.5	54.5	110.5	111.5
#6D6D6D	55	111	110	54.5	55.5	110.5	111.5
#6D6D6D	56	111	110	55.5	56.5	110.5	111.5
#6E6E6E	57	111	111	56.5	57.5	110.5	111.5
#6F6F6F	58	111	112	57.5	58.5	110.5	111.5
#727272	59	111	115	58.5	59.5	110.5	111.5
#747474	60	111	117	59.5	60.5	110.5	111.5
#737373	61	111	116	60.5	61.5	110.5	111.5
#707070	62	111	113	61.5	62.5	110.5	111.5
#6D6D6D	63	111	110	62.5	63.5	110.5	111.5
#6E6E6E	64	111	111	63.5	64.5	110.5	111.5
#6F6F6F	65	111	112	64.5	65.5	110.5	111.5
#727272	66	111	115	65.5	66.5	110.5	111.5
#717171	67	111	114	66.5	67.5	110.5	111.5
#6C6C6C	68	111	109	67.5	68.5	110.5	111.5
#6E6E6E	69	111	111	68.5	69.5	110.5	111.5
#787878	70	111	121	69.5	70.5	110.5	111.5
#7A7A7A	71	111	123	70.5	71.5	110.5	111.5
#7C7C7C	72	111	125	71.5	72.5	110.5	111.5
#7C7C7C	73	111	125	72.5	73.5	110.5	111.5
#777777	74	111	120	73.5	74.5	110.5	111.5
#737373	75	111	116	74.5	75.5	110.5	111.5
#757575	76	111	118	75.5	76.5	110.5	111.5
#767676	77	111	119	76.5	77.5	110.5	111.5
#777777	78	111	120	77.5	78.5	110.5	111.5
#7A7A7A	79	111	123	78.5	79.5	110.5	111.5
#7B7B7B	80	111	124	79.5	80.5	110.5	111.5
#7C7C7C	81	111	125	80.5	81.5	110.5	111.5
#777777	82	111	120	81.5	82.5	110.5	111.5
#727272	83	111	115	82.5	83.5	110.5	111.5
#717171	84	111	114	83.5	84.5	110.5	111.5
#717171	85	111	114	84.5	85.5	110.5	111.5
#6F6F6F	86	111	112	85.5	86.5	110.5	111.5
#6B6B6B	87	111	108	86.5	87.5	110.5	111.5
#6E6E6E	88	111	111	87.5	88.5	110.5	111.5
#676767	89	111	104	88.5	89.5	110.5	111.5
#626262	90	111	99	89.5	90.5	110.5	111.5
#616161	91	111	98	90.5	91.5	110.5	111.5
#636363	92	111	100	91.5	92.5	110.5	111.5
#616161	93	111	98	92.5	93.5	110.5	111.5
#565656	94	111	87	93.5	94.5	110.5	111.5
#565656	95	111	87	94.5	95.5	110.5	111.5
#595959	96	111	90	95.5	96.5	110.5	111.5
#585858	97	111	89	96.5	97.5	110.5	111.5
#555555	98	111	86	97.5	98.5	110.5	111.5
#525252	99	111	83	98.5	99.5	110.5	111.5
#525252	100	111	83	99.5	100.5	110.5	111.5
#515151	101	111	82	100.5	101.5	110.5	111.5
#505050	102	111	81	101.5	102.5	110.5	111.5
#505050	103	111	81	102.5	103.5	110.5	111.5
#4E4E4E	104	111	79	103.5	104.5	110.5	111.5
#4E4E4E	105	111	79	104.5	105.5	110.5	111.5
#505050	106	111	81	105.5	106.5	110.5	111.5
#505050	107	111	81	106.5	107.5	110.5	111.5
#505050	108	111	81	107.5	108.5	110.5	111.5
#4F4F4F	109	111	80	108.5	109.5	110.5	111.5
#4E4E4E	110	111	79	109.5	110.5	110.5	111.5
#4E4E4E	111	111	79	110.5	111.5	110.5	111.5
#505050	112	111	81	111.5	112.5	110.5	111.5
#505050	113	111	81	112.5	113.5	110.5	111.5
#4F4F4F	114	111	80	113.5	114.5	110.5	111.5
#4A4A4A	115	111	75	114.5	115.5	110.5	111.5
#494949	116	111	74	115.5	116.5	110.5	111.5
#484848	117	111	73	116.5	117.5	110.5	111.5
#494949	118	111	74	117.5	118.5	110.5	111.5
#474747	119	111	72	118.5	119.5	110.5	111.5
#484848	120	111	73	119.5	120.5	110.5	111.5
#464646	121	111	71	120.5	121.5	110.5	111.5
#444444	122	111	69	121.5	122.5	110.5	111.5
#404040	123	111	65	122.5	123.5	110.5	111.5
#3E3E3E	124	111	63	123.5	124.5	110.5	111.5
#3D3D3D	125	111	62	124.5	125.5	110.5	111.5
#3B3B3B	126	111	60	125.5	126.5	110.5	111.5
#363636	127	111	55	126.5	127.5	110.5	111.5
#2C2C2C	128	111	45	127.5	128.5	110.5	111.5
#242424	129	111	37	128.5	129.5	110.5	111.5
#222222	130	111	35	129.5	130.5	110.5	111.5
#212121	131	111	34	130.5	131.5	110.5	111.5
#202020	132	111	33	131.5	132.5	110.5	111.5
#1C1C1C	133	111	29	132.5	133.5	110.5	111.5
#0D0D0D	134	111	14	133.5	134.5	110.5	111.5
#3C3C3C	135	111	61	134.5	135.5	110.5	111.5
#D5D5D5	136	111	214	135.5	136.5	110.5	111.5
#383838	137	111	57	136.5	137.5	110.5	111.5
#010101	138	111	2	137.5	138.5	110.5	111.5
#020202	139	111	3	138.5	139.5	110.5	111.5
#4E4E4E	0	110	79	-0.5	0.5	109.5	110.5
#686868	1	110	105	0.5	1.5	109.5	110.5
#676767	2	110	104	1.5	2.5	109.5	110.5
#6B6B6B	3	110	108	2.5	3.5	109.5	110.5
#6E6E6E	4	110	111	3.5	4.5	109.5	110.5
#737373	5	110	116	4.5	5.5	109.5	110.5
#747474	6	110	117	5.5	6.5	109.5	110.5
#747474	7	110	117	6.5	7.5	109.5	110.5
#757575	8	110	118	7.5	8.5	109.5	110.5
#797979	9	110	122	8.5	9.5	109.5	110.5
#797979	10	110	122	9.5	10.5	109.5	110.5
#6C6C6C	11	110	109	10.5	11.5	109.5	110.5
#686868	12	110	105	11.5	12.5	109.5	110.5
#6B6B6B	13	110	108	12.5	13.5	109.5	110.5
#6B6B6B	14	110	108	13.5	14.5	109.5	110.5
#6C6C6C	15	110	109	14.5	15.5	109.5	110.5
#6B6B6B	16	110	108	15.5	16.5	109.5	110.5
#6F6F6F	17	110	112	16.5	17.5	109.5	110.5
#767676	18	110	119	17.5	18.5	109.5	110.5
#777777	19	110	120	18.5	19.5	109.5	110.5
#747474	20	110	117	19.5	20.5	109.5	110.5
#727272	21	110	115	20.5	21.5	109.5	110.5
#707070	22	110	113	21.5	22.5	109.5	110.5
#6C6C6C	23	110	109	22.5	23.5	109.5	110.5
#6B6B6B	24	110	108	23.5	24.5	109.5	110.5
#696969	25	110	106	24.5	25.5	109.5	110.5
#686868	26	110	105	25.5	26.5	109.5	110.5
#686868	27	110	105	26.5	27.5	109.5	110.5
#676767	28	110	104	27.5	28.5	109.5	110.5
#656565	29	110	102	28.5	29.5	109.5	110.5
#656565	30	110	102	29.5	30.5	109.5	110.5
#636363	31	110	100	30.5	31.5	109.5	110.5
#646464	32	110	101	31.5	32.5	109.5	110.5
#656565	33	110	102	32.5	33.5	109.5	110.5
#686868	34	110	105	33.5	34.5	109.5	110.5
#6E6E6E	35	110	111	34.5	35.5	109.5	110.5
#757575	36	110	118	35.5	36.5	109.5	110.5
#797979	37	110	122	36.5	37.5	109.5	110.5
#7A7A7A	38	110	123	37.5	38.5	109.5	110.5
#767676	39	110	119	38.5	39.5	109.5	110.5
#717171	40	110	114	39.5	40.5	109.5	110.5
#6E6E6E	41	110	111	40.5	41.5	109.5	110.5
#6D6D6D	42	110	110	41.5	42.5	109.5	110.5
#6F6F6F	43	110	112	42.5	43.5	109.5	110.5
#6F6F6F	44	110	112	43.5	44.5	109.5	110.5
#686868	45	110	105	44.5	45.5	109.5	110.5
#5C5C5C	46	110	93	45.5	46.5	109.5	110.5
#575757	47	110	88	46.5	47.5	109.5	110.5
#5A5A5A	48	110	91	47.5	48.5	109.5	110.5
#616161	49	110	98	48.5	49.5	109.5	110.5
#636363	50	110	100	49.5	50.5	109.5	110.5
#656565	51	110	102	50.5	51.5	109.5	110.5
#686868	52	110	105	51.5	52.5	109.5	110.5
#6E6E6E	53	110	111	52.5	53.5	109.5	110.5
#707070	54	110	113	53.5	54.5	109.5	110.5
#6D6D6D	55	110	110	54.5	55.5	109.5	110.5
#6A6A6A	56	110	107	55.5	56.5	109.5	110.5
#696969	57	110	106	56.5	57.5	109.5	110.5
#696969	58	110	106	57.5	58.5	109.5	110.5
#686868	59	110	105	58.5	59.5	109.5	110.5
#646464	60	110	101	59.5	60.5	109.5	110.5
#656565	61	110	102	60.5	61.5	109.5	110.5
#696969	62	110	106	61.5	62.5	109.5	110.5
#6C6C6C	63	110	109	62.5	63.5	109.5	110.5
#6D6D6D	64	110	110	63.5	64.5	109.5	110.5
#6E6E6E	65	110	111	64.5	65.5	109.5	110.5
#707070	66	110	113	65.5	66.5	109.5	110.5
#707070	67	110	113	66.5	67.5	109.5	110.5
#6F6F6F	68	110	112	67.5	68.5	109.5	110.5
#707070	69	110	113	68.5	69.5	109.5	110.5
#777777	70	110	120	69.5	70.5	109.5	110.5
#7A7A7A	71	110	123	70.5	71.5	109.5	110.5
#787878	72	110	121	71.5	72.5	109.5	110.5
#777777	73	110	120	72.5	73.5	109.5	110.5
#6E6E6E	74	110	111	73.5	74.5	109.5	110.5
#6D6D6D	75	110	110	74.5	75.5	109.5	110.5
#797979	76	110	122	75.5	76.5	109.5	110.5
#717171	77	110	114	76.5	77.5	109.5	110.5
#6E6E6E	78	110	111	77.5	78.5	109.5	110.5
#767676	79	110	119	78.5	79.5	109.5	110.5
#787878	80	110	121	79.5	80.5	109.5	110.5
#797979	81	110	122	80.5	81.5	109.5	110.5
#7A7A7A	82	110	123	81.5	82.5	109.5	110.5
#777777	83	110	120	82.5	83.5	109.5	110.5
#727272	84	110	115	83.5	84.5	109.5	110.5
#6C6C6C	85	110	109	84.5	85.5	109.5	110.5
#676767	86	110	104	85.5	86.5	109.5	110.5
#666666	87	110	103	86.5	87.5	109.5	110.5
#686868	88	110	105	87.5	88.5	109.5	110.5
#666666	89	110	103	88.5	89.5	109.5	110.5
#666666	90	110	103	89.5	90.5	109.5	110.5
#636363	91	110	100	90.5	91.5	109.5	110.5
#626262	92	110	99	91.5	92.5	109.5	110.5
#606060	93	110	97	92.5	93.5	109.5	110.5
#5C5C5C	94	110	93	93.5	94.5	109.5	110.5
#565656	95	110	87	94.5	95.5	109.5	110.5
#555555	96	110	86	95.5	96.5	109.5	110.5
#565656	97	110	87	96.5	97.5	109.5	110.5
#545454	98	110	85	97.5	98.5	109.5	110.5
#535353	99	110	84	98.5	99.5	109.5	110.5
#515151	100	110	82	99.5	100.5	109.5	110.5
#525252	101	110	83	100.5	101.5	109.5	110.5
#525252	102	110	83	101.5	102.5	109.5	110.5
#505050	103	110	81	102.5	103.5	109.5	110.5
#4B4B4B	104	110	76	103.5	104.5	109.5	110.5
#4C4C4C	105	110	77	104.5	105.5	109.5	110.5
#4D4D4D	106	110	78	105.5	106.5	109.5	110.5
#4E4E4E	107	110	79	106.5	107.5	109.5	110.5
#505050	108	110	81	107.5	108.5	109.5	110.5
#515151	109	110	82	108.5	109.5	109.5	110.5
#505050	110	110	81	109.5	110.5	109.5	110.5
#505050	111	110	81	110.5	111.5	109.5	110.5
#535353	112	110	84	111.5	112.5	109.5	110.5
#525252	113	110	83	112.5	113.5	109.5	110.5
#4D4D4D	114	110	78	113.5	114.5	109.5	110.5
#4C4C4C	115	110	77	114.5	115.5	109.5	110.5
#4B4B4B	116	110	76	115.5	116.5	109.5	110.5
#4A4A4A	117	110	75	116.5	117.5	109.5	110.5
#4A4A4A	118	110	75	117.5	118.5	109.5	110.5
#4A4A4A	119	110	75	118.5	119.5	109.5	110.5
#494949	120	110	74	119.5	120.5	109.5	110.5
#484848	121	110	73	120.5	121.5	109.5	110.5
#474747	122	110	72	121.5	122.5	109.5	110.5
#444444	123	110	69	122.5	123.5	109.5	110.5
#424242	124	110	67	123.5	124.5	109.5	110.5
#3D3D3D	125	110	62	124.5	125.5	109.5	110.5
#3A3A3A	126	110	59	125.5	126.5	109.5	110.5
#363636	127	110	55	126.5	127.5	109.5	110.5
#2E2E2E	128	110	47	127.5	128.5	109.5	110.5
#272727	129	110	40	128.5	129.5	109.5	110.5
#252525	130	110	38	129.5	130.5	109.5	110.5
#242424	131	110	37	130.5	131.5	109.5	110.5
#232323	132	110	36	131.5	132.5	109.5	110.5
#222222	133	110	35	132.5	133.5	109.5	110.5
#151515	134	110	22	133.5	134.5	109.5	110.5
#414141	135	110	66	134.5	135.5	109.5	110.5
#D8D8D8	136	110	217	135.5	136.5	109.5	110.5
#383838	137	110	57	136.5	137.5	109.5	110.5
#000000	138	110	1	137.5	138.5	109.5	110.5
#020202	139	110	3	138.5	139.5	109.5	110.5
#4C4C4C	0	109	77	-0.5	0.5	108.5	109.5
#666666	1	109	103	0.5	1.5	108.5	109.5
#6B6B6B	2	109	108	1.5	2.5	108.5	109.5
#6D6D6D	3	109	110	2.5	3.5	108.5	109.5
#707070	4	109	113	3.5	4.5	108.5	109.5
#747474	5	109	117	4.5	5.5	108.5	109.5
#777777	6	109	120	5.5	6.5	108.5	109.5
#767676	7	109	119	6.5	7.5	108.5	109.5
#777777	8	109	120	7.5	8.5	108.5	109.5
#787878	9	109	121	8.5	9.5	108.5	109.5
#7C7C7C	10	109	125	9.5	10.5	108.5	109.5
#797979	11	109	122	10.5	11.5	108.5	109.5
#6F6F6F	12	109	112	11.5	12.5	108.5	109.5
#727272	13	109	115	12.5	13.5	108.5	109.5
#757575	14	109	118	13.5	14.5	108.5	109.5
#777777	15	109	120	14.5	15.5	108.5	109.5
#747474	16	109	117	15.5	16.5	108.5	109.5
#747474	17	109	117	16.5	17.5	108.5	109.5
#777777	18	109	120	17.5	18.5	108.5	109.5
#777777	19	109	120	18.5	19.5	108.5	109.5
#767676	20	109	119	19.5	20.5	108.5	109.5
#747474	21	109	117	20.5	21.5	108.5	109.5
#737373	22	109	116	21.5	22.5	108.5	109.5
#737373	23	109	116	22.5	23.5	108.5	109.5
#717171	24	109	114	23.5	24.5	108.5	109.5
#6B6B6B	25	109	108	24.5	25.5	108.5	109.5
#6A6A6A	26	109	107	25.5	26.5	108.5	109.5
#6A6A6A	27	109	107	26.5	27.5	108.5	109.5
#686868	28	109	105	27.5	28.5	108.5	109.5
#676767	29	109	104	28.5	29.5	108.5	109.5
#686868	30	109	105	29.5	30.5	108.5	109.5
#696969	31	109	106	30.5	31.5	108.5	109.5
#717171	32	109	114	31.5	32.5	108.5	109.5
#7A7A7A	33	109	123	32.5	33.5	108.5	109.5
#7B7B7B	34	109	124	33.5	34.5	108.5	109.5
#787878	35	109	121	34.5	35.5	108.5	109.5
#747474	36	109	117	35.5	36.5	108.5	109.5
#737373	37	109	116	36.5	37.5	108.5	109.5
#747474	38	109	117	37.5	38.5	108.5	109.5
#767676	39	109	119	38.5	39.5	108.5	109.5
#727272	40	109	115	39.5	40.5	108.5	109.5
#707070	41	109	113	40.5	41.5	108.5	109.5
#707070	42	109	113	41.5	42.5	108.5	109.5
#6D6D6D	43	109	110	42.5	43.5	108.5	109.5
#6C6C6C	44	109	109	43.5	44.5	108.5	109.5
#6C6C6C	45	109	109	44.5	45.5	108.5	109.5
#696969	46	109	106	45.5	46.5	108.5	109.5
#646464	47	109	101	46.5	47.5	108.5	109.5
#646464	48	109	101	47.5	48.5	108.5	109.5
#656565	49	109	102	48.5	49.5	108.5	109.5
#6A6A6A	50	109	107	49.5	50.5	108.5	109.5
#6D6D6D	51	109	110	50.5	51.5	108.5	109.5
#696969	52	109	106	51.5	52.5	108.5	109.5
#6A6A6A	53	109	107	52.5	53.5	108.5	109.5
#686868	54	109	105	53.5	54.5	108.5	109.5
#666666	55	109	103	54.5	55.5	108.5	109.5
#636363	56	109	100	55.5	56.5	108.5	109.5
#616161	57	109	98	56.5	57.5	108.5	109.5
#626262	58	109	99	57.5	58.5	108.5	109.5
#5C5C5C	59	109	93	58.5	59.5	108.5	109.5
#595959	60	109	90	59.5	60.5	108.5	109.5
#5B5B5B	61	109	92	60.5	61.5	108.5	109.5
#5B5B5B	62	109	92	61.5	62.5	108.5	109.5
#606060	63	109	97	62.5	63.5	108.5	109.5
#686868	64	109	105	63.5	64.5	108.5	109.5
#6C6C6C	65	109	109	64.5	65.5	108.5	109.5
#6F6F6F	66	109	112	65.5	66.5	108.5	109.5
#717171	67	109	114	66.5	67.5	108.5	109.5
#717171	68	109	114	67.5	68.5	108.5	109.5
#717171	69	109	114	68.5	69.5	108.5	109.5
#757575	70	109	118	69.5	70.5	108.5	109.5
#7B7B7B	71	109	124	70.5	71.5	108.5	109.5
#7D7D7D	72	109	126	71.5	72.5	108.5	109.5
#7B7B7B	73	109	124	72.5	73.5	108.5	109.5
#747474	74	109	117	73.5	74.5	108.5	109.5
#767676	75	109	119	74.5	75.5	108.5	109.5
#7A7A7A	76	109	123	75.5	76.5	108.5	109.5
#747474	77	109	117	76.5	77.5	108.5	109.5
#6E6E6E	78	109	111	77.5	78.5	108.5	109.5
#747474	79	109	117	78.5	79.5	108.5	109.5
#767676	80	109	119	79.5	80.5	108.5	109.5
#767676	81	109	119	80.5	81.5	108.5	109.5
#787878	82	109	121	81.5	82.5	108.5	109.5
#777777	83	109	120	82.5	83.5	108.5	109.5
#6D6D6D	84	109	110	83.5	84.5	108.5	109.5
#676767	85	109	104	84.5	85.5	108.5	109.5
#676767	86	109	104	85.5	86.5	108.5	109.5
#686868	87	109	105	86.5	87.5	108.5	109.5
#676767	88	109	104	87.5	88.5	108.5	109.5
#676767	89	109	104	88.5	89.5	108.5	109.5
#6A6A6A	90	109	107	89.5	90.5	108.5	109.5
#6B6B6B	91	109	108	90.5	91.5	108.5	109.5
#696969	92	109	106	91.5	92.5	108.5	109.5
#676767	93	109	104	92.5	93.5	108.5	109.5
#646464	94	109	101	93.5	94.5	108.5	109.5
#5E5E5E	95	109	95	94.5	95.5	108.5	109.5
#575757	96	109	88	95.5	96.5	108.5	109.5
#545454	97	109	85	96.5	97.5	108.5	109.5
#545454	98	109	85	97.5	98.5	108.5	109.5
#545454	99	109	85	98.5	99.5	108.5	109.5
#525252	100	109	83	99.5	100.5	108.5	109.5
#525252	101	109	83	100.5	101.5	108.5	109.5
#525252	102	109	83	101.5	102.5	108.5	109.5
#515151	103	109	82	102.5	103.5	108.5	109.5
#4B4B4B	104	109	76	103.5	104.5	108.5	109.5
#4A4A4A	105	109	75	104.5	105.5	108.5	109.5
#4B4B4B	106	109	76	105.5	106.5	108.5	109.5
#4C4C4C	107	109	77	106.5	107.5	108.5	109.5
#4E4E4E	108	109	79	107.5	108.5	108.5	109.5
#4F4F4F	109	109	80	108.5	109.5	108.5	109.5
#505050	110	109	81	109.5	110.5	108.5	109.5
#535353	111	109	84	110.5	111.5	108.5	109.5
#545454	112	109	85	111.5	112.5	108.5	109.5
#535353	113	109	84	112.5	113.5	108.5	109.5
#4D4D4D	114	109	78	113.5	114.5	108.5	109.5
#4D4D4D	115	109	78	114.5	115.5	108.5	109.5
#4C4C4C	116	109	77	115.5	116.5	108.5	109.5
#4B4B4B	117	109	76	116.5	117.5	108.5	109.5
#4B4B4B	118	109	76	117.5	118.5	108.5	109.5
#4B4B4B	119	109	76	118.5	119.5	108.5	109.5
#4B4B4B	120	109	76	119.5	120.5	108.5	109.5
#494949	121	109	74	120.5	121.5	108.5	109.5
#484848	122	109	73	121.5	122.5	108.5	109.5
#474747	123	109	72	122.5	123.5	108.5	109.5
#464646	124	109	71	123.5	124.5	108.5	109.5
#414141	125	109	66	124.5	125.5	108.5	109.5
#393939	126	109	58	125.5	126.5	108.5	109.5
#363636	127	109	55	126.5	127.5	108.5	109.5
#2F2F2F	128	109	48	127.5	128.5	108.5	109.5
#292929	129	109	42	128.5	129.5	108.5	109.5
#272727	130	109	40	129.5	130.5	108.5	109.5
#252525	131	109	38	130.5	131.5	108.5	109.5
#252525	132	109	38	131.5	132.5	108.5	109.5
#262626	133	109	39	132.5	133.5	108.5	109.5
#1C1C1C	134	109	29	133.5	134.5	108.5	109.5
#424242	135	109	67	134.5	135.5	108.5	109.5
#D3D3D3	136	109	212	135.5	136.5	108.5	109.5
#3A3A3A	137	109	59	136.5	137.5	108.5	109.5
#070707	138	109	8	137.5	138.5	108.5	109.5
#070707	139	109	8	138.5	139.5	108.5	109.5
#4B4B4B	0	108	76	-0.5	0.5	107.5	108.5
#676767	1	108	104	0.5	1.5	107.5	108.5
#6B6B6B	2	108	108	1.5	2.5	107.5	108.5
#717171	3	108	114	2.5	3.5	107.5	108.5
#717171	4	108	114	3.5	4.5	107.5	108.5
#777777	5	108	120	4.5	5.5	107.5	108.5
#787878	6	108	121	5.5	6.5	107.5	108.5
#787878	7	108	121	6.5	7.5	107.5	108.5
#797979	8	108	122	7.5	8.5	107.5	108.5
#797979	9	108	122	8.5	9.5	107.5	108.5
#7A7A7A	10	108	123	9.5	10.5	107.5	108.5
#7E7E7E	11	108	127	10.5	11.5	107.5	108.5
#7A7A7A	12	108	123	11.5	12.5	107.5	108.5
#787878	13	108	121	12.5	13.5	107.5	108.5
#787878	14	108	121	13.5	14.5	107.5	108.5
#737373	15	108	116	14.5	15.5	107.5	108.5
#717171	16	108	114	15.5	16.5	107.5	108.5
#737373	17	108	116	16.5	17.5	107.5	108.5
#7C7C7C	18	108	125	17.5	18.5	107.5	108.5
#7E7E7E	19	108	127	18.5	19.5	107.5	108.5
#7C7C7C	20	108	125	19.5	20.5	107.5	108.5
#7A7A7A	21	108	123	20.5	21.5	107.5	108.5
#7A7A7A	22	108	123	21.5	22.5	107.5	108.5
#787878	23	108	121	22.5	23.5	107.5	108.5
#787878	24	108	121	23.5	24.5	107.5	108.5
#747474	25	108	117	24.5	25.5	107.5	108.5
#6E6E6E	26	108	111	25.5	26.5	107.5	108.5
#6F6F6F	27	108	112	26.5	27.5	107.5	108.5
#707070	28	108	113	27.5	28.5	107.5	108.5
#737373	29	108	116	28.5	29.5	107.5	108.5
#767676	30	108	119	29.5	30.5	107.5	108.5
#797979	31	108	122	30.5	31.5	107.5	108.5
#797979	32	108	122	31.5	32.5	107.5	108.5
#747474	33	108	117	32.5	33.5	107.5	108.5
#6E6E6E	34	108	111	33.5	34.5	107.5	108.5
#686868	35	108	105	34.5	35.5	107.5	108.5
#666666	36	108	103	35.5	36.5	107.5	108.5
#676767	37	108	104	36.5	37.5	107.5	108.5
#696969	38	108	106	37.5	38.5	107.5	108.5
#6E6E6E	39	108	111	38.5	39.5	107.5	108.5
#707070	40	108	113	39.5	40.5	107.5	108.5
#717171	41	108	114	40.5	41.5	107.5	108.5
#707070	42	108	113	41.5	42.5	107.5	108.5
#6D6D6D	43	108	110	42.5	43.5	107.5	108.5
#6C6C6C	44	108	109	43.5	44.5	107.5	108.5
#6B6B6B	45	108	108	44.5	45.5	107.5	108.5
#6E6E6E	46	108	111	45.5	46.5	107.5	108.5
#727272	47	108	115	46.5	47.5	107.5	108.5
#6F6F6F	48	108	112	47.5	48.5	107.5	108.5
#6D6D6D	49	108	110	48.5	49.5	107.5	108.5
#686868	50	108	105	49.5	50.5	107.5	108.5
#646464	51	108	101	50.5	51.5	107.5	108.5
#666666	52	108	103	51.5	52.5	107.5	108.5
#666666	53	108	103	52.5	53.5	107.5	108.5
#636363	54	108	100	53.5	54.5	107.5	108.5
#616161	55	108	98	54.5	55.5	107.5	108.5
#616161	56	108	98	55.5	56.5	107.5	108.5
#5D5D5D	57	108	94	56.5	57.5	107.5	108.5
#575757	58	108	88	57.5	58.5	107.5	108.5
#545454	59	108	85	58.5	59.5	107.5	108.5
#595959	60	108	90	59.5	60.5	107.5	108.5
#5D5D5D	61	108	94	60.5	61.5	107.5	108.5
#5F5F5F	62	108	96	61.5	62.5	107.5	108.5
#5E5E5E	63	108	95	62.5	63.5	107.5	108.5
#626262	64	108	99	63.5	64.5	107.5	108.5
#696969	65	108	106	64.5	65.5	107.5	108.5
#6E6E6E	66	108	111	65.5	66.5	107.5	108.5
#707070	67	108	113	66.5	67.5	107.5	108.5
#727272	68	108	115	67.5	68.5	107.5	108.5
#727272	69	108	115	68.5	69.5	107.5	108.5
#737373	70	108	116	69.5	70.5	107.5	108.5
#787878	71	108	121	70.5	71.5	107.5	108.5
#7B7B7B	72	108	124	71.5	72.5	107.5	108.5
#7B7B7B	73	108	124	72.5	73.5	107.5	108.5
#777777	74	108	120	73.5	74.5	107.5	108.5
#787878	75	108	121	74.5	75.5	107.5	108.5
#787878	76	108	121	75.5	76.5	107.5	108.5
#767676	77	108	119	76.5	77.5	107.5	108.5
#747474	78	108	117	77.5	78.5	107.5	108.5
#787878	79	108	121	78.5	79.5	107.5	108.5
#787878	80	108	121	79.5	80.5	107.5	108.5
#787878	81	108	121	80.5	81.5	107.5	108.5
#797979	82	108	122	81.5	82.5	107.5	108.5
#757575	83	108	118	82.5	83.5	107.5	108.5
#6D6D6D	84	108	110	83.5	84.5	107.5	108.5
#656565	85	108	102	84.5	85.5	107.5	108.5
#666666	86	108	103	85.5	86.5	107.5	108.5
#6C6C6C	87	108	109	86.5	87.5	107.5	108.5
#6A6A6A	88	108	107	87.5	88.5	107.5	108.5
#676767	89	108	104	88.5	89.5	107.5	108.5
#696969	90	108	106	89.5	90.5	107.5	108.5
#6A6A6A	91	108	107	90.5	91.5	107.5	108.5
#696969	92	108	106	91.5	92.5	107.5	108.5
#676767	93	108	104	92.5	93.5	107.5	108.5
#666666	94	108	103	93.5	94.5	107.5	108.5
#646464	95	108	101	94.5	95.5	107.5	108.5
#616161	96	108	98	95.5	96.5	107.5	108.5
#5A5A5A	97	108	91	96.5	97.5	107.5	108.5
#555555	98	108	86	97.5	98.5	107.5	108.5
#545454	99	108	85	98.5	99.5	107.5	108.5
#545454	100	108	85	99.5	100.5	107.5	108.5
#525252	101	108	83	100.5	101.5	107.5	108.5
#545454	102	108	85	101.5	102.5	107.5	108.5
#535353	103	108	84	102.5	103.5	107.5	108.5
#4D4D4D	104	108	78	103.5	104.5	107.5	108.5
#4B4B4B	105	108	76	104.5	105.5	107.5	108.5
#4C4C4C	106	108	77	105.5	106.5	107.5	108.5
#4C4C4C	107	108	77	106.5	107.5	107.5	108.5
#4C4C4C	108	108	77	107.5	108.5	107.5	108.5
#4D4D4D	109	108	78	108.5	109.5	107.5	108.5
#555555	110	108	86	109.5	110.5	107.5	108.5
#595959	111	108	90	110.5	111.5	107.5	108.5
#555555	112	108	86	111.5	112.5	107.5	108.5
#515151	113	108	82	112.5	113.5	107.5	108.5
#4C4C4C	114	108	77	113.5	114.5	107.5	108.5
#4E4E4E	115	108	79	114.5	115.5	107.5	108.5
#4E4E4E	116	108	79	115.5	116.5	107.5	108.5
#4D4D4D	117	108	78	116.5	117.5	107.5	108.5
#4C4C4C	118	108	77	117.5	118.5	107.5	108.5
#4C4C4C	119	108	77	118.5	119.5	107.5	108.5
#4C4C4C	120	108	77	119.5	120.5	107.5	108.5
#4B4B4B	121	108	76	120.5	121.5	107.5	108.5
#4A4A4A	122	108	75	121.5	122.5	107.5	108.5
#484848	123	108	73	122.5	123.5	107.5	108.5
#474747	124	108	72	123.5	124.5	107.5	108.5
#464646	125	108	71	124.5	125.5	107.5	108.5
#3D3D3D	126	108	62	125.5	126.5	107.5	108.5
#363636	127	108	55	126.5	127.5	107.5	108.5
#313131	128	108	50	127.5	128.5	107.5	108.5
#2B2B2B	129	108	44	128.5	129.5	107.5	108.5
#292929	130	108	42	129.5	130.5	107.5	108.5
#282828	131	108	41	130.5	131.5	107.5	108.5
#282828	132	108	41	131.5	132.5	107.5	108.5
#272727	133	108	40	132.5	133.5	107.5	108.5
#262626	134	108	39	133.5	134.5	107.5	108.5
#252525	135	108	38	134.5	135.5	107.5	108.5
#4B4B4B	136	108	76	135.5	136.5	107.5	108.5
#1E1E1E	137	108	31	136.5	137.5	107.5	108.5
#131313	138	108	20	137.5	138.5	107.5	108.5
#0E0E0E	139	108	15	138.5	139.5	107.5	108.5
#4B4B4B	0	107	76	-0.5	0.5	106.5	107.5
#686868	1	107	105	0.5	1.5	106.5	107.5
#6C6C6C	2	107	109	1.5	2.5	106.5	107.5
#727272	3	107	115	2.5	3.5	106.5	107.5
#777777	4	107	120	3.5	4.5	106.5	107.5
#767676	5	107	119	4.5	5.5	106.5	107.5
#767676	6	107	119	5.5	6.5	106.5	107.5
#797979	7	107	122	6.5	7.5	106.5	107.5
#7A7A7A	8	107	123	7.5	8.5	106.5	107.5
#7B7B7B	9	107	124	8.5	9.5	106.5	107.5
#7B7B7B	10	107	124	9.5	10.5	106.5	107.5
#808080	11	107	129	10.5	11.5	106.5	107.5
#818181	12	107	130	11.5	12.5	106.5	107.5
#7A7A7A	13	107	123	12.5	13.5	106.5	107.5
#7C7C7C	14	107	125	13.5	14.5	106.5	107.5
#757575	15	107	118	14.5	15.5	106.5	107.5
#737373	16	107	116	15.5	16.5	106.5	107.5
#727272	17	107	115	16.5	17.5	106.5	107.5
#7E7E7E	18	107	127	17.5	18.5	106.5	107.5
#858585	19	107	134	18.5	19.5	106.5	107.5
#828282	20	107	131	19.5	20.5	106.5	107.5
#818181	21	107	130	20.5	21.5	106.5	107.5
#7F7F7F	22	107	128	21.5	22.5	106.5	107.5
#7E7E7E	23	107	127	22.5	23.5	106.5	107.5
#7E7E7E	24	107	127	23.5	24.5	106.5	107.5
#838383	25	107	132	24.5	25.5	106.5	107.5
#7F7F7F	26	107	128	25.5	26.5	106.5	107.5
#7D7D7D	27	107	126	26.5	27.5	106.5	107.5
#7B7B7B	28	107	124	27.5	28.5	106.5	107.5
#797979	29	107	122	28.5	29.5	106.5	107.5
#727272	30	107	115	29.5	30.5	106.5	107.5
#6A6A6A	31	107	107	30.5	31.5	106.5	107.5
#666666	32	107	103	31.5	32.5	106.5	107.5
#646464	33	107	101	32.5	33.5	106.5	107.5
#636363	34	107	100	33.5	34.5	106.5	107.5
#636363	35	107	100	34.5	35.5	106.5	107.5
#646464	36	107	101	35.5	36.5	106.5	107.5
#646464	37	107	101	36.5	37.5	106.5	107.5
#636363	38	107	100	37.5	38.5	106.5	107.5
#636363	39	107	100	38.5	39.5	106.5	107.5
#676767	40	107	104	39.5	40.5	106.5	107.5
#6E6E6E	41	107	111	40.5	41.5	106.5	107.5
#6F6F6F	42	107	112	41.5	42.5	106.5	107.5
#6D6D6D	43	107	110	42.5	43.5	106.5	107.5
#6C6C6C	44	107	109	43.5	44.5	106.5	107.5
#6F6F6F	45	107	112	44.5	45.5	106.5	107.5
#727272	46	107	115	45.5	46.5	106.5	107.5
#737373	47	107	116	46.5	47.5	106.5	107.5
#747474	48	107	117	47.5	48.5	106.5	107.5
#727272	49	107	115	48.5	49.5	106.5	107.5
#6A6A6A	50	107	107	49.5	50.5	106.5	107.5
#656565	51	107	102	50.5	51.5	106.5	107.5
#5D5D5D	52	107	94	51.5	52.5	106.5	107.5
#585858	53	107	89	52.5	53.5	106.5	107.5
#575757	54	107	88	53.5	54.5	106.5	107.5
#585858	55	107	89	54.5	55.5	106.5	107.5
#585858	56	107	89	55.5	56.5	106.5	107.5
#515151	57	107	82	56.5	57.5	106.5	107.5
#4C4C4C	58	107	77	57.5	58.5	106.5	107.5
#515151	59	107	82	58.5	59.5	106.5	107.5
#565656	60	107	87	59.5	60.5	106.5	107.5
#575757	61	107	88	60.5	61.5	106.5	107.5
#5A5A5A	62	107	91	61.5	62.5	106.5	107.5
#646464	63	107	101	62.5	63.5	106.5	107.5
#666666	64	107	103	63.5	64.5	106.5	107.5
#656565	65	107	102	64.5	65.5	106.5	107.5
#696969	66	107	106	65.5	66.5	106.5	107.5
#6F6F6F	67	107	112	66.5	67.5	106.5	107.5
#6F6F6F	68	107	112	67.5	68.5	106.5	107.5
#6F6F6F	69	107	112	68.5	69.5	106.5	107.5
#737373	70	107	116	69.5	70.5	106.5	107.5
#787878	71	107	121	70.5	71.5	106.5	107.5
#7A7A7A	72	107	123	71.5	72.5	106.5	107.5
#787878	73	107	121	72.5	73.5	106.5	107.5
#737373	74	107	116	73.5	74.5	106.5	107.5
#767676	75	107	119	74.5	75.5	106.5	107.5
#767676	76	107	119	75.5	76.5	106.5	107.5
#747474	77	107	117	76.5	77.5	106.5	107.5
#747474	78	107	117	77.5	78.5	106.5	107.5
#787878	79	107	121	78.5	79.5	106.5	107.5
#787878	80	107	121	79.5	80.5	106.5	107.5
#777777	81	107	120	80.5	81.5	106.5	107.5
#757575	82	107	118	81.5	82.5	106.5	107.5
#6E6E6E	83	107	111	82.5	83.5	106.5	107.5
#696969	84	107	106	83.5	84.5	106.5	107.5
#676767	85	107	104	84.5	85.5	106.5	107.5
#6C6C6C	86	107	109	85.5	86.5	106.5	107.5
#6C6C6C	87	107	109	86.5	87.5	106.5	107.5
#696969	88	107	106	87.5	88.5	106.5	107.5
#6A6A6A	89	107	107	88.5	89.5	106.5	107.5
#6C6C6C	90	107	109	89.5	90.5	106.5	107.5
#6D6D6D	91	107	110	90.5	91.5	106.5	107.5
#6C6C6C	92	107	109	91.5	92.5	106.5	107.5
#686868	93	107	105	92.5	93.5	106.5	107.5
#656565	94	107	102	93.5	94.5	106.5	107.5
#646464	95	107	101	94.5	95.5	106.5	107.5
#636363	96	107	100	95.5	96.5	106.5	107.5
#626262	97	107	99	96.5	97.5	106.5	107.5
#5F5F5F	98	107	96	97.5	98.5	106.5	107.5
#595959	99	107	90	98.5	99.5	106.5	107.5
#545454	100	107	85	99.5	100.5	106.5	107.5
#515151	101	107	82	100.5	101.5	106.5	107.5
#535353	102	107	84	101.5	102.5	106.5	107.5
#525252	103	107	83	102.5	103.5	106.5	107.5
#4F4F4F	104	107	80	103.5	104.5	106.5	107.5
#4C4C4C	105	107	77	104.5	105.5	106.5	107.5
#4C4C4C	106	107	77	105.5	106.5	106.5	107.5
#4D4D4D	107	107	78	106.5	107.5	106.5	107.5
#4B4B4B	108	107	76	107.5	108.5	106.5	107.5
#4C4C4C	109	107	77	108.5	109.5	106.5	107.5
#575757	110	107	88	109.5	110.5	106.5	107.5
#585858	111	107	89	110.5	111.5	106.5	107.5
#565656	112	107	87	111.5	112.5	106.5	107.5
#515151	113	107	82	112.5	113.5	106.5	107.5
#4A4A4A	114	107	75	113.5	114.5	106.5	107.5
#4C4C4C	115	107	77	114.5	115.5	106.5	107.5
#4C4C4C	116	107	77	115.5	116.5	106.5	107.5
#4C4C4C	117	107	77	116.5	117.5	106.5	107.5
#4C4C4C	118	107	77	117.5	118.5	106.5	107.5
#4C4C4C	119	107	77	118.5	119.5	106.5	107.5
#4B4B4B	120	107	76	119.5	120.5	106.5	107.5
#4B4B4B	121	107	76	120.5	121.5	106.5	107.5
#4A4A4A	122	107	75	121.5	122.5	106.5	107.5
#484848	123	107	73	122.5	123.5	106.5	107.5
#484848	124	107	73	123.5	124.5	106.5	107.5
#474747	125	107	72	124.5	125.5	106.5	107.5
#424242	126	107	67	125.5	126.5	106.5	107.5
#383838	127	107	57	126.5	127.5	106.5	107.5
#313131	128	107	50	127.5	128.5	106.5	107.5
#2C2C2C	129	107	45	128.5	129.5	106.5	107.5
#2A2A2A	130	107	43	129.5	130.5	106.5	107.5
#2B2B2B	131	107	44	130.5	131.5	106.5	107.5
#2B2B2B	132	107	44	131.5	132.5	106.5	107.5
#292929	133	107	42	132.5	133.5	106.5	107.5
#292929	134	107	42	133.5	134.5	106.5	107.5
#232323	135	107	36	134.5	135.5	106.5	107.5
#161616	136	107	23	135.5	136.5	106.5	107.5
#191919	137	107	26	136.5	137.5	106.5	107.5
#171717	138	107	24	137.5	138.5	106.5	107.5
#111111	139	107	18	138.5	139.5	106.5	107.5
#505050	0	106	81	-0.5	0.5	105.5	106.5
#6B6B6B	1	106	108	0.5	1.5	105.5	106.5
#6B6B6B	2	106	108	1.5	2.5	105.5	106.5
#6F6F6F	3	106	112	2.5	3.5	105.5	106.5
#767676	4	106	119	3.5	4.5	105.5	106.5
#787878	5	106	121	4.5	5.5	105.5	106.5
#767676	6	106	119	5.5	6.5	105.5	106.5
#7A7A7A	7	106	123	6.5	7.5	105.5	106.5
#7C7C7C	8	106	125	7.5	8.5	105.5	106.5
#7C7C7C	9	106	125	8.5	9.5	105.5	106.5
#7E7E7E	10	106	127	9.5	10.5	105.5	106.5
#838383	11	106	132	10.5	11.5	105.5	106.5
#848484	12	106	133	11.5	12.5	105.5	106.5
#7C7C7C	13	106	125	12.5	13.5	105.5	106.5
#7F7F7F	14	106	128	13.5	14.5	105.5	106.5
#7A7A7A	15	106	123	14.5	15.5	105.5	106.5
#747474	16	106	117	15.5	16.5	105.5	106.5
#737373	17	106	116	16.5	17.5	105.5	106.5
#808080	18	106	129	17.5	18.5	105.5	106.5
#848484	19	106	133	18.5	19.5	105.5	106.5
#818181	20	106	130	19.5	20.5	105.5	106.5
#838383	21	106	132	20.5	21.5	105.5	106.5
#838383	22	106	132	21.5	22.5	105.5	106.5
#858585	23	106	134	22.5	23.5	105.5	106.5
#878787	24	106	136	23.5	24.5	105.5	106.5
#868686	25	106	135	24.5	25.5	105.5	106.5
#7B7B7B	26	106	124	25.5	26.5	105.5	106.5
#6F6F6F	27	106	112	26.5	27.5	105.5	106.5
#6A6A6A	28	106	107	27.5	28.5	105.5	106.5
#686868	29	106	105	28.5	29.5	105.5	106.5
#656565	30	106	102	29.5	30.5	105.5	106.5
#646464	31	106	101	30.5	31.5	105.5	106.5
#676767	32	106	104	31.5	32.5	105.5	106.5
#666666	33	106	103	32.5	33.5	105.5	106.5
#626262	34	106	99	33.5	34.5	105.5	106.5
#626262	35	106	99	34.5	35.5	105.5	106.5
#646464	36	106	101	35.5	36.5	105.5	106.5
#636363	37	106	100	36.5	37.5	105.5	106.5
#626262	38	106	99	37.5	38.5	105.5	106.5
#626262	39	106	99	38.5	39.5	105.5	106.5
#616161	40	106	98	39.5	40.5	105.5	106.5
#646464	41	106	101	40.5	41.5	105.5	106.5
#6D6D6D	42	106	110	41.5	42.5	105.5	106.5
#6D6D6D	43	106	110	42.5	43.5	105.5	106.5
#707070	44	106	113	43.5	44.5	105.5	106.5
#717171	45	106	114	44.5	45.5	105.5	106.5
#737373	46	106	116	45.5	46.5	105.5	106.5
#747474	47	106	117	46.5	47.5	105.5	106.5
#707070	48	106	113	47.5	48.5	105.5	106.5
#6D6D6D	49	106	110	48.5	49.5	105.5	106.5
#6B6B6B	50	106	108	49.5	50.5	105.5	106.5
#646464	51	106	101	50.5	51.5	105.5	106.5
#5C5C5C	52	106	93	51.5	52.5	105.5	106.5
#585858	53	106	89	52.5	53.5	105.5	106.5
#565656	54	106	87	53.5	54.5	105.5	106.5
#545454	55	106	85	54.5	55.5	105.5	106.5
#4F4F4F	56	106	80	55.5	56.5	105.5	106.5
#414141	57	106	66	56.5	57.5	105.5	106.5
#3E3E3E	58	106	63	57.5	58.5	105.5	106.5
#454545	59	106	70	58.5	59.5	105.5	106.5
#4D4D4D	60	106	78	59.5	60.5	105.5	106.5
#525252	61	106	83	60.5	61.5	105.5	106.5
#525252	62	106	83	61.5	62.5	105.5	106.5
#595959	63	106	90	62.5	63.5	105.5	106.5
#626262	64	106	99	63.5	64.5	105.5	106.5
#686868	65	106	105	64.5	65.5	105.5	106.5
#686868	66	106	105	65.5	66.5	105.5	106.5
#666666	67	106	103	66.5	67.5	105.5	106.5
#6B6B6B	68	106	108	67.5	68.5	105.5	106.5
#6C6C6C	69	106	109	68.5	69.5	105.5	106.5
#6D6D6D	70	106	110	69.5	70.5	105.5	106.5
#777777	71	106	120	70.5	71.5	105.5	106.5
#7D7D7D	72	106	126	71.5	72.5	105.5	106.5
#767676	73	106	119	72.5	73.5	105.5	106.5
#707070	74	106	113	73.5	74.5	105.5	106.5
#717171	75	106	114	74.5	75.5	105.5	106.5
#707070	76	106	113	75.5	76.5	105.5	106.5
#707070	77	106	113	76.5	77.5	105.5	106.5
#727272	78	106	115	77.5	78.5	105.5	106.5
#767676	79	106	119	78.5	79.5	105.5	106.5
#787878	80	106	121	79.5	80.5	105.5	106.5
#767676	81	106	119	80.5	81.5	105.5	106.5
#717171	82	106	114	81.5	82.5	105.5	106.5
#6C6C6C	83	106	109	82.5	83.5	105.5	106.5
#6D6D6D	84	106	110	83.5	84.5	105.5	106.5
#6E6E6E	85	106	111	84.5	85.5	105.5	106.5
#6E6E6E	86	106	111	85.5	86.5	105.5	106.5
#6C6C6C	87	106	109	86.5	87.5	105.5	106.5
#686868	88	106	105	87.5	88.5	105.5	106.5
#656565	89	106	102	88.5	89.5	105.5	106.5
#646464	90	106	101	89.5	90.5	105.5	106.5
#616161	91	106	98	90.5	91.5	105.5	106.5
#616161	92	106	98	91.5	92.5	105.5	106.5
#656565	93	106	102	92.5	93.5	105.5	106.5
#646464	94	106	101	93.5	94.5	105.5	106.5
#646464	95	106	101	94.5	95.5	105.5	106.5
#646464	96	106	101	95.5	96.5	105.5	106.5
#636363	97	106	100	96.5	97.5	105.5	106.5
#5E5E5E	98	106	95	97.5	98.5	105.5	106.5
#5F5F5F	99	106	96	98.5	99.5	105.5	106.5
#5C5C5C	100	106	93	99.5	100.5	105.5	106.5
#535353	101	106	84	100.5	101.5	105.5	106.5
#515151	102	106	82	101.5	102.5	105.5	106.5
#515151	103	106	82	102.5	103.5	105.5	106.5
#505050	104	106	81	103.5	104.5	105.5	106.5
#4C4C4C	105	106	77	104.5	105.5	105.5	106.5
#4B4B4B	106	106	76	105.5	106.5	105.5	106.5
#4A4A4A	107	106	75	106.5	107.5	105.5	106.5
#4A4A4A	108	106	75	107.5	108.5	105.5	106.5
#505050	109	106	81	108.5	109.5	105.5	106.5
#585858	110	106	89	109.5	110.5	105.5	106.5
#555555	111	106	86	110.5	111.5	105.5	106.5
#565656	112	106	87	111.5	112.5	105.5	106.5
#4F4F4F	113	106	80	112.5	113.5	105.5	106.5
#474747	114	106	72	113.5	114.5	105.5	106.5
#494949	115	106	74	114.5	115.5	105.5	106.5
#494949	116	106	74	115.5	116.5	105.5	106.5
#4A4A4A	117	106	75	116.5	117.5	105.5	106.5
#4A4A4A	118	106	75	117.5	118.5	105.5	106.5
#4A4A4A	119	106	75	118.5	119.5	105.5	106.5
#494949	120	106	74	119.5	120.5	105.5	106.5
#494949	121	106	74	120.5	121.5	105.5	106.5
#494949	122	106	74	121.5	122.5	105.5	106.5
#484848	123	106	73	122.5	123.5	105.5	106.5
#474747	124	106	72	123.5	124.5	105.5	106.5
#474747	125	106	72	124.5	125.5	105.5	106.5
#444444	126	106	69	125.5	126.5	105.5	106.5
#3E3E3E	127	106	63	126.5	127.5	105.5	106.5
#353535	128	106	54	127.5	128.5	105.5	106.5
#2E2E2E	129	106	47	128.5	129.5	105.5	106.5
#2B2B2B	130	106	44	129.5	130.5	105.5	106.5
#2B2B2B	131	106	44	130.5	131.5	105.5	106.5
#2A2A2A	132	106	43	131.5	132.5	105.5	106.5
#292929	133	106	42	132.5	133.5	105.5	106.5
#292929	134	106	42	133.5	134.5	105.5	106.5
#292929	135	106	42	134.5	135.5	105.5	106.5
#242424	136	106	37	135.5	136.5	105.5	106.5
#1E1E1E	137	106	31	136.5	137.5	105.5	106.5
#191919	138	106	26	137.5	138.5	105.5	106.5
#141414	139	106	21	138.5	139.5	105.5	106.5
#4F4F4F	0	105	80	-0.5	0.5	104.5	105.5
#6A6A6A	1	105	107	0.5	1.5	104.5	105.5
#6B6B6B	2	105	108	1.5	2.5	104.5	105.5
#6F6F6F	3	105	112	2.5	3.5	104.5	105.5
#757575	4	105	118	3.5	4.5	104.5	105.5
#787878	5	105	121	4.5	5.5	104.5	105.5
#7B7B7B	6	105	124	5.5	6.5	104.5	105.5
#7B7B7B	7	105	124	6.5	7.5	104.5	105.5
#7C7C7C	8	105	125	7.5	8.5	104.5	105.5
#7E7E7E	9	105	127	8.5	9.5	104.5	105.5
#808080	10	105	129	9.5	10.5	104.5	105.5
#848484	11	105	133	10.5	11.5	104.5	105.5
#848484	12	105	133	11.5	12.5	104.5	105.5
#7C7C7C	13	105	125	12.5	13.5	104.5	105.5
#7F7F7F	14	105	128	13.5	14.5	104.5	105.5
#7C7C7C	15	105	125	14.5	15.5	104.5	105.5
#777777	16	105	120	15.5	16.5	104.5	105.5
#7B7B7B	17	105	124	16.5	17.5	104.5	105.5
#868686	18	105	135	17.5	18.5	104.5	105.5
#858585	19	105	134	18.5	19.5	104.5	105.5
#828282	20	105	131	19.5	20.5	104.5	105.5
#828282	21	105	131	20.5	21.5	104.5	105.5
#858585	22	105	134	21.5	22.5	104.5	105.5
#858585	23	105	134	22.5	23.5	104.5	105.5
#7E7E7E	24	105	127	23.5	24.5	104.5	105.5
#747474	25	105	117	24.5	25.5	104.5	105.5
#6C6C6C	26	105	109	25.5	26.5	104.5	105.5
#676767	27	105	104	26.5	27.5	104.5	105.5
#686868	28	105	105	27.5	28.5	104.5	105.5
#686868	29	105	105	28.5	29.5	104.5	105.5
#696969	30	105	106	29.5	30.5	104.5	105.5
#696969	31	105	106	30.5	31.5	104.5	105.5
#686868	32	105	105	31.5	32.5	104.5	105.5
#666666	33	105	103	32.5	33.5	104.5	105.5
#636363	34	105	100	33.5	34.5	104.5	105.5
#636363	35	105	100	34.5	35.5	104.5	105.5
#646464	36	105	101	35.5	36.5	104.5	105.5
#646464	37	105	101	36.5	37.5	104.5	105.5
#646464	38	105	101	37.5	38.5	104.5	105.5
#636363	39	105	100	38.5	39.5	104.5	105.5
#636363	40	105	100	39.5	40.5	104.5	105.5
#616161	41	105	98	40.5	41.5	104.5	105.5
#676767	42	105	104	41.5	42.5	104.5	105.5
#717171	43	105	114	42.5	43.5	104.5	105.5
#737373	44	105	116	43.5	44.5	104.5	105.5
#727272	45	105	115	44.5	45.5	104.5	105.5
#727272	46	105	115	45.5	46.5	104.5	105.5
#6C6C6C	47	105	109	46.5	47.5	104.5	105.5
#6A6A6A	48	105	107	47.5	48.5	104.5	105.5
#6A6A6A	49	105	107	48.5	49.5	104.5	105.5
#626262	50	105	99	49.5	50.5	104.5	105.5
#5D5D5D	51	105	94	50.5	51.5	104.5	105.5
#616161	52	105	98	51.5	52.5	104.5	105.5
#626262	53	105	99	52.5	53.5	104.5	105.5
#616161	54	105	98	53.5	54.5	104.5	105.5
#5C5C5C	55	105	93	54.5	55.5	104.5	105.5
#505050	56	105	81	55.5	56.5	104.5	105.5
#414141	57	105	66	56.5	57.5	104.5	105.5
#444444	58	105	69	57.5	58.5	104.5	105.5
#494949	59	105	74	58.5	59.5	104.5	105.5
#4B4B4B	60	105	76	59.5	60.5	104.5	105.5
#494949	61	105	74	60.5	61.5	104.5	105.5
#4B4B4B	62	105	76	61.5	62.5	104.5	105.5
#525252	63	105	83	62.5	63.5	104.5	105.5
#5D5D5D	64	105	94	63.5	64.5	104.5	105.5
#696969	65	105	106	64.5	65.5	104.5	105.5
#6E6E6E	66	105	111	65.5	66.5	104.5	105.5
#666666	67	105	103	66.5	67.5	104.5	105.5
#656565	68	105	102	67.5	68.5	104.5	105.5
#6B6B6B	69	105	108	68.5	69.5	104.5	105.5
#6B6B6B	70	105	108	69.5	70.5	104.5	105.5
#747474	71	105	117	70.5	71.5	104.5	105.5
#787878	72	105	121	71.5	72.5	104.5	105.5
#727272	73	105	115	72.5	73.5	104.5	105.5
#6E6E6E	74	105	111	73.5	74.5	104.5	105.5
#707070	75	105	113	74.5	75.5	104.5	105.5
#6E6E6E	76	105	111	75.5	76.5	104.5	105.5
#6F6F6F	77	105	112	76.5	77.5	104.5	105.5
#747474	78	105	117	77.5	78.5	104.5	105.5
#797979	79	105	122	78.5	79.5	104.5	105.5
#797979	80	105	122	79.5	80.5	104.5	105.5
#777777	81	105	120	80.5	81.5	104.5	105.5
#717171	82	105	114	81.5	82.5	104.5	105.5
#6E6E6E	83	105	111	82.5	83.5	104.5	105.5
#6D6D6D	84	105	110	83.5	84.5	104.5	105.5
#6B6B6B	85	105	108	84.5	85.5	104.5	105.5
#6B6B6B	86	105	108	85.5	86.5	104.5	105.5
#6A6A6A	87	105	107	86.5	87.5	104.5	105.5
#656565	88	105	102	87.5	88.5	104.5	105.5
#5C5C5C	89	105	93	88.5	89.5	104.5	105.5
#575757	90	105	88	89.5	90.5	104.5	105.5
#555555	91	105	86	90.5	91.5	104.5	105.5
#555555	92	105	86	91.5	92.5	104.5	105.5
#5C5C5C	93	105	93	92.5	93.5	104.5	105.5
#5F5F5F	94	105	96	93.5	94.5	104.5	105.5
#5E5E5E	95	105	95	94.5	95.5	104.5	105.5
#5F5F5F	96	105	96	95.5	96.5	104.5	105.5
#626262	97	105	99	96.5	97.5	104.5	105.5
#616161	98	105	98	97.5	98.5	104.5	105.5
#5D5D5D	99	105	94	98.5	99.5	104.5	105.5
#5E5E5E	100	105	95	99.5	100.5	104.5	105.5
#5D5D5D	101	105	94	100.5	101.5	104.5	105.5
#525252	102	105	83	101.5	102.5	104.5	105.5
#4F4F4F	103	105	80	102.5	103.5	104.5	105.5
#4E4E4E	104	105	79	103.5	104.5	104.5	105.5
#4C4C4C	105	105	77	104.5	105.5	104.5	105.5
#494949	106	105	74	105.5	106.5	104.5	105.5
#494949	107	105	74	106.5	107.5	104.5	105.5
#4A4A4A	108	105	75	107.5	108.5	104.5	105.5
#545454	109	105	85	108.5	109.5	104.5	105.5
#565656	110	105	87	109.5	110.5	104.5	105.5
#545454	111	105	85	110.5	111.5	104.5	105.5
#545454	112	105	85	111.5	112.5	104.5	105.5
#484848	113	105	73	112.5	113.5	104.5	105.5
#454545	114	105	70	113.5	114.5	104.5	105.5
#464646	115	105	71	114.5	115.5	104.5	105.5
#484848	116	105	73	115.5	116.5	104.5	105.5
#484848	117	105	73	116.5	117.5	104.5	105.5
#484848	118	105	73	117.5	118.5	104.5	105.5
#474747	119	105	72	118.5	119.5	104.5	105.5
#474747	120	105	72	119.5	120.5	104.5	105.5
#464646	121	105	71	120.5	121.5	104.5	105.5
#464646	122	105	71	121.5	122.5	104.5	105.5
#464646	123	105	71	122.5	123.5	104.5	105.5
#454545	124	105	70	123.5	124.5	104.5	105.5
#454545	125	105	70	124.5	125.5	104.5	105.5
#424242	126	105	67	125.5	126.5	104.5	105.5
#3F3F3F	127	105	64	126.5	127.5	104.5	105.5
#3A3A3A	128	105	59	127.5	128.5	104.5	105.5
#323232	129	105	51	128.5	129.5	104.5	105.5
#2F2F2F	130	105	48	129.5	130.5	104.5	105.5
#2C2C2C	131	105	45	130.5	131.5	104.5	105.5
#2B2B2B	132	105	44	131.5	132.5	104.5	105.5
#2A2A2A	133	105	43	132.5	133.5	104.5	105.5
#2A2A2A	134	105	43	133.5	134.5	104.5	105.5
#292929	135	105	42	134.5	135.5	104.5	105.5
#262626	136	105	39	135.5	136.5	104.5	105.5
#202020	137	105	33	136.5	137.5	104.5	105.5
#1B1B1B	138	105	28	137.5	138.5	104.5	105.5
#161616	139	105	23	138.5	139.5	104.5	105.5
#505050	0	104	81	-0.5	0.5	103.5	104.5
#6C6C6C	1	104	109	0.5	1.5	103.5	104.5
#6E6E6E	2	104	111	1.5	2.5	103.5	104.5
#707070	3	104	113	2.5	3.5	103.5	104.5
#757575	4	104	118	3.5	4.5	103.5	104.5
#787878	5	104	121	4.5	5.5	103.5	104.5
#7D7D7D	6	104	126	5.5	6.5	103.5	104.5
#7F7F7F	7	104	128	6.5	7.5	103.5	104.5
#7D7D7D	8	104	126	7.5	8.5	103.5	104.5
#808080	9	104	129	8.5	9.5	103.5	104.5
#818181	10	104	130	9.5	10.5	103.5	104.5
#828282	11	104	131	10.5	11.5	103.5	104.5
#858585	12	104	134	11.5	12.5	103.5	104.5
#7C7C7C	13	104	125	12.5	13.5	103.5	104.5
#7D7D7D	14	104	126	13.5	14.5	103.5	104.5
#7D7D7D	15	104	126	14.5	15.5	103.5	104.5
#7D7D7D	16	104	126	15.5	16.5	103.5	104.5
#808080	17	104	129	16.5	17.5	103.5	104.5
#848484	18	104	133	17.5	18.5	103.5	104.5
#858585	19	104	134	18.5	19.5	103.5	104.5
#828282	20	104	131	19.5	20.5	103.5	104.5
#848484	21	104	133	20.5	21.5	103.5	104.5
#848484	22	104	133	21.5	22.5	103.5	104.5
#7D7D7D	23	104	126	22.5	23.5	103.5	104.5
#757575	24	104	118	23.5	24.5	103.5	104.5
#6E6E6E	25	104	111	24.5	25.5	103.5	104.5
#6A6A6A	26	104	107	25.5	26.5	103.5	104.5
#6A6A6A	27	104	107	26.5	27.5	103.5	104.5
#6C6C6C	28	104	109	27.5	28.5	103.5	104.5
#6B6B6B	29	104	108	28.5	29.5	103.5	104.5
#6B6B6B	30	104	108	29.5	30.5	103.5	104.5
#6B6B6B	31	104	108	30.5	31.5	103.5	104.5
#686868	32	104	105	31.5	32.5	103.5	104.5
#656565	33	104	102	32.5	33.5	103.5	104.5
#656565	34	104	102	33.5	34.5	103.5	104.5
#666666	35	104	103	34.5	35.5	103.5	104.5
#666666	36	104	103	35.5	36.5	103.5	104.5
#666666	37	104	103	36.5	37.5	103.5	104.5
#666666	38	104	103	37.5	38.5	103.5	104.5
#666666	39	104	103	38.5	39.5	103.5	104.5
#646464	40	104	101	39.5	40.5	103.5	104.5
#646464	41	104	101	40.5	41.5	103.5	104.5
#6D6D6D	42	104	110	41.5	42.5	103.5	104.5
#727272	43	104	115	42.5	43.5	103.5	104.5
#717171	44	104	114	43.5	44.5	103.5	104.5
#717171	45	104	114	44.5	45.5	103.5	104.5
#6B6B6B	46	104	108	45.5	46.5	103.5	104.5
#696969	47	104	106	46.5	47.5	103.5	104.5
#676767	48	104	104	47.5	48.5	103.5	104.5
#636363	49	104	100	48.5	49.5	103.5	104.5
#5F5F5F	50	104	96	49.5	50.5	103.5	104.5
#606060	51	104	97	50.5	51.5	103.5	104.5
#636363	52	104	100	51.5	52.5	103.5	104.5
#626262	53	104	99	52.5	53.5	103.5	104.5
#626262	54	104	99	53.5	54.5	103.5	104.5
#616161	55	104	98	54.5	55.5	103.5	104.5
#585858	56	104	89	55.5	56.5	103.5	104.5
#4D4D4D	57	104	78	56.5	57.5	103.5	104.5
#505050	58	104	81	57.5	58.5	103.5	104.5
#565656	59	104	87	58.5	59.5	103.5	104.5
#555555	60	104	86	59.5	60.5	103.5	104.5
#505050	61	104	81	60.5	61.5	103.5	104.5
#505050	62	104	81	61.5	62.5	103.5	104.5
#555555	63	104	86	62.5	63.5	103.5	104.5
#5D5D5D	64	104	94	63.5	64.5	103.5	104.5
#6A6A6A	65	104	107	64.5	65.5	103.5	104.5
#747474	66	104	117	65.5	66.5	103.5	104.5
#707070	67	104	113	66.5	67.5	103.5	104.5
#6C6C6C	68	104	109	67.5	68.5	103.5	104.5
#6B6B6B	69	104	108	68.5	69.5	103.5	104.5
#6C6C6C	70	104	109	69.5	70.5	103.5	104.5
#717171	71	104	114	70.5	71.5	103.5	104.5
#717171	72	104	114	71.5	72.5	103.5	104.5
#676767	73	104	104	72.5	73.5	103.5	104.5
#616161	74	104	98	73.5	74.5	103.5	104.5
#676767	75	104	104	74.5	75.5	103.5	104.5
#676767	76	104	104	75.5	76.5	103.5	104.5
#696969	77	104	106	76.5	77.5	103.5	104.5
#717171	78	104	114	77.5	78.5	103.5	104.5
#757575	79	104	118	78.5	79.5	103.5	104.5
#777777	80	104	120	79.5	80.5	103.5	104.5
#767676	81	104	119	80.5	81.5	103.5	104.5
#6F6F6F	82	104	112	81.5	82.5	103.5	104.5
#6B6B6B	83	104	108	82.5	83.5	103.5	104.5
#686868	84	104	105	83.5	84.5	103.5	104.5
#676767	85	104	104	84.5	85.5	103.5	104.5
#636363	86	104	100	85.5	86.5	103.5	104.5
#636363	87	104	100	86.5	87.5	103.5	104.5
#636363	88	104	100	87.5	88.5	103.5	104.5
#626262	89	104	99	88.5	89.5	103.5	104.5
#5E5E5E	90	104	95	89.5	90.5	103.5	104.5
#5C5C5C	91	104	93	90.5	91.5	103.5	104.5
#585858	92	104	89	91.5	92.5	103.5	104.5
#595959	93	104	90	92.5	93.5	103.5	104.5
#616161	94	104	98	93.5	94.5	103.5	104.5
#616161	95	104	98	94.5	95.5	103.5	104.5
#5D5D5D	96	104	94	95.5	96.5	103.5	104.5
#5B5B5B	97	104	92	96.5	97.5	103.5	104.5
#5C5C5C	98	104	93	97.5	98.5	103.5	104.5
#5E5E5E	99	104	95	98.5	99.5	103.5	104.5
#5E5E5E	100	104	95	99.5	100.5	103.5	104.5
#5D5D5D	101	104	94	100.5	101.5	103.5	104.5
#5B5B5B	102	104	92	101.5	102.5	103.5	104.5
#525252	103	104	83	102.5	103.5	103.5	104.5
#505050	104	104	81	103.5	104.5	103.5	104.5
#4F4F4F	105	104	80	104.5	105.5	103.5	104.5
#4D4D4D	106	104	78	105.5	106.5	103.5	104.5
#4A4A4A	107	104	75	106.5	107.5	103.5	104.5
#4D4D4D	108	104	78	107.5	108.5	103.5	104.5
#525252	109	104	83	108.5	109.5	103.5	104.5
#515151	110	104	82	109.5	110.5	103.5	104.5
#545454	111	104	85	110.5	111.5	103.5	104.5
#4D4D4D	112	104	78	111.5	112.5	103.5	104.5
#434343	113	104	68	112.5	113.5	103.5	104.5
#444444	114	104	69	113.5	114.5	103.5	104.5
#464646	115	104	71	114.5	115.5	103.5	104.5
#4B4B4B	116	104	76	115.5	116.5	103.5	104.5
#4D4D4D	117	104	78	116.5	117.5	103.5	104.5
#4A4A4A	118	104	75	117.5	118.5	103.5	104.5
#474747	119	104	72	118.5	119.5	103.5	104.5
#454545	120	104	70	119.5	120.5	103.5	104.5
#434343	121	104	68	120.5	121.5	103.5	104.5
#444444	122	104	69	121.5	122.5	103.5	104.5
#434343	123	104	68	122.5	123.5	103.5	104.5
#404040	124	104	65	123.5	124.5	103.5	104.5
#3F3F3F	125	104	64	124.5	125.5	103.5	104.5
#3C3C3C	126	104	61	125.5	126.5	103.5	104.5
#393939	127	104	58	126.5	127.5	103.5	104.5
#383838	128	104	57	127.5	128.5	103.5	104.5
#353535	129	104	54	128.5	129.5	103.5	104.5
#323232	130	104	51	129.5	130.5	103.5	104.5
#2F2F2F	131	104	48	130.5	131.5	103.5	104.5
#2D2D2D	132	104	46	131.5	132.5	103.5	104.5
#2C2C2C	133	104	45	132.5	133.5	103.5	104.5
#2A2A2A	134	104	43	133.5	134.5	103.5	104.5
#292929	135	104	42	134.5	135.5	103.5	104.5
#272727	136	104	40	135.5	136.5	103.5	104.5
#232323	137	104	36	136.5	137.5	103.5	104.5
#1E1E1E	138	104	31	137.5	138.5	103.5	104.5
#191919	139	104	26	138.5	139.5	103.5	104.5
#535353	0	103	84	-0.5	0.5	102.5	103.5
#6F6F6F	1	103	112	0.5	1.5	102.5	103.5
#6F6F6F	2	103	112	1.5	2.5	102.5	103.5
#717171	3	103	114	2.5	3.5	102.5	103.5
#747474	4	103	117	3.5	4.5	102.5	103.5
#7A7A7A	5	103	123	4.5	5.5	102.5	103.5
#7D7D7D	6	103	126	5.5	6.5	102.5	103.5
#818181	7	103	130	6.5	7.5	102.5	103.5
#7F7F7F	8	103	128	7.5	8.5	102.5	103.5
#828282	9	103	131	8.5	9.5	102.5	103.5
#848484	10	103	133	9.5	10.5	102.5	103.5
#828282	11	103	131	10.5	11.5	102.5	103.5
#858585	12	103	134	11.5	12.5	102.5	103.5
#7D7D7D	13	103	126	12.5	13.5	102.5	103.5
#7C7C7C	14	103	125	13.5	14.5	102.5	103.5
#808080	15	103	129	14.5	15.5	102.5	103.5
#7E7E7E	16	103	127	15.5	16.5	102.5	103.5
#7E7E7E	17	103	127	16.5	17.5	102.5	103.5
#818181	18	103	130	17.5	18.5	102.5	103.5
#868686	19	103	135	18.5	19.5	102.5	103.5
#898989	20	103	138	19.5	20.5	102.5	103.5
#878787	21	103	136	20.5	21.5	102.5	103.5
#7E7E7E	22	103	127	21.5	22.5	102.5	103.5
#777777	23	103	120	22.5	23.5	102.5	103.5
#6F6F6F	24	103	112	23.5	24.5	102.5	103.5
#696969	25	103	106	24.5	25.5	102.5	103.5
#6B6B6B	26	103	108	25.5	26.5	102.5	103.5
#6E6E6E	27	103	111	26.5	27.5	102.5	103.5
#6D6D6D	28	103	110	27.5	28.5	102.5	103.5
#6D6D6D	29	103	110	28.5	29.5	102.5	103.5
#6D6D6D	30	103	110	29.5	30.5	102.5	103.5
#6A6A6A	31	103	107	30.5	31.5	102.5	103.5
#676767	32	103	104	31.5	32.5	102.5	103.5
#676767	33	103	104	32.5	33.5	102.5	103.5
#686868	34	103	105	33.5	34.5	102.5	103.5
#686868	35	103	105	34.5	35.5	102.5	103.5
#676767	36	103	104	35.5	36.5	102.5	103.5
#676767	37	103	104	36.5	37.5	102.5	103.5
#696969	38	103	106	37.5	38.5	102.5	103.5
#666666	39	103	103	38.5	39.5	102.5	103.5
#656565	40	103	102	39.5	40.5	102.5	103.5
#6D6D6D	41	103	110	40.5	41.5	102.5	103.5
#727272	42	103	115	41.5	42.5	102.5	103.5
#737373	43	103	116	42.5	43.5	102.5	103.5
#6D6D6D	44	103	110	43.5	44.5	102.5	103.5
#6A6A6A	45	103	107	44.5	45.5	102.5	103.5
#6A6A6A	46	103	107	45.5	46.5	102.5	103.5
#6B6B6B	47	103	108	46.5	47.5	102.5	103.5
#676767	48	103	104	47.5	48.5	102.5	103.5
#646464	49	103	101	48.5	49.5	102.5	103.5
#646464	50	103	101	49.5	50.5	102.5	103.5
#636363	51	103	100	50.5	51.5	102.5	103.5
#646464	52	103	101	51.5	52.5	102.5	103.5
#626262	53	103	99	52.5	53.5	102.5	103.5
#626262	54	103	99	53.5	54.5	102.5	103.5
#636363	55	103	100	54.5	55.5	102.5	103.5
#5D5D5D	56	103	94	55.5	56.5	102.5	103.5
#535353	57	103	84	56.5	57.5	102.5	103.5
#565656	58	103	87	57.5	58.5	102.5	103.5
#575757	59	103	88	58.5	59.5	102.5	103.5
#535353	60	103	84	59.5	60.5	102.5	103.5
#525252	61	103	83	60.5	61.5	102.5	103.5
#565656	62	103	87	61.5	62.5	102.5	103.5
#585858	63	103	89	62.5	63.5	102.5	103.5
#585858	64	103	89	63.5	64.5	102.5	103.5
#606060	65	103	97	64.5	65.5	102.5	103.5
#727272	66	103	115	65.5	66.5	102.5	103.5
#747474	67	103	117	66.5	67.5	102.5	103.5
#747474	68	103	117	67.5	68.5	102.5	103.5
#6F6F6F	69	103	112	68.5	69.5	102.5	103.5
#6F6F6F	70	103	112	69.5	70.5	102.5	103.5
#787878	71	103	121	70.5	71.5	102.5	103.5
#707070	72	103	113	71.5	72.5	102.5	103.5
#626262	73	103	99	72.5	73.5	102.5	103.5
#5D5D5D	74	103	94	73.5	74.5	102.5	103.5
#6D6D6D	75	103	110	74.5	75.5	102.5	103.5
#626262	76	103	99	75.5	76.5	102.5	103.5
#5F5F5F	77	103	96	76.5	77.5	102.5	103.5
#6E6E6E	78	103	111	77.5	78.5	102.5	103.5
#747474	79	103	117	78.5	79.5	102.5	103.5
#727272	80	103	115	79.5	80.5	102.5	103.5
#737373	81	103	116	80.5	81.5	102.5	103.5
#6D6D6D	82	103	110	81.5	82.5	102.5	103.5
#6A6A6A	83	103	107	82.5	83.5	102.5	103.5
#666666	84	103	103	83.5	84.5	102.5	103.5
#666666	85	103	103	84.5	85.5	102.5	103.5
#646464	86	103	101	85.5	86.5	102.5	103.5
#5E5E5E	87	103	95	86.5	87.5	102.5	103.5
#5C5C5C	88	103	93	87.5	88.5	102.5	103.5
#5D5D5D	89	103	94	88.5	89.5	102.5	103.5
#595959	90	103	90	89.5	90.5	102.5	103.5
#555555	91	103	86	90.5	91.5	102.5	103.5
#505050	92	103	81	91.5	92.5	102.5	103.5
#4E4E4E	93	103	79	92.5	93.5	102.5	103.5
#585858	94	103	89	93.5	94.5	102.5	103.5
#5D5D5D	95	103	94	94.5	95.5	102.5	103.5
#5B5B5B	96	103	92	95.5	96.5	102.5	103.5
#5D5D5D	97	103	94	96.5	97.5	102.5	103.5
#5E5E5E	98	103	95	97.5	98.5	102.5	103.5
#555555	99	103	86	98.5	99.5	102.5	103.5
#595959	100	103	90	99.5	100.5	102.5	103.5
#5E5E5E	101	103	95	100.5	101.5	102.5	103.5
#5C5C5C	102	103	93	101.5	102.5	102.5	103.5
#595959	103	103	90	102.5	103.5	102.5	103.5
#505050	104	103	81	103.5	104.5	102.5	103.5
#515151	105	103	82	104.5	105.5	102.5	103.5
#4F4F4F	106	103	80	105.5	106.5	102.5	103.5
#4C4C4C	107	103	77	106.5	107.5	102.5	103.5
#4B4B4B	108	103	76	107.5	108.5	102.5	103.5
#4F4F4F	109	103	80	108.5	109.5	102.5	103.5
#505050	110	103	81	109.5	110.5	102.5	103.5
#535353	111	103	84	110.5	111.5	102.5	103.5
#505050	112	103	81	111.5	112.5	102.5	103.5
#515151	113	103	82	112.5	113.5	102.5	103.5
#595959	114	103	90	113.5	114.5	102.5	103.5
#5F5F5F	115	103	96	114.5	115.5	102.5	103.5
#626262	116	103	99	115.5	116.5	102.5	103.5
#636363	117	103	100	116.5	117.5	102.5	103.5
#646464	118	103	101	117.5	118.5	102.5	103.5
#616161	119	103	98	118.5	119.5	102.5	103.5
#5A5A5A	120	103	91	119.5	120.5	102.5	103.5
#525252	121	103	83	120.5	121.5	102.5	103.5
#4C4C4C	122	103	77	121.5	122.5	102.5	103.5
#4B4B4B	123	103	76	122.5	123.5	102.5	103.5
#484848	124	103	73	123.5	124.5	102.5	103.5
#464646	125	103	71	124.5	125.5	102.5	103.5
#424242	126	103	67	125.5	126.5	102.5	103.5
#3E3E3E	127	103	63	126.5	127.5	102.5	103.5
#3D3D3D	128	103	62	127.5	128.5	102.5	103.5
#393939	129	103	58	128.5	129.5	102.5	103.5
#333333	130	103	52	129.5	130.5	102.5	103.5
#313131	131	103	50	130.5	131.5	102.5	103.5
#303030	132	103	49	131.5	132.5	102.5	103.5
#2E2E2E	133	103	47	132.5	133.5	102.5	103.5
#2B2B2B	134	103	44	133.5	134.5	102.5	103.5
#2B2B2B	135	103	44	134.5	135.5	102.5	103.5
#282828	136	103	41	135.5	136.5	102.5	103.5
#252525	137	103	38	136.5	137.5	102.5	103.5
#202020	138	103	33	137.5	138.5	102.5	103.5
#1C1C1C	139	103	29	138.5	139.5	102.5	103.5
#545454	0	102	85	-0.5	0.5	101.5	102.5
#717171	1	102	114	0.5	1.5	101.5	102.5
#707070	2	102	113	1.5	2.5	101.5	102.5
#727272	3	102	115	2.5	3.5	101.5	102.5
#777777	4	102	120	3.5	4.5	101.5	102.5
#7C7C7C	5	102	125	4.5	5.5	101.5	102.5
#808080	6	102	129	5.5	6.5	101.5	102.5
#808080	7	102	129	6.5	7.5	101.5	102.5
#818181	8	102	130	7.5	8.5	101.5	102.5
#838383	9	102	132	8.5	9.5	101.5	102.5
#848484	10	102	133	9.5	10.5	101.5	102.5
#818181	11	102	130	10.5	11.5	101.5	102.5
#828282	12	102	131	11.5	12.5	101.5	102.5
#7D7D7D	13	102	126	12.5	13.5	101.5	102.5
#7F7F7F	14	102	128	13.5	14.5	101.5	102.5
#838383	15	102	132	14.5	15.5	101.5	102.5
#7F7F7F	16	102	128	15.5	16.5	101.5	102.5
#7D7D7D	17	102	126	16.5	17.5	101.5	102.5
#7F7F7F	18	102	128	17.5	18.5	101.5	102.5
#848484	19	102	133	18.5	19.5	101.5	102.5
#858585	20	102	134	19.5	20.5	101.5	102.5
#7D7D7D	21	102	126	20.5	21.5	101.5	102.5
#777777	22	102	120	21.5	22.5	101.5	102.5
#727272	23	102	115	22.5	23.5	101.5	102.5
#6C6C6C	24	102	109	23.5	24.5	101.5	102.5
#6C6C6C	25	102	109	24.5	25.5	101.5	102.5
#6E6E6E	26	102	111	25.5	26.5	101.5	102.5
#707070	27	102	113	26.5	27.5	101.5	102.5
#6F6F6F	28	102	112	27.5	28.5	101.5	102.5
#6D6D6D	29	102	110	28.5	29.5	101.5	102.5
#6E6E6E	30	102	111	29.5	30.5	101.5	102.5
#6C6C6C	31	102	109	30.5	31.5	101.5	102.5
#6B6B6B	32	102	108	31.5	32.5	101.5	102.5
#6A6A6A	33	102	107	32.5	33.5	101.5	102.5
#696969	34	102	106	33.5	34.5	101.5	102.5
#686868	35	102	105	34.5	35.5	101.5	102.5
#686868	36	102	105	35.5	36.5	101.5	102.5
#686868	37	102	105	36.5	37.5	101.5	102.5
#676767	38	102	104	37.5	38.5	101.5	102.5
#656565	39	102	102	38.5	39.5	101.5	102.5
#6B6B6B	40	102	108	39.5	40.5	101.5	102.5
#727272	41	102	115	40.5	41.5	101.5	102.5
#737373	42	102	116	41.5	42.5	101.5	102.5
#717171	43	102	114	42.5	43.5	101.5	102.5
#707070	44	102	113	43.5	44.5	101.5	102.5
#6A6A6A	45	102	107	44.5	45.5	101.5	102.5
#646464	46	102	101	45.5	46.5	101.5	102.5
#626262	47	102	99	46.5	47.5	101.5	102.5
#636363	48	102	100	47.5	48.5	101.5	102.5
#646464	49	102	101	48.5	49.5	101.5	102.5
#636363	50	102	100	49.5	50.5	101.5	102.5
#636363	51	102	100	50.5	51.5	101.5	102.5
#626262	52	102	99	51.5	52.5	101.5	102.5
#626262	53	102	99	52.5	53.5	101.5	102.5
#636363	54	102	100	53.5	54.5	101.5	102.5
#656565	55	102	102	54.5	55.5	101.5	102.5
#616161	56	102	98	55.5	56.5	101.5	102.5
#585858	57	102	89	56.5	57.5	101.5	102.5
#5A5A5A	58	102	91	57.5	58.5	101.5	102.5
#5B5B5B	59	102	92	58.5	59.5	101.5	102.5
#565656	60	102	87	59.5	60.5	101.5	102.5
#535353	61	102	84	60.5	61.5	101.5	102.5
#525252	62	102	83	61.5	62.5	101.5	102.5
#535353	63	102	84	62.5	63.5	101.5	102.5
#585858	64	102	89	63.5	64.5	101.5	102.5
#575757	65	102	88	64.5	65.5	101.5	102.5
#666666	66	102	103	65.5	66.5	101.5	102.5
#757575	67	102	118	66.5	67.5	101.5	102.5
#757575	68	102	118	67.5	68.5	101.5	102.5
#6E6E6E	69	102	111	68.5	69.5	101.5	102.5
#6E6E6E	70	102	111	69.5	70.5	101.5	102.5
#767676	71	102	119	70.5	71.5	101.5	102.5
#737373	72	102	116	71.5	72.5	101.5	102.5
#6E6E6E	73	102	111	72.5	73.5	101.5	102.5
#717171	74	102	114	73.5	74.5	101.5	102.5
#777777	75	102	120	74.5	75.5	101.5	102.5
#6C6C6C	76	102	109	75.5	76.5	101.5	102.5
#676767	77	102	104	76.5	77.5	101.5	102.5
#747474	78	102	117	77.5	78.5	101.5	102.5
#777777	79	102	120	78.5	79.5	101.5	102.5
#767676	80	102	119	79.5	80.5	101.5	102.5
#747474	81	102	117	80.5	81.5	101.5	102.5
#6F6F6F	82	102	112	81.5	82.5	101.5	102.5
#696969	83	102	106	82.5	83.5	101.5	102.5
#696969	84	102	106	83.5	84.5	101.5	102.5
#6E6E6E	85	102	111	84.5	85.5	101.5	102.5
#696969	86	102	106	85.5	86.5	101.5	102.5
#666666	87	102	103	86.5	87.5	101.5	102.5
#5F5F5F	88	102	96	87.5	88.5	101.5	102.5
#555555	89	102	86	88.5	89.5	101.5	102.5
#535353	90	102	84	89.5	90.5	101.5	102.5
#515151	91	102	82	90.5	91.5	101.5	102.5
#4D4D4D	92	102	78	91.5	92.5	101.5	102.5
#4C4C4C	93	102	77	92.5	93.5	101.5	102.5
#535353	94	102	84	93.5	94.5	101.5	102.5
#5A5A5A	95	102	91	94.5	95.5	101.5	102.5
#595959	96	102	90	95.5	96.5	101.5	102.5
#5B5B5B	97	102	92	96.5	97.5	101.5	102.5
#5F5F5F	98	102	96	97.5	98.5	101.5	102.5
#5C5C5C	99	102	93	98.5	99.5	101.5	102.5
#545454	100	102	85	99.5	100.5	101.5	102.5
#595959	101	102	90	100.5	101.5	101.5	102.5
#5C5C5C	102	102	93	101.5	102.5	101.5	102.5
#5B5B5B	103	102	92	102.5	103.5	101.5	102.5
#565656	104	102	87	103.5	104.5	101.5	102.5
#4E4E4E	105	102	79	104.5	105.5	101.5	102.5
#4D4D4D	106	102	78	105.5	106.5	101.5	102.5
#4E4E4E	107	102	79	106.5	107.5	101.5	102.5
#4F4F4F	108	102	80	107.5	108.5	101.5	102.5
#545454	109	102	85	108.5	109.5	101.5	102.5
#5C5C5C	110	102	93	109.5	110.5	101.5	102.5
#606060	111	102	97	110.5	111.5	101.5	102.5
#616161	112	102	98	111.5	112.5	101.5	102.5
#626262	113	102	99	112.5	113.5	101.5	102.5
#656565	114	102	102	113.5	114.5	101.5	102.5
#646464	115	102	101	114.5	115.5	101.5	102.5
#636363	116	102	100	115.5	116.5	101.5	102.5
#636363	117	102	100	116.5	117.5	101.5	102.5
#656565	118	102	102	117.5	118.5	101.5	102.5
#656565	119	102	102	118.5	119.5	101.5	102.5
#676767	120	102	104	119.5	120.5	101.5	102.5
#666666	121	102	103	120.5	121.5	101.5	102.5
#636363	122	102	100	121.5	122.5	101.5	102.5
#5E5E5E	123	102	95	122.5	123.5	101.5	102.5
#575757	124	102	88	123.5	124.5	101.5	102.5
#525252	125	102	83	124.5	125.5	101.5	102.5
#4B4B4B	126	102	76	125.5	126.5	101.5	102.5
#464646	127	102	71	126.5	127.5	101.5	102.5
#434343	128	102	68	127.5	128.5	101.5	102.5
#404040	129	102	65	128.5	129.5	101.5	102.5
#3B3B3B	130	102	60	129.5	130.5	101.5	102.5
#363636	131	102	55	130.5	131.5	101.5	102.5
#323232	132	102	51	131.5	132.5	101.5	102.5
#303030	133	102	49	132.5	133.5	101.5	102.5
#2E2E2E	134	102	47	133.5	134.5	101.5	102.5
#2D2D2D	135	102	46	134.5	135.5	101.5	102.5
#2A2A2A	136	102	43	135.5	136.5	101.5	102.5
#262626	137	102	39	136.5	137.5	101.5	102.5
#212121	138	102	34	137.5	138.5	101.5	102.5
#1C1C1C	139	102	29	138.5	139.5	101.5	102.5
#555555	0	101	86	-0.5	0.5	100.5	101.5
#727272	1	101	115	0.5	1.5	100.5	101.5
#727272	2	101	115	1.5	2.5	100.5	101.5
#757575	3	101	118	2.5	3.5	100.5	101.5
#787878	4	101	121	3.5	4.5	100.5	101.5
#7E7E7E	5	101	127	4.5	5.5	100.5	101.5
#818181	6	101	130	5.5	6.5	100.5	101.5
#808080	7	101	129	6.5	7.5	100.5	101.5
#828282	8	101	131	7.5	8.5	100.5	101.5
#848484	9	101	133	8.5	9.5	100.5	101.5
#828282	10	101	131	9.5	10.5	100.5	101.5
#818181	11	101	130	10.5	11.5	100.5	101.5
#818181	12	101	130	11.5	12.5	100.5	101.5
#7D7D7D	13	101	126	12.5	13.5	100.5	101.5
#818181	14	101	130	13.5	14.5	100.5	101.5
#828282	15	101	131	14.5	15.5	100.5	101.5
#7F7F7F	16	101	128	15.5	16.5	100.5	101.5
#7F7F7F	17	101	128	16.5	17.5	100.5	101.5
#818181	18	101	130	17.5	18.5	100.5	101.5
#838383	19	101	132	18.5	19.5	100.5	101.5
#7F7F7F	20	101	128	19.5	20.5	100.5	101.5
#7A7A7A	21	101	123	20.5	21.5	100.5	101.5
#737373	22	101	116	21.5	22.5	100.5	101.5
#6E6E6E	23	101	111	22.5	23.5	100.5	101.5
#6D6D6D	24	101	110	23.5	24.5	100.5	101.5
#6F6F6F	25	101	112	24.5	25.5	100.5	101.5
#6F6F6F	26	101	112	25.5	26.5	100.5	101.5
#707070	27	101	113	26.5	27.5	100.5	101.5
#6F6F6F	28	101	112	27.5	28.5	100.5	101.5
#6E6E6E	29	101	111	28.5	29.5	100.5	101.5
#6F6F6F	30	101	112	29.5	30.5	100.5	101.5
#6C6C6C	31	101	109	30.5	31.5	100.5	101.5
#6B6B6B	32	101	108	31.5	32.5	100.5	101.5
#6B6B6B	33	101	108	32.5	33.5	100.5	101.5
#6A6A6A	34	101	107	33.5	34.5	100.5	101.5
#686868	35	101	105	34.5	35.5	100.5	101.5
#686868	36	101	105	35.5	36.5	100.5	101.5
#696969	37	101	106	36.5	37.5	100.5	101.5
#686868	38	101	105	37.5	38.5	100.5	101.5
#696969	39	101	106	38.5	39.5	100.5	101.5
#707070	40	101	113	39.5	40.5	100.5	101.5
#737373	41	101	116	40.5	41.5	100.5	101.5
#727272	42	101	115	41.5	42.5	100.5	101.5
#737373	43	101	116	42.5	43.5	100.5	101.5
#6F6F6F	44	101	112	43.5	44.5	100.5	101.5
#656565	45	101	102	44.5	45.5	100.5	101.5
#5F5F5F	46	101	96	45.5	46.5	100.5	101.5
#5B5B5B	47	101	92	46.5	47.5	100.5	101.5
#5D5D5D	48	101	94	47.5	48.5	100.5	101.5
#606060	49	101	97	48.5	49.5	100.5	101.5
#646464	50	101	101	49.5	50.5	100.5	101.5
#666666	51	101	103	50.5	51.5	100.5	101.5
#636363	52	101	100	51.5	52.5	100.5	101.5
#616161	53	101	98	52.5	53.5	100.5	101.5
#626262	54	101	99	53.5	54.5	100.5	101.5
#686868	55	101	105	54.5	55.5	100.5	101.5
#696969	56	101	106	55.5	56.5	100.5	101.5
#5E5E5E	57	101	95	56.5	57.5	100.5	101.5
#5D5D5D	58	101	94	57.5	58.5	100.5	101.5
#5C5C5C	59	101	93	58.5	59.5	100.5	101.5
#595959	60	101	90	59.5	60.5	100.5	101.5
#5C5C5C	61	101	93	60.5	61.5	100.5	101.5
#606060	62	101	97	61.5	62.5	100.5	101.5
#5E5E5E	63	101	95	62.5	63.5	100.5	101.5
#5F5F5F	64	101	96	63.5	64.5	100.5	101.5
#5D5D5D	65	101	94	64.5	65.5	100.5	101.5
#656565	66	101	102	65.5	66.5	100.5	101.5
#727272	67	101	115	66.5	67.5	100.5	101.5
#757575	68	101	118	67.5	68.5	100.5	101.5
#6F6F6F	69	101	112	68.5	69.5	100.5	101.5
#707070	70	101	113	69.5	70.5	100.5	101.5
#737373	71	101	116	70.5	71.5	100.5	101.5
#717171	72	101	114	71.5	72.5	100.5	101.5
#6D6D6D	73	101	110	72.5	73.5	100.5	101.5
#757575	74	101	118	73.5	74.5	100.5	101.5
#767676	75	101	119	74.5	75.5	100.5	101.5
#717171	76	101	114	75.5	76.5	100.5	101.5
#747474	77	101	117	76.5	77.5	100.5	101.5
#787878	78	101	121	77.5	78.5	100.5	101.5
#787878	79	101	121	78.5	79.5	100.5	101.5
#767676	80	101	119	79.5	80.5	100.5	101.5
#707070	81	101	113	80.5	81.5	100.5	101.5
#6D6D6D	82	101	110	81.5	82.5	100.5	101.5
#6E6E6E	83	101	111	82.5	83.5	100.5	101.5
#717171	84	101	114	83.5	84.5	100.5	101.5
#757575	85	101	118	84.5	85.5	100.5	101.5
#6D6D6D	86	101	110	85.5	86.5	100.5	101.5
#626262	87	101	99	86.5	87.5	100.5	101.5
#575757	88	101	88	87.5	88.5	100.5	101.5
#515151	89	101	82	88.5	89.5	100.5	101.5
#4E4E4E	90	101	79	89.5	90.5	100.5	101.5
#464646	91	101	71	90.5	91.5	100.5	101.5
#414141	92	101	66	91.5	92.5	100.5	101.5
#404040	93	101	65	92.5	93.5	100.5	101.5
#454545	94	101	70	93.5	94.5	100.5	101.5
#505050	95	101	81	94.5	95.5	100.5	101.5
#535353	96	101	84	95.5	96.5	100.5	101.5
#585858	97	101	89	96.5	97.5	100.5	101.5
#5B5B5B	98	101	92	97.5	98.5	100.5	101.5
#5B5B5B	99	101	92	98.5	99.5	100.5	101.5
#595959	100	101	90	99.5	100.5	100.5	101.5
#555555	101	101	86	100.5	101.5	100.5	101.5
#595959	102	101	90	101.5	102.5	100.5	101.5
#595959	103	101	90	102.5	103.5	100.5	101.5
#5A5A5A	104	101	91	103.5	104.5	100.5	101.5
#525252	105	101	83	104.5	105.5	100.5	101.5
#535353	106	101	84	105.5	106.5	100.5	101.5
#5C5C5C	107	101	93	106.5	107.5	100.5	101.5
#606060	108	101	97	107.5	108.5	100.5	101.5
#626262	109	101	99	108.5	109.5	100.5	101.5
#656565	110	101	102	109.5	110.5	100.5	101.5
#646464	111	101	101	110.5	111.5	100.5	101.5
#626262	112	101	99	111.5	112.5	100.5	101.5
#626262	113	101	99	112.5	113.5	100.5	101.5
#616161	114	101	98	113.5	114.5	100.5	101.5
#616161	115	101	98	114.5	115.5	100.5	101.5
#606060	116	101	97	115.5	116.5	100.5	101.5
#606060	117	101	97	116.5	117.5	100.5	101.5
#606060	118	101	97	117.5	118.5	100.5	101.5
#5F5F5F	119	101	96	118.5	119.5	100.5	101.5
#5F5F5F	120	101	96	119.5	120.5	100.5	101.5
#606060	121	101	97	120.5	121.5	100.5	101.5
#646464	122	101	101	121.5	122.5	100.5	101.5
#656565	123	101	102	122.5	123.5	100.5	101.5
#636363	124	101	100	123.5	124.5	100.5	101.5
#5F5F5F	125	101	96	124.5	125.5	100.5	101.5
#595959	126	101	90	125.5	126.5	100.5	101.5
#4F4F4F	127	101	80	126.5	127.5	100.5	101.5
#484848	128	101	73	127.5	128.5	100.5	101.5
#444444	129	101	69	128.5	129.5	100.5	101.5
#404040	130	101	65	129.5	130.5	100.5	101.5
#3F3F3F	131	101	64	130.5	131.5	100.5	101.5
#3E3E3E	132	101	63	131.5	132.5	100.5	101.5
#373737	133	101	56	132.5	133.5	100.5	101.5
#323232	134	101	51	133.5	134.5	100.5	101.5
#323232	135	101	51	134.5	135.5	100.5	101.5
#2F2F2F	136	101	48	135.5	136.5	100.5	101.5
#2B2B2B	137	101	44	136.5	137.5	100.5	101.5
#232323	138	101	36	137.5	138.5	100.5	101.5
#1E1E1E	139	101	31	138.5	139.5	100.5	101.5
#575757	0	100	88	-0.5	0.5	99.5	100.5
#737373	1	100	116	0.5	1.5	99.5	100.5
#747474	2	100	117	1.5	2.5	99.5	100.5
#797979	3	100	122	2.5	3.5	99.5	100.5
#7B7B7B	4	100	124	3.5	4.5	99.5	100.5
#7F7F7F	5	100	128	4.5	5.5	99.5	100.5
#818181	6	100	130	5.5	6.5	99.5	100.5
#808080	7	100	129	6.5	7.5	99.5	100.5
#838383	8	100	132	7.5	8.5	99.5	100.5
#858585	9	100	134	8.5	9.5	99.5	100.5
#838383	10	100	132	9.5	10.5	99.5	100.5
#828282	11	100	131	10.5	11.5	99.5	100.5
#818181	12	100	130	11.5	12.5	99.5	100.5
#7E7E7E	13	100	127	12.5	13.5	99.5	100.5
#838383	14	100	132	13.5	14.5	99.5	100.5
#838383	15	100	132	14.5	15.5	99.5	100.5
#808080	16	100	129	15.5	16.5	99.5	100.5
#808080	17	100	129	16.5	17.5	99.5	100.5
#828282	18	100	131	17.5	18.5	99.5	100.5
#828282	19	100	131	18.5	19.5	99.5	100.5
#7B7B7B	20	100	124	19.5	20.5	99.5	100.5
#767676	21	100	119	20.5	21.5	99.5	100.5
#717171	22	100	114	21.5	22.5	99.5	100.5
#707070	23	100	113	22.5	23.5	99.5	100.5
#707070	24	100	113	23.5	24.5	99.5	100.5
#707070	25	100	113	24.5	25.5	99.5	100.5
#717171	26	100	114	25.5	26.5	99.5	100.5
#717171	27	100	114	26.5	27.5	99.5	100.5
#707070	28	100	113	27.5	28.5	99.5	100.5
#707070	29	100	113	28.5	29.5	99.5	100.5
#6E6E6E	30	100	111	29.5	30.5	99.5	100.5
#6D6D6D	31	100	110	30.5	31.5	99.5	100.5
#6C6C6C	32	100	109	31.5	32.5	99.5	100.5
#6C6C6C	33	100	109	32.5	33.5	99.5	100.5
#6B6B6B	34	100	108	33.5	34.5	99.5	100.5
#6B6B6B	35	100	108	34.5	35.5	99.5	100.5
#6A6A6A	36	100	107	35.5	36.5	99.5	100.5
#696969	37	100	106	36.5	37.5	99.5	100.5
#6A6A6A	38	100	107	37.5	38.5	99.5	100.5
#6E6E6E	39	100	111	38.5	39.5	99.5	100.5
#727272	40	100	115	39.5	40.5	99.5	100.5
#747474	41	100	117	40.5	41.5	99.5	100.5
#747474	42	100	117	41.5	42.5	99.5	100.5
#747474	43	100	117	42.5	43.5	99.5	100.5
#6D6D6D	44	100	110	43.5	44.5	99.5	100.5
#616161	45	100	98	44.5	45.5	99.5	100.5
#575757	46	100	88	45.5	46.5	99.5	100.5
#515151	47	100	82	46.5	47.5	99.5	100.5
#4B4B4B	48	100	76	47.5	48.5	99.5	100.5
#484848	49	100	73	48.5	49.5	99.5	100.5
#535353	50	100	84	49.5	50.5	99.5	100.5
#5E5E5E	51	100	95	50.5	51.5	99.5	100.5
#5C5C5C	52	100	93	51.5	52.5	99.5	100.5
#5B5B5B	53	100	92	52.5	53.5	99.5	100.5
#5D5D5D	54	100	94	53.5	54.5	99.5	100.5
#616161	55	100	98	54.5	55.5	99.5	100.5
#656565	56	100	102	55.5	56.5	99.5	100.5
#606060	57	100	97	56.5	57.5	99.5	100.5
#606060	58	100	97	57.5	58.5	99.5	100.5
#626262	59	100	99	58.5	59.5	99.5	100.5
#606060	60	100	97	59.5	60.5	99.5	100.5
#5F5F5F	61	100	96	60.5	61.5	99.5	100.5
#626262	62	100	99	61.5	62.5	99.5	100.5
#636363	63	100	100	62.5	63.5	99.5	100.5
#626262	64	100	99	63.5	64.5	99.5	100.5
#636363	65	100	100	64.5	65.5	99.5	100.5
#686868	66	100	105	65.5	66.5	99.5	100.5
#717171	67	100	114	66.5	67.5	99.5	100.5
#737373	68	100	116	67.5	68.5	99.5	100.5
#6F6F6F	69	100	112	68.5	69.5	99.5	100.5
#757575	70	100	118	69.5	70.5	99.5	100.5
#767676	71	100	119	70.5	71.5	99.5	100.5
#747474	72	100	117	71.5	72.5	99.5	100.5
#6E6E6E	73	100	111	72.5	73.5	99.5	100.5
#757575	74	100	118	73.5	74.5	99.5	100.5
#767676	75	100	119	74.5	75.5	99.5	100.5
#717171	76	100	114	75.5	76.5	99.5	100.5
#727272	77	100	115	76.5	77.5	99.5	100.5
#767676	78	100	119	77.5	78.5	99.5	100.5
#767676	79	100	119	78.5	79.5	99.5	100.5
#717171	80	100	114	79.5	80.5	99.5	100.5
#6C6C6C	81	100	109	80.5	81.5	99.5	100.5
#6C6C6C	82	100	109	81.5	82.5	99.5	100.5
#6E6E6E	83	100	111	82.5	83.5	99.5	100.5
#727272	84	100	115	83.5	84.5	99.5	100.5
#717171	85	100	114	84.5	85.5	99.5	100.5
#666666	86	100	103	85.5	86.5	99.5	100.5
#575757	87	100	88	86.5	87.5	99.5	100.5
#4D4D4D	88	100	78	87.5	88.5	99.5	100.5
#4C4C4C	89	100	77	88.5	89.5	99.5	100.5
#535353	90	100	84	89.5	90.5	99.5	100.5
#525252	91	100	83	90.5	91.5	99.5	100.5
#4D4D4D	92	100	78	91.5	92.5	99.5	100.5
#484848	93	100	73	92.5	93.5	99.5	100.5
#484848	94	100	73	93.5	94.5	99.5	100.5
#4E4E4E	95	100	79	94.5	95.5	99.5	100.5
#4C4C4C	96	100	77	95.5	96.5	99.5	100.5
#4D4D4D	97	100	78	96.5	97.5	99.5	100.5
#525252	98	100	83	97.5	98.5	99.5	100.5
#575757	99	100	88	98.5	99.5	99.5	100.5
#5A5A5A	100	100	91	99.5	100.5	99.5	100.5
#5B5B5B	101	100	92	100.5	101.5	99.5	100.5
#5B5B5B	102	100	92	101.5	102.5	99.5	100.5
#606060	103	100	97	102.5	103.5	99.5	100.5
#616161	104	100	98	103.5	104.5	99.5	100.5
#636363	105	100	100	104.5	105.5	99.5	100.5
#616161	106	100	98	105.5	106.5	99.5	100.5
#656565	107	100	102	106.5	107.5	99.5	100.5
#646464	108	100	101	107.5	108.5	99.5	100.5
#646464	109	100	101	108.5	109.5	99.5	100.5
#646464	110	100	101	109.5	110.5	99.5	100.5
#626262	111	100	99	110.5	111.5	99.5	100.5
#616161	112	100	98	111.5	112.5	99.5	100.5
#636363	113	100	100	112.5	113.5	99.5	100.5
#646464	114	100	101	113.5	114.5	99.5	100.5
#666666	115	100	103	114.5	115.5	99.5	100.5
#666666	116	100	103	115.5	116.5	99.5	100.5
#666666	117	100	103	116.5	117.5	99.5	100.5
#696969	118	100	106	117.5	118.5	99.5	100.5
#676767	119	100	104	118.5	119.5	99.5	100.5
#646464	120	100	101	119.5	120.5	99.5	100.5
#616161	121	100	98	120.5	121.5	99.5	100.5
#5F5F5F	122	100	96	121.5	122.5	99.5	100.5
#5E5E5E	123	100	95	122.5	123.5	99.5	100.5
#5F5F5F	124	100	96	123.5	124.5	99.5	100.5
#5F5F5F	125	100	96	124.5	125.5	99.5	100.5
#606060	126	100	97	125.5	126.5	99.5	100.5
#5C5C5C	127	100	93	126.5	127.5	99.5	100.5
#545454	128	100	85	127.5	128.5	99.5	100.5
#4B4B4B	129	100	76	128.5	129.5	99.5	100.5
#474747	130	100	72	129.5	130.5	99.5	100.5
#424242	131	100	67	130.5	131.5	99.5	100.5
#3F3F3F	132	100	64	131.5	132.5	99.5	100.5
#414141	133	100	66	132.5	133.5	99.5	100.5
#3A3A3A	134	100	59	133.5	134.5	99.5	100.5
#333333	135	100	52	134.5	135.5	99.5	100.5
#343434	136	100	53	135.5	136.5	99.5	100.5
#313131	137	100	50	136.5	137.5	99.5	100.5
#272727	138	100	40	137.5	138.5	99.5	100.5
#202020	139	100	33	138.5	139.5	99.5	100.5
#585858	0	99	89	-0.5	0.5	98.5	99.5
#757575	1	99	118	0.5	1.5	98.5	99.5
#767676	2	99	119	1.5	2.5	98.5	99.5
#797979	3	99	122	2.5	3.5	98.5	99.5
#7E7E7E	4	99	127	3.5	4.5	98.5	99.5
#7E7E7E	5	99	127	4.5	5.5	98.5	99.5
#808080	6	99	129	5.5	6.5	98.5	99.5
#818181	7	99	130	6.5	7.5	98.5	99.5
#828282	8	99	131	7.5	8.5	98.5	99.5
#858585	9	99	134	8.5	9.5	98.5	99.5
#858585	10	99	134	9.5	10.5	98.5	99.5
#838383	11	99	132	10.5	11.5	98.5	99.5
#808080	12	99	129	11.5	12.5	98.5	99.5
#808080	13	99	129	12.5	13.5	98.5	99.5
#838383	14	99	132	13.5	14.5	98.5	99.5
#838383	15	99	132	14.5	15.5	98.5	99.5
#828282	16	99	131	15.5	16.5	98.5	99.5
#818181	17	99	130	16.5	17.5	98.5	99.5
#838383	18	99	132	17.5	18.5	98.5	99.5
#7F7F7F	19	99	128	18.5	19.5	98.5	99.5
#797979	20	99	122	19.5	20.5	98.5	99.5
#747474	21	99	117	20.5	21.5	98.5	99.5
#727272	22	99	115	21.5	22.5	98.5	99.5
#717171	23	99	114	22.5	23.5	98.5	99.5
#727272	24	99	115	23.5	24.5	98.5	99.5
#717171	25	99	114	24.5	25.5	98.5	99.5
#727272	26	99	115	25.5	26.5	98.5	99.5
#717171	27	99	114	26.5	27.5	98.5	99.5
#707070	28	99	113	27.5	28.5	98.5	99.5
#707070	29	99	113	28.5	29.5	98.5	99.5
#6F6F6F	30	99	112	29.5	30.5	98.5	99.5
#6D6D6D	31	99	110	30.5	31.5	98.5	99.5
#6D6D6D	32	99	110	31.5	32.5	98.5	99.5
#6B6B6B	33	99	108	32.5	33.5	98.5	99.5
#6C6C6C	34	99	109	33.5	34.5	98.5	99.5
#6B6B6B	35	99	108	34.5	35.5	98.5	99.5
#6B6B6B	36	99	108	35.5	36.5	98.5	99.5
#696969	37	99	106	36.5	37.5	98.5	99.5
#6D6D6D	38	99	110	37.5	38.5	98.5	99.5
#727272	39	99	115	38.5	39.5	98.5	99.5
#767676	40	99	119	39.5	40.5	98.5	99.5
#747474	41	99	117	40.5	41.5	98.5	99.5
#767676	42	99	119	41.5	42.5	98.5	99.5
#747474	43	99	117	42.5	43.5	98.5	99.5
#656565	44	99	102	43.5	44.5	98.5	99.5
#515151	45	99	82	44.5	45.5	98.5	99.5
#494949	46	99	74	45.5	46.5	98.5	99.5
#474747	47	99	72	46.5	47.5	98.5	99.5
#434343	48	99	68	47.5	48.5	98.5	99.5
#414141	49	99	66	48.5	49.5	98.5	99.5
#484848	50	99	73	49.5	50.5	98.5	99.5
#535353	51	99	84	50.5	51.5	98.5	99.5
#585858	52	99	89	51.5	52.5	98.5	99.5
#5B5B5B	53	99	92	52.5	53.5	98.5	99.5
#595959	54	99	90	53.5	54.5	98.5	99.5
#5A5A5A	55	99	91	54.5	55.5	98.5	99.5
#5E5E5E	56	99	95	55.5	56.5	98.5	99.5
#5D5D5D	57	99	94	56.5	57.5	98.5	99.5
#5A5A5A	58	99	91	57.5	58.5	98.5	99.5
#5E5E5E	59	99	95	58.5	59.5	98.5	99.5
#666666	60	99	103	59.5	60.5	98.5	99.5
#646464	61	99	101	60.5	61.5	98.5	99.5
#626262	62	99	99	61.5	62.5	98.5	99.5
#606060	63	99	97	62.5	63.5	98.5	99.5
#626262	64	99	99	63.5	64.5	98.5	99.5
#6A6A6A	65	99	107	64.5	65.5	98.5	99.5
#6B6B6B	66	99	108	65.5	66.5	98.5	99.5
#717171	67	99	114	66.5	67.5	98.5	99.5
#727272	68	99	115	67.5	68.5	98.5	99.5
#737373	69	99	116	68.5	69.5	98.5	99.5
#747474	70	99	117	69.5	70.5	98.5	99.5
#737373	71	99	116	70.5	71.5	98.5	99.5
#717171	72	99	114	71.5	72.5	98.5	99.5
#707070	73	99	113	72.5	73.5	98.5	99.5
#767676	74	99	119	73.5	74.5	98.5	99.5
#747474	75	99	117	74.5	75.5	98.5	99.5
#6F6F6F	76	99	112	75.5	76.5	98.5	99.5
#747474	77	99	117	76.5	77.5	98.5	99.5
#797979	78	99	122	77.5	78.5	98.5	99.5
#787878	79	99	121	78.5	79.5	98.5	99.5
#737373	80	99	116	79.5	80.5	98.5	99.5
#6B6B6B	81	99	108	80.5	81.5	98.5	99.5
#6B6B6B	82	99	108	81.5	82.5	98.5	99.5
#6F6F6F	83	99	112	82.5	83.5	98.5	99.5
#6D6D6D	84	99	110	83.5	84.5	98.5	99.5
#646464	85	99	101	84.5	85.5	98.5	99.5
#5D5D5D	86	99	94	85.5	86.5	98.5	99.5
#5C5C5C	87	99	93	86.5	87.5	98.5	99.5
#575757	88	99	88	87.5	88.5	98.5	99.5
#4F4F4F	89	99	80	88.5	89.5	98.5	99.5
#4F4F4F	90	99	80	89.5	90.5	98.5	99.5
#525252	91	99	83	90.5	91.5	98.5	99.5
#505050	92	99	81	91.5	92.5	98.5	99.5
#4C4C4C	93	99	77	92.5	93.5	98.5	99.5
#4F4F4F	94	99	80	93.5	94.5	98.5	99.5
#575757	95	99	88	94.5	95.5	98.5	99.5
#585858	96	99	89	95.5	96.5	98.5	99.5
#575757	97	99	88	96.5	97.5	98.5	99.5
#555555	98	99	86	97.5	98.5	98.5	99.5
#565656	99	99	87	98.5	99.5	98.5	99.5
#5D5D5D	100	99	94	99.5	100.5	98.5	99.5
#646464	101	99	101	100.5	101.5	98.5	99.5
#676767	102	99	104	101.5	102.5	98.5	99.5
#696969	103	99	106	102.5	103.5	98.5	99.5
#686868	104	99	105	103.5	104.5	98.5	99.5
#666666	105	99	103	104.5	105.5	98.5	99.5
#666666	106	99	103	105.5	106.5	98.5	99.5
#646464	107	99	101	106.5	107.5	98.5	99.5
#646464	108	99	101	107.5	108.5	98.5	99.5
#656565	109	99	102	108.5	109.5	98.5	99.5
#656565	110	99	102	109.5	110.5	98.5	99.5
#616161	111	99	98	110.5	111.5	98.5	99.5
#636363	112	99	100	111.5	112.5	98.5	99.5
#636363	113	99	100	112.5	113.5	98.5	99.5
#666666	114	99	103	113.5	114.5	98.5	99.5
#666666	115	99	103	114.5	115.5	98.5	99.5
#656565	116	99	102	115.5	116.5	98.5	99.5
#646464	117	99	101	116.5	117.5	98.5	99.5
#646464	118	99	101	117.5	118.5	98.5	99.5
#666666	119	99	103	118.5	119.5	98.5	99.5
#686868	120	99	105	119.5	120.5	98.5	99.5
#666666	121	99	103	120.5	121.5	98.5	99.5
#646464	122	99	101	121.5	122.5	98.5	99.5
#616161	123	99	98	122.5	123.5	98.5	99.5
#5C5C5C	124	99	93	123.5	124.5	98.5	99.5
#595959	125	99	90	124.5	125.5	98.5	99.5
#585858	126	99	89	125.5	126.5	98.5	99.5
#585858	127	99	89	126.5	127.5	98.5	99.5
#5A5A5A	128	99	91	127.5	128.5	98.5	99.5
#535353	129	99	84	128.5	129.5	98.5	99.5
#4C4C4C	130	99	77	129.5	130.5	98.5	99.5
#484848	131	99	73	130.5	131.5	98.5	99.5
#444444	132	99	69	131.5	132.5	98.5	99.5
#474747	133	99	72	132.5	133.5	98.5	99.5
#434343	134	99	68	133.5	134.5	98.5	99.5
#363636	135	99	55	134.5	135.5	98.5	99.5
#3E3E3E	136	99	63	135.5	136.5	98.5	99.5
#383838	137	99	57	136.5	137.5	98.5	99.5
#303030	138	99	49	137.5	138.5	98.5	99.5
#303030	139	99	49	138.5	139.5	98.5	99.5
#5A5A5A	0	98	91	-0.5	0.5	97.5	98.5
#797979	1	98	122	0.5	1.5	97.5	98.5
#777777	2	98	120	1.5	2.5	97.5	98.5
#7B7B7B	3	98	124	2.5	3.5	97.5	98.5
#818181	4	98	130	3.5	4.5	97.5	98.5
#808080	5	98	129	4.5	5.5	97.5	98.5
#818181	6	98	130	5.5	6.5	97.5	98.5
#828282	7	98	131	6.5	7.5	97.5	98.5
#848484	8	98	133	7.5	8.5	97.5	98.5
#878787	9	98	136	8.5	9.5	97.5	98.5
#888888	10	98	137	9.5	10.5	97.5	98.5
#828282	11	98	131	10.5	11.5	97.5	98.5
#7F7F7F	12	98	128	11.5	12.5	97.5	98.5
#828282	13	98	131	12.5	13.5	97.5	98.5
#858585	14	98	134	13.5	14.5	97.5	98.5
#848484	15	98	133	14.5	15.5	97.5	98.5
#828282	16	98	131	15.5	16.5	97.5	98.5
#818181	17	98	130	16.5	17.5	97.5	98.5
#818181	18	98	130	17.5	18.5	97.5	98.5
#7D7D7D	19	98	126	18.5	19.5	97.5	98.5
#787878	20	98	121	19.5	20.5	97.5	98.5
#757575	21	98	118	20.5	21.5	97.5	98.5
#737373	22	98	116	21.5	22.5	97.5	98.5
#727272	23	98	115	22.5	23.5	97.5	98.5
#727272	24	98	115	23.5	24.5	97.5	98.5
#727272	25	98	115	24.5	25.5	97.5	98.5
#717171	26	98	114	25.5	26.5	97.5	98.5
#737373	27	98	116	26.5	27.5	97.5	98.5
#727272	28	98	115	27.5	28.5	97.5	98.5
#707070	29	98	113	28.5	29.5	97.5	98.5
#6E6E6E	30	98	111	29.5	30.5	97.5	98.5
#6E6E6E	31	98	111	30.5	31.5	97.5	98.5
#6D6D6D	32	98	110	31.5	32.5	97.5	98.5
#6B6B6B	33	98	108	32.5	33.5	97.5	98.5
#6D6D6D	34	98	110	33.5	34.5	97.5	98.5
#6C6C6C	35	98	109	34.5	35.5	97.5	98.5
#6A6A6A	36	98	107	35.5	36.5	97.5	98.5
#6C6C6C	37	98	109	36.5	37.5	97.5	98.5
#727272	38	98	115	37.5	38.5	97.5	98.5
#757575	39	98	118	38.5	39.5	97.5	98.5
#737373	40	98	116	39.5	40.5	97.5	98.5
#757575	41	98	118	40.5	41.5	97.5	98.5
#747474	42	98	117	41.5	42.5	97.5	98.5
#696969	43	98	106	42.5	43.5	97.5	98.5
#565656	44	98	87	43.5	44.5	97.5	98.5
#4A4A4A	45	98	75	44.5	45.5	97.5	98.5
#484848	46	98	73	45.5	46.5	97.5	98.5
#464646	47	98	71	46.5	47.5	97.5	98.5
#424242	48	98	67	47.5	48.5	97.5	98.5
#404040	49	98	65	48.5	49.5	97.5	98.5
#474747	50	98	72	49.5	50.5	97.5	98.5
#4F4F4F	51	98	80	50.5	51.5	97.5	98.5
#515151	52	98	82	51.5	52.5	97.5	98.5
#515151	53	98	82	52.5	53.5	97.5	98.5
#565656	54	98	87	53.5	54.5	97.5	98.5
#565656	55	98	87	54.5	55.5	97.5	98.5
#5B5B5B	56	98	92	55.5	56.5	97.5	98.5
#5E5E5E	57	98	95	56.5	57.5	97.5	98.5
#565656	58	98	87	57.5	58.5	97.5	98.5
#545454	59	98	85	58.5	59.5	97.5	98.5
#5C5C5C	60	98	93	59.5	60.5	97.5	98.5
#646464	61	98	101	60.5	61.5	97.5	98.5
#666666	62	98	103	61.5	62.5	97.5	98.5
#616161	63	98	98	62.5	63.5	97.5	98.5
#626262	64	98	99	63.5	64.5	97.5	98.5
#676767	65	98	104	64.5	65.5	97.5	98.5
#6F6F6F	66	98	112	65.5	66.5	97.5	98.5
#747474	67	98	117	66.5	67.5	97.5	98.5
#747474	68	98	117	67.5	68.5	97.5	98.5
#767676	69	98	119	68.5	69.5	97.5	98.5
#6F6F6F	70	98	112	69.5	70.5	97.5	98.5
#707070	71	98	113	70.5	71.5	97.5	98.5
#707070	72	98	113	71.5	72.5	97.5	98.5
#6F6F6F	73	98	112	72.5	73.5	97.5	98.5
#717171	74	98	114	73.5	74.5	97.5	98.5
#6F6F6F	75	98	112	74.5	75.5	97.5	98.5
#6F6F6F	76	98	112	75.5	76.5	97.5	98.5
#777777	77	98	120	76.5	77.5	97.5	98.5
#777777	78	98	120	77.5	78.5	97.5	98.5
#797979	79	98	122	78.5	79.5	97.5	98.5
#717171	80	98	114	79.5	80.5	97.5	98.5
#696969	81	98	106	80.5	81.5	97.5	98.5
#6E6E6E	82	98	111	81.5	82.5	97.5	98.5
#6E6E6E	83	98	111	82.5	83.5	97.5	98.5
#6A6A6A	84	98	107	83.5	84.5	97.5	98.5
#5E5E5E	85	98	95	84.5	85.5	97.5	98.5
#5E5E5E	86	98	95	85.5	86.5	97.5	98.5
#626262	87	98	99	86.5	87.5	97.5	98.5
#616161	88	98	98	87.5	88.5	97.5	98.5
#5A5A5A	89	98	91	88.5	89.5	97.5	98.5
#575757	90	98	88	89.5	90.5	97.5	98.5
#555555	91	98	86	90.5	91.5	97.5	98.5
#525252	92	98	83	91.5	92.5	97.5	98.5
#4C4C4C	93	98	77	92.5	93.5	97.5	98.5
#4F4F4F	94	98	80	93.5	94.5	97.5	98.5
#545454	95	98	85	94.5	95.5	97.5	98.5
#575757	96	98	88	95.5	96.5	97.5	98.5
#595959	97	98	90	96.5	97.5	97.5	98.5
#5A5A5A	98	98	91	97.5	98.5	97.5	98.5
#585858	99	98	89	98.5	99.5	97.5	98.5
#565656	100	98	87	99.5	100.5	97.5	98.5
#5E5E5E	101	98	95	100.5	101.5	97.5	98.5
#696969	102	98	106	101.5	102.5	97.5	98.5
#686868	103	98	105	102.5	103.5	97.5	98.5
#696969	104	98	106	103.5	104.5	97.5	98.5
#676767	105	98	104	104.5	105.5	97.5	98.5
#686868	106	98	105	105.5	106.5	97.5	98.5
#646464	107	98	101	106.5	107.5	97.5	98.5
#636363	108	98	100	107.5	108.5	97.5	98.5
#646464	109	98	101	108.5	109.5	97.5	98.5
#626262	110	98	99	109.5	110.5	97.5	98.5
#626262	111	98	99	110.5	111.5	97.5	98.5
#626262	112	98	99	111.5	112.5	97.5	98.5
#5F5F5F	113	98	96	112.5	113.5	97.5	98.5
#5A5A5A	114	98	91	113.5	114.5	97.5	98.5
#545454	115	98	85	114.5	115.5	97.5	98.5
#4F4F4F	116	98	80	115.5	116.5	97.5	98.5
#4C4C4C	117	98	77	116.5	117.5	97.5	98.5
#4B4B4B	118	98	76	117.5	118.5	97.5	98.5
#4D4D4D	119	98	78	118.5	119.5	97.5	98.5
#505050	120	98	81	119.5	120.5	97.5	98.5
#525252	121	98	83	120.5	121.5	97.5	98.5
#535353	122	98	84	121.5	122.5	97.5	98.5
#535353	123	98	84	122.5	123.5	97.5	98.5
#565656	124	98	87	123.5	124.5	97.5	98.5
#575757	125	98	88	124.5	125.5	97.5	98.5
#555555	126	98	86	125.5	126.5	97.5	98.5
#555555	127	98	86	126.5	127.5	97.5	98.5
#575757	128	98	88	127.5	128.5	97.5	98.5
#595959	129	98	90	128.5	129.5	97.5	98.5
#595959	130	98	90	129.5	130.5	97.5	98.5
#585858	131	98	89	130.5	131.5	97.5	98.5
#585858	132	98	89	131.5	132.5	97.5	98.5
#585858	133	98	89	132.5	133.5	97.5	98.5
#545454	134	98	85	133.5	134.5	97.5	98.5
#4E4E4E	135	98	79	134.5	135.5	97.5	98.5
#555555	136	98	86	135.5	136.5	97.5	98.5
#545454	137	98	85	136.5	137.5	97.5	98.5
#515151	138	98	82	137.5	138.5	97.5	98.5
#4C4C4C	139	98	77	138.5	139.5	97.5	98.5
#5D5D5D	0	97	94	-0.5	0.5	96.5	97.5
#7C7C7C	1	97	125	0.5	1.5	96.5	97.5
#7A7A7A	2	97	123	1.5	2.5	96.5	97.5
#7D7D7D	3	97	126	2.5	3.5	96.5	97.5
#828282	4	97	131	3.5	4.5	96.5	97.5
#838383	5	97	132	4.5	5.5	96.5	97.5
#828282	6	97	131	5.5	6.5	96.5	97.5
#818181	7	97	130	6.5	7.5	96.5	97.5
#868686	8	97	135	7.5	8.5	96.5	97.5
#888888	9	97	137	8.5	9.5	96.5	97.5
#878787	10	97	136	9.5	10.5	96.5	97.5
#818181	11	97	130	10.5	11.5	96.5	97.5
#808080	12	97	129	11.5	12.5	96.5	97.5
#858585	13	97	134	12.5	13.5	96.5	97.5
#878787	14	97	136	13.5	14.5	96.5	97.5
#858585	15	97	134	14.5	15.5	96.5	97.5
#808080	16	97	129	15.5	16.5	96.5	97.5
#818181	17	97	130	16.5	17.5	96.5	97.5
#808080	18	97	129	17.5	18.5	96.5	97.5
#7E7E7E	19	97	127	18.5	19.5	96.5	97.5
#7A7A7A	20	97	123	19.5	20.5	96.5	97.5
#767676	21	97	119	20.5	21.5	96.5	97.5
#747474	22	97	117	21.5	22.5	96.5	97.5
#737373	23	97	116	22.5	23.5	96.5	97.5
#737373	24	97	116	23.5	24.5	96.5	97.5
#747474	25	97	117	24.5	25.5	96.5	97.5
#747474	26	97	117	25.5	26.5	96.5	97.5
#747474	27	97	117	26.5	27.5	96.5	97.5
#747474	28	97	117	27.5	28.5	96.5	97.5
#707070	29	97	113	28.5	29.5	96.5	97.5
#6E6E6E	30	97	111	29.5	30.5	96.5	97.5
#6E6E6E	31	97	111	30.5	31.5	96.5	97.5
#6E6E6E	32	97	111	31.5	32.5	96.5	97.5
#6E6E6E	33	97	111	32.5	33.5	96.5	97.5
#6E6E6E	34	97	111	33.5	34.5	96.5	97.5
#6B6B6B	35	97	108	34.5	35.5	96.5	97.5
#6B6B6B	36	97	108	35.5	36.5	96.5	97.5
#717171	37	97	114	36.5	37.5	96.5	97.5
#757575	38	97	118	37.5	38.5	96.5	97.5
#757575	39	97	118	38.5	39.5	96.5	97.5
#737373	40	97	116	39.5	40.5	96.5	97.5
#717171	41	97	114	40.5	41.5	96.5	97.5
#676767	42	97	104	41.5	42.5	96.5	97.5
#5F5F5F	43	97	96	42.5	43.5	96.5	97.5
#525252	44	97	83	43.5	44.5	96.5	97.5
#4A4A4A	45	97	75	44.5	45.5	96.5	97.5
#454545	46	97	70	45.5	46.5	96.5	97.5
#404040	47	97	65	46.5	47.5	96.5	97.5
#414141	48	97	66	47.5	48.5	96.5	97.5
#414141	49	97	66	48.5	49.5	96.5	97.5
#444444	50	97	69	49.5	50.5	96.5	97.5
#4C4C4C	51	97	77	50.5	51.5	96.5	97.5
#4D4D4D	52	97	78	51.5	52.5	96.5	97.5
#4C4C4C	53	97	77	52.5	53.5	96.5	97.5
#4D4D4D	54	97	78	53.5	54.5	96.5	97.5
#4F4F4F	55	97	80	54.5	55.5	96.5	97.5
#595959	56	97	90	55.5	56.5	96.5	97.5
#616161	57	97	98	56.5	57.5	96.5	97.5
#565656	58	97	87	57.5	58.5	96.5	97.5
#535353	59	97	84	58.5	59.5	96.5	97.5
#555555	60	97	86	59.5	60.5	96.5	97.5
#5C5C5C	61	97	93	60.5	61.5	96.5	97.5
#636363	62	97	100	61.5	62.5	96.5	97.5
#646464	63	97	101	62.5	63.5	96.5	97.5
#646464	64	97	101	63.5	64.5	96.5	97.5
#666666	65	97	103	64.5	65.5	96.5	97.5
#6A6A6A	66	97	107	65.5	66.5	96.5	97.5
#767676	67	97	119	66.5	67.5	96.5	97.5
#787878	68	97	121	67.5	68.5	96.5	97.5
#757575	69	97	118	68.5	69.5	96.5	97.5
#6D6D6D	70	97	110	69.5	70.5	96.5	97.5
#6E6E6E	71	97	111	70.5	71.5	96.5	97.5
#6C6C6C	72	97	109	71.5	72.5	96.5	97.5
#6A6A6A	73	97	107	72.5	73.5	96.5	97.5
#666666	74	97	103	73.5	74.5	96.5	97.5
#646464	75	97	101	74.5	75.5	96.5	97.5
#6E6E6E	76	97	111	75.5	76.5	96.5	97.5
#757575	77	97	118	76.5	77.5	96.5	97.5
#747474	78	97	117	77.5	78.5	96.5	97.5
#767676	79	97	119	78.5	79.5	96.5	97.5
#707070	80	97	113	79.5	80.5	96.5	97.5
#6D6D6D	81	97	110	80.5	81.5	96.5	97.5
#6C6C6C	82	97	109	81.5	82.5	96.5	97.5
#6D6D6D	83	97	110	82.5	83.5	96.5	97.5
#696969	84	97	106	83.5	84.5	96.5	97.5
#616161	85	97	98	84.5	85.5	96.5	97.5
#606060	86	97	97	85.5	86.5	96.5	97.5
#616161	87	97	98	86.5	87.5	96.5	97.5
#616161	88	97	98	87.5	88.5	96.5	97.5
#5F5F5F	89	97	96	88.5	89.5	96.5	97.5
#5C5C5C	90	97	93	89.5	90.5	96.5	97.5
#5B5B5B	91	97	92	90.5	91.5	96.5	97.5
#595959	92	97	90	91.5	92.5	96.5	97.5
#565656	93	97	87	92.5	93.5	96.5	97.5
#575757	94	97	88	93.5	94.5	96.5	97.5
#595959	95	97	90	94.5	95.5	96.5	97.5
#5A5A5A	96	97	91	95.5	96.5	96.5	97.5
#575757	97	97	88	96.5	97.5	96.5	97.5
#565656	98	97	87	97.5	98.5	96.5	97.5
#565656	99	97	87	98.5	99.5	96.5	97.5
#545454	100	97	85	99.5	100.5	96.5	97.5
#585858	101	97	89	100.5	101.5	96.5	97.5
#616161	102	97	98	101.5	102.5	96.5	97.5
#686868	103	97	105	102.5	103.5	96.5	97.5
#6A6A6A	104	97	107	103.5	104.5	96.5	97.5
#6A6A6A	105	97	107	104.5	105.5	96.5	97.5
#696969	106	97	106	105.5	106.5	96.5	97.5
#666666	107	97	103	106.5	107.5	96.5	97.5
#636363	108	97	100	107.5	108.5	96.5	97.5
#626262	109	97	99	108.5	109.5	96.5	97.5
#606060	110	97	97	109.5	110.5	96.5	97.5
#5D5D5D	111	97	94	110.5	111.5	96.5	97.5
#565656	112	97	87	111.5	112.5	96.5	97.5
#525252	113	97	83	112.5	113.5	96.5	97.5
#4D4D4D	114	97	78	113.5	114.5	96.5	97.5
#4A4A4A	115	97	75	114.5	115.5	96.5	97.5
#494949	116	97	74	115.5	116.5	96.5	97.5
#484848	117	97	73	116.5	117.5	96.5	97.5
#474747	118	97	72	117.5	118.5	96.5	97.5
#474747	119	97	72	118.5	119.5	96.5	97.5
#474747	120	97	72	119.5	120.5	96.5	97.5
#464646	121	97	71	120.5	121.5	96.5	97.5
#474747	122	97	72	121.5	122.5	96.5	97.5
#494949	123	97	74	122.5	123.5	96.5	97.5
#4D4D4D	124	97	78	123.5	124.5	96.5	97.5
#575757	125	97	88	124.5	125.5	96.5	97.5
#5B5B5B	126	97	92	125.5	126.5	96.5	97.5
#5A5A5A	127	97	91	126.5	127.5	96.5	97.5
#585858	128	97	89	127.5	128.5	96.5	97.5
#575757	129	97	88	128.5	129.5	96.5	97.5
#595959	130	97	90	129.5	130.5	96.5	97.5
#5B5B5B	131	97	92	130.5	131.5	96.5	97.5
#5E5E5E	132	97	95	131.5	132.5	96.5	97.5
#626262	133	97	99	132.5	133.5	96.5	97.5
#5E5E5E	134	97	95	133.5	134.5	96.5	97.5
#606060	135	97	97	134.5	135.5	96.5	97.5
#626262	136	97	99	135.5	136.5	96.5	97.5
#5A5A5A	137	97	91	136.5	137.5	96.5	97.5
#555555	138	97	86	137.5	138.5	96.5	97.5
#4C4C4C	139	97	77	138.5	139.5	96.5	97.5
#5D5D5D	0	96	94	-0.5	0.5	95.5	96.5
#7D7D7D	1	96	126	0.5	1.5	95.5	96.5
#7C7C7C	2	96	125	1.5	2.5	95.5	96.5
#7E7E7E	3	96	127	2.5	3.5	95.5	96.5
#838383	4	96	132	3.5	4.5	95.5	96.5
#858585	5	96	134	4.5	5.5	95.5	96.5
#868686	6	96	135	5.5	6.5	95.5	96.5
#888888	7	96	137	6.5	7.5	95.5	96.5
#898989	8	96	138	7.5	8.5	95.5	96.5
#838383	9	96	132	8.5	9.5	95.5	96.5
#818181	10	96	130	9.5	10.5	95.5	96.5
#818181	11	96	130	10.5	11.5	95.5	96.5
#848484	12	96	133	11.5	12.5	95.5	96.5
#878787	13	96	136	12.5	13.5	95.5	96.5
#878787	14	96	136	13.5	14.5	95.5	96.5
#858585	15	96	134	14.5	15.5	95.5	96.5
#838383	16	96	132	15.5	16.5	95.5	96.5
#838383	17	96	132	16.5	17.5	95.5	96.5
#828282	18	96	131	17.5	18.5	95.5	96.5
#7E7E7E	19	96	127	18.5	19.5	95.5	96.5
#7A7A7A	20	96	123	19.5	20.5	95.5	96.5
#777777	21	96	120	20.5	21.5	95.5	96.5
#767676	22	96	119	21.5	22.5	95.5	96.5
#757575	23	96	118	22.5	23.5	95.5	96.5
#757575	24	96	118	23.5	24.5	95.5	96.5
#747474	25	96	117	24.5	25.5	95.5	96.5
#767676	26	96	119	25.5	26.5	95.5	96.5
#747474	27	96	117	26.5	27.5	95.5	96.5
#737373	28	96	116	27.5	28.5	95.5	96.5
#727272	29	96	115	28.5	29.5	95.5	96.5
#707070	30	96	113	29.5	30.5	95.5	96.5
#707070	31	96	113	30.5	31.5	95.5	96.5
#6E6E6E	32	96	111	31.5	32.5	95.5	96.5
#6E6E6E	33	96	111	32.5	33.5	95.5	96.5
#6D6D6D	34	96	110	33.5	34.5	95.5	96.5
#6C6C6C	35	96	109	34.5	35.5	95.5	96.5
#717171	36	96	114	35.5	36.5	95.5	96.5
#777777	37	96	120	36.5	37.5	95.5	96.5
#757575	38	96	118	37.5	38.5	95.5	96.5
#737373	39	96	116	38.5	39.5	95.5	96.5
#717171	40	96	114	39.5	40.5	95.5	96.5
#686868	41	96	105	40.5	41.5	95.5	96.5
#606060	42	96	97	41.5	42.5	95.5	96.5
#5E5E5E	43	96	95	42.5	43.5	95.5	96.5
#545454	44	96	85	43.5	44.5	95.5	96.5
#4B4B4B	45	96	76	44.5	45.5	95.5	96.5
#4B4B4B	46	96	76	45.5	46.5	95.5	96.5
#4A4A4A	47	96	75	46.5	47.5	95.5	96.5
#494949	48	96	74	47.5	48.5	95.5	96.5
#474747	49	96	72	48.5	49.5	95.5	96.5
#494949	50	96	74	49.5	50.5	95.5	96.5
#4D4D4D	51	96	78	50.5	51.5	95.5	96.5
#515151	52	96	82	51.5	52.5	95.5	96.5
#525252	53	96	83	52.5	53.5	95.5	96.5
#4E4E4E	54	96	79	53.5	54.5	95.5	96.5
#4D4D4D	55	96	78	54.5	55.5	95.5	96.5
#575757	56	96	88	55.5	56.5	95.5	96.5
#5C5C5C	57	96	93	56.5	57.5	95.5	96.5
#585858	58	96	89	57.5	58.5	95.5	96.5
#555555	59	96	86	58.5	59.5	95.5	96.5
#555555	60	96	86	59.5	60.5	95.5	96.5
#5B5B5B	61	96	92	60.5	61.5	95.5	96.5
#5E5E5E	62	96	95	61.5	62.5	95.5	96.5
#5F5F5F	63	96	96	62.5	63.5	95.5	96.5
#656565	64	96	102	63.5	64.5	95.5	96.5
#666666	65	96	103	64.5	65.5	95.5	96.5
#6A6A6A	66	96	107	65.5	66.5	95.5	96.5
#757575	67	96	118	66.5	67.5	95.5	96.5
#787878	68	96	121	67.5	68.5	95.5	96.5
#737373	69	96	116	68.5	69.5	95.5	96.5
#727272	70	96	115	69.5	70.5	95.5	96.5
#737373	71	96	116	70.5	71.5	95.5	96.5
#6D6D6D	72	96	110	71.5	72.5	95.5	96.5
#6C6C6C	73	96	109	72.5	73.5	95.5	96.5
#696969	74	96	106	73.5	74.5	95.5	96.5
#686868	75	96	105	74.5	75.5	95.5	96.5
#6F6F6F	76	96	112	75.5	76.5	95.5	96.5
#757575	77	96	118	76.5	77.5	95.5	96.5
#757575	78	96	118	77.5	78.5	95.5	96.5
#787878	79	96	121	78.5	79.5	95.5	96.5
#727272	80	96	115	79.5	80.5	95.5	96.5
#6D6D6D	81	96	110	80.5	81.5	95.5	96.5
#6D6D6D	82	96	110	81.5	82.5	95.5	96.5
#6F6F6F	83	96	112	82.5	83.5	95.5	96.5
#666666	84	96	103	83.5	84.5	95.5	96.5
#5E5E5E	85	96	95	84.5	85.5	95.5	96.5
#5E5E5E	86	96	95	85.5	86.5	95.5	96.5
#5D5D5D	87	96	94	86.5	87.5	95.5	96.5
#5A5A5A	88	96	91	87.5	88.5	95.5	96.5
#5A5A5A	89	96	91	88.5	89.5	95.5	96.5
#595959	90	96	90	89.5	90.5	95.5	96.5
#595959	91	96	90	90.5	91.5	95.5	96.5
#585858	92	96	89	91.5	92.5	95.5	96.5
#585858	93	96	89	92.5	93.5	95.5	96.5
#5B5B5B	94	96	92	93.5	94.5	95.5	96.5
#5C5C5C	95	96	93	94.5	95.5	95.5	96.5
#5C5C5C	96	96	93	95.5	96.5	95.5	96.5
#5B5B5B	97	96	92	96.5	97.5	95.5	96.5
#595959	98	96	90	97.5	98.5	95.5	96.5
#565656	99	96	87	98.5	99.5	95.5	96.5
#565656	100	96	87	99.5	100.5	95.5	96.5
#585858	101	96	89	100.5	101.5	95.5	96.5
#5A5A5A	102	96	91	101.5	102.5	95.5	96.5
#636363	103	96	100	102.5	103.5	95.5	96.5
#696969	104	96	106	103.5	104.5	95.5	96.5
#6C6C6C	105	96	109	104.5	105.5	95.5	96.5
#6A6A6A	106	96	107	105.5	106.5	95.5	96.5
#696969	107	96	106	106.5	107.5	95.5	96.5
#626262	108	96	99	107.5	108.5	95.5	96.5
#5D5D5D	109	96	94	108.5	109.5	95.5	96.5
#585858	110	96	89	109.5	110.5	95.5	96.5
#535353	111	96	84	110.5	111.5	95.5	96.5
#4E4E4E	112	96	79	111.5	112.5	95.5	96.5
#4E4E4E	113	96	79	112.5	113.5	95.5	96.5
#4E4E4E	114	96	79	113.5	114.5	95.5	96.5
#4D4D4D	115	96	78	114.5	115.5	95.5	96.5
#4E4E4E	116	96	79	115.5	116.5	95.5	96.5
#4D4D4D	117	96	78	116.5	117.5	95.5	96.5
#4E4E4E	118	96	79	117.5	118.5	95.5	96.5
#505050	119	96	81	118.5	119.5	95.5	96.5
#515151	120	96	82	119.5	120.5	95.5	96.5
#535353	121	96	84	120.5	121.5	95.5	96.5
#525252	122	96	83	121.5	122.5	95.5	96.5
#525252	123	96	83	122.5	123.5	95.5	96.5
#4F4F4F	124	96	80	123.5	124.5	95.5	96.5
#505050	125	96	81	124.5	125.5	95.5	96.5
#555555	126	96	86	125.5	126.5	95.5	96.5
#595959	127	96	90	126.5	127.5	95.5	96.5
#595959	128	96	90	127.5	128.5	95.5	96.5
#575757	129	96	88	128.5	129.5	95.5	96.5
#575757	130	96	88	129.5	130.5	95.5	96.5
#585858	131	96	89	130.5	131.5	95.5	96.5
#5B5B5B	132	96	92	131.5	132.5	95.5	96.5
#5F5F5F	133	96	96	132.5	133.5	95.5	96.5
#575757	134	96	88	133.5	134.5	95.5	96.5
#5B5B5B	135	96	92	134.5	135.5	95.5	96.5
#5C5C5C	136	96	93	135.5	136.5	95.5	96.5
#545454	137	96	85	136.5	137.5	95.5	96.5
#4F4F4F	138	96	80	137.5	138.5	95.5	96.5
#494949	139	96	74	138.5	139.5	95.5	96.5
#5E5E5E	0	95	95	-0.5	0.5	94.5	95.5
#7E7E7E	1	95	127	0.5	1.5	94.5	95.5
#7E7E7E	2	95	127	1.5	2.5	94.5	95.5
#828282	3	95	131	2.5	3.5	94.5	95.5
#868686	4	95	135	3.5	4.5	94.5	95.5
#8A8A8A	5	95	139	4.5	5.5	94.5	95.5
#8C8C8C	6	95	141	5.5	6.5	94.5	95.5
#8A8A8A	7	95	139	6.5	7.5	94.5	95.5
#818181	8	95	130	7.5	8.5	94.5	95.5
#808080	9	95	129	8.5	9.5	94.5	95.5
#828282	10	95	131	9.5	10.5	94.5	95.5
#868686	11	95	135	10.5	11.5	94.5	95.5
#868686	12	95	135	11.5	12.5	94.5	95.5
#858585	13	95	134	12.5	13.5	94.5	95.5
#848484	14	95	133	13.5	14.5	94.5	95.5
#848484	15	95	133	14.5	15.5	94.5	95.5
#858585	16	95	134	15.5	16.5	94.5	95.5
#858585	17	95	134	16.5	17.5	94.5	95.5
#838383	18	95	132	17.5	18.5	94.5	95.5
#7F7F7F	19	95	128	18.5	19.5	94.5	95.5
#7E7E7E	20	95	127	19.5	20.5	94.5	95.5
#7A7A7A	21	95	123	20.5	21.5	94.5	95.5
#787878	22	95	121	21.5	22.5	94.5	95.5
#767676	23	95	119	22.5	23.5	94.5	95.5
#757575	24	95	118	23.5	24.5	94.5	95.5
#767676	25	95	119	24.5	25.5	94.5	95.5
#767676	26	95	119	25.5	26.5	94.5	95.5
#767676	27	95	119	26.5	27.5	94.5	95.5
#757575	28	95	118	27.5	28.5	94.5	95.5
#727272	29	95	115	28.5	29.5	94.5	95.5
#717171	30	95	114	29.5	30.5	94.5	95.5
#717171	31	95	114	30.5	31.5	94.5	95.5
#717171	32	95	114	31.5	32.5	94.5	95.5
#727272	33	95	115	32.5	33.5	94.5	95.5
#6F6F6F	34	95	112	33.5	34.5	94.5	95.5
#6F6F6F	35	95	112	34.5	35.5	94.5	95.5
#777777	36	95	120	35.5	36.5	94.5	95.5
#777777	37	95	120	36.5	37.5	94.5	95.5
#757575	38	95	118	37.5	38.5	94.5	95.5
#6E6E6E	39	95	111	38.5	39.5	94.5	95.5
#686868	40	95	105	39.5	40.5	94.5	95.5
#646464	41	95	101	40.5	41.5	94.5	95.5
#666666	42	95	103	41.5	42.5	94.5	95.5
#666666	43	95	103	42.5	43.5	94.5	95.5
#5B5B5B	44	95	92	43.5	44.5	94.5	95.5
#535353	45	95	84	44.5	45.5	94.5	95.5
#535353	46	95	84	45.5	46.5	94.5	95.5
#565656	47	95	87	46.5	47.5	94.5	95.5
#535353	48	95	84	47.5	48.5	94.5	95.5
#535353	49	95	84	48.5	49.5	94.5	95.5
#555555	50	95	86	49.5	50.5	94.5	95.5
#555555	51	95	86	50.5	51.5	94.5	95.5
#585858	52	95	89	51.5	52.5	94.5	95.5
#575757	53	95	88	52.5	53.5	94.5	95.5
#555555	54	95	86	53.5	54.5	94.5	95.5
#575757	55	95	88	54.5	55.5	94.5	95.5
#595959	56	95	90	55.5	56.5	94.5	95.5
#555555	57	95	86	56.5	57.5	94.5	95.5
#575757	58	95	88	57.5	58.5	94.5	95.5
#545454	59	95	85	58.5	59.5	94.5	95.5
#515151	60	95	82	59.5	60.5	94.5	95.5
#555555	61	95	86	60.5	61.5	94.5	95.5
#5A5A5A	62	95	91	61.5	62.5	94.5	95.5
#626262	63	95	99	62.5	63.5	94.5	95.5
#616161	64	95	98	63.5	64.5	94.5	95.5
#5E5E5E	65	95	95	64.5	65.5	94.5	95.5
#676767	66	95	104	65.5	66.5	94.5	95.5
#767676	67	95	119	66.5	67.5	94.5	95.5
#777777	68	95	120	67.5	68.5	94.5	95.5
#727272	69	95	115	68.5	69.5	94.5	95.5
#727272	70	95	115	69.5	70.5	94.5	95.5
#767676	71	95	119	70.5	71.5	94.5	95.5
#747474	72	95	117	71.5	72.5	94.5	95.5
#777777	73	95	120	72.5	73.5	94.5	95.5
#787878	74	95	121	73.5	74.5	94.5	95.5
#757575	75	95	118	74.5	75.5	94.5	95.5
#767676	76	95	119	75.5	76.5	94.5	95.5
#777777	77	95	120	76.5	77.5	94.5	95.5
#7A7A7A	78	95	123	77.5	78.5	94.5	95.5
#7B7B7B	79	95	124	78.5	79.5	94.5	95.5
#707070	80	95	113	79.5	80.5	94.5	95.5
#6D6D6D	81	95	110	80.5	81.5	94.5	95.5
#707070	82	95	113	81.5	82.5	94.5	95.5
#707070	83	95	113	82.5	83.5	94.5	95.5
#646464	84	95	101	83.5	84.5	94.5	95.5
#5F5F5F	85	95	96	84.5	85.5	94.5	95.5
#5F5F5F	86	95	96	85.5	86.5	94.5	95.5
#5F5F5F	87	95	96	86.5	87.5	94.5	95.5
#5C5C5C	88	95	93	87.5	88.5	94.5	95.5
#5B5B5B	89	95	92	88.5	89.5	94.5	95.5
#5B5B5B	90	95	92	89.5	90.5	94.5	95.5
#5B5B5B	91	95	92	90.5	91.5	94.5	95.5
#5C5C5C	92	95	93	91.5	92.5	94.5	95.5
#5C5C5C	93	95	93	92.5	93.5	94.5	95.5
#5F5F5F	94	95	96	93.5	94.5	94.5	95.5
#5F5F5F	95	95	96	94.5	95.5	94.5	95.5
#5F5F5F	96	95	96	95.5	96.5	94.5	95.5
#5C5C5C	97	95	93	96.5	97.5	94.5	95.5
#5C5C5C	98	95	93	97.5	98.5	94.5	95.5
#5C5C5C	99	95	93	98.5	99.5	94.5	95.5
#5C5C5C	100	95	93	99.5	100.5	94.5	95.5
#585858	101	95	89	100.5	101.5	94.5	95.5
#585858	102	95	89	101.5	102.5	94.5	95.5
#5D5D5D	103	95	94	102.5	103.5	94.5	95.5
#646464	104	95	101	103.5	104.5	94.5	95.5
#6B6B6B	105	95	108	104.5	105.5	94.5	95.5
#6B6B6B	106	95	108	105.5	106.5	94.5	95.5
#696969	107	95	106	106.5	107.5	94.5	95.5
#5F5F5F	108	95	96	107.5	108.5	94.5	95.5
#565656	109	95	87	108.5	109.5	94.5	95.5
#565656	110	95	87	109.5	110.5	94.5	95.5
#565656	111	95	87	110.5	111.5	94.5	95.5
#525252	112	95	83	111.5	112.5	94.5	95.5
#505050	113	95	81	112.5	113.5	94.5	95.5
#535353	114	95	84	113.5	114.5	94.5	95.5
#525252	115	95	83	114.5	115.5	94.5	95.5
#545454	116	95	85	115.5	116.5	94.5	95.5
#545454	117	95	85	116.5	117.5	94.5	95.5
#525252	118	95	83	117.5	118.5	94.5	95.5
#525252	119	95	83	118.5	119.5	94.5	95.5
#515151	120	95	82	119.5	120.5	94.5	95.5
#525252	121	95	83	120.5	121.5	94.5	95.5
#525252	122	95	83	121.5	122.5	94.5	95.5
#535353	123	95	84	122.5	123.5	94.5	95.5
#545454	124	95	85	123.5	124.5	94.5	95.5
#545454	125	95	85	124.5	125.5	94.5	95.5
#525252	126	95	83	125.5	126.5	94.5	95.5
#545454	127	95	85	126.5	127.5	94.5	95.5
#575757	128	95	88	127.5	128.5	94.5	95.5
#575757	129	95	88	128.5	129.5	94.5	95.5
#575757	130	95	88	129.5	130.5	94.5	95.5
#595959	131	95	90	130.5	131.5	94.5	95.5
#5A5A5A	132	95	91	131.5	132.5	94.5	95.5
#595959	133	95	90	132.5	133.5	94.5	95.5
#505050	134	95	81	133.5	134.5	94.5	95.5
#545454	135	95	85	134.5	135.5	94.5	95.5
#595959	136	95	90	135.5	136.5	94.5	95.5
#565656	137	95	87	136.5	137.5	94.5	95.5
#555555	138	95	86	137.5	138.5	94.5	95.5
#535353	139	95	84	138.5	139.5	94.5	95.5
#5E5E5E	0	94	95	-0.5	0.5	93.5	94.5
#7F7F7F	1	94	128	0.5	1.5	93.5	94.5
#7F7F7F	2	94	128	1.5	2.5	93.5	94.5
#858585	3	94	134	2.5	3.5	93.5	94.5
#8F8F8F	4	94	144	3.5	4.5	93.5	94.5
#8F8F8F	5	94	144	4.5	5.5	93.5	94.5
#888888	6	94	137	5.5	6.5	93.5	94.5
#828282	7	94	131	6.5	7.5	93.5	94.5
#7B7B7B	8	94	124	7.5	8.5	93.5	94.5
#7F7F7F	9	94	128	8.5	9.5	93.5	94.5
#828282	10	94	131	9.5	10.5	93.5	94.5
#818181	11	94	130	10.5	11.5	93.5	94.5
#7D7D7D	12	94	126	11.5	12.5	93.5	94.5
#787878	13	94	121	12.5	13.5	93.5	94.5
#797979	14	94	122	13.5	14.5	93.5	94.5
#7C7C7C	15	94	125	14.5	15.5	93.5	94.5
#808080	16	94	129	15.5	16.5	93.5	94.5
#838383	17	94	132	16.5	17.5	93.5	94.5
#848484	18	94	133	17.5	18.5	93.5	94.5
#828282	19	94	131	18.5	19.5	93.5	94.5
#818181	20	94	130	19.5	20.5	93.5	94.5
#7F7F7F	21	94	128	20.5	21.5	93.5	94.5
#7B7B7B	22	94	124	21.5	22.5	93.5	94.5
#787878	23	94	121	22.5	23.5	93.5	94.5
#777777	24	94	120	23.5	24.5	93.5	94.5
#767676	25	94	119	24.5	25.5	93.5	94.5
#747474	26	94	117	25.5	26.5	93.5	94.5
#757575	27	94	118	26.5	27.5	93.5	94.5
#747474	28	94	117	27.5	28.5	93.5	94.5
#747474	29	94	117	28.5	29.5	93.5	94.5
#737373	30	94	116	29.5	30.5	93.5	94.5
#727272	31	94	115	30.5	31.5	93.5	94.5
#737373	32	94	116	31.5	32.5	93.5	94.5
#757575	33	94	118	32.5	33.5	93.5	94.5
#727272	34	94	115	33.5	34.5	93.5	94.5
#787878	35	94	121	34.5	35.5	93.5	94.5
#7A7A7A	36	94	123	35.5	36.5	93.5	94.5
#797979	37	94	122	36.5	37.5	93.5	94.5
#727272	38	94	115	37.5	38.5	93.5	94.5
#6C6C6C	39	94	109	38.5	39.5	93.5	94.5
#686868	40	94	105	39.5	40.5	93.5	94.5
#686868	41	94	105	40.5	41.5	93.5	94.5
#6A6A6A	42	94	107	41.5	42.5	93.5	94.5
#666666	43	94	103	42.5	43.5	93.5	94.5
#595959	44	94	90	43.5	44.5	93.5	94.5
#535353	45	94	84	44.5	45.5	93.5	94.5
#535353	46	94	84	45.5	46.5	93.5	94.5
#515151	47	94	82	46.5	47.5	93.5	94.5
#535353	48	94	84	47.5	48.5	93.5	94.5
#585858	49	94	89	48.5	49.5	93.5	94.5
#535353	50	94	84	49.5	50.5	93.5	94.5
#4E4E4E	51	94	79	50.5	51.5	93.5	94.5
#545454	52	94	85	51.5	52.5	93.5	94.5
#555555	53	94	86	52.5	53.5	93.5	94.5
#595959	54	94	90	53.5	54.5	93.5	94.5
#606060	55	94	97	54.5	55.5	93.5	94.5
#5E5E5E	56	94	95	55.5	56.5	93.5	94.5
#5C5C5C	57	94	93	56.5	57.5	93.5	94.5
#626262	58	94	99	57.5	58.5	93.5	94.5
#5E5E5E	59	94	95	58.5	59.5	93.5	94.5
#585858	60	94	89	59.5	60.5	93.5	94.5
#575757	61	94	88	60.5	61.5	93.5	94.5
#5D5D5D	62	94	94	61.5	62.5	93.5	94.5
#666666	63	94	103	62.5	63.5	93.5	94.5
#666666	64	94	103	63.5	64.5	93.5	94.5
#5E5E5E	65	94	95	64.5	65.5	93.5	94.5
#636363	66	94	100	65.5	66.5	93.5	94.5
#717171	67	94	114	66.5	67.5	93.5	94.5
#727272	68	94	115	67.5	68.5	93.5	94.5
#757575	69	94	118	68.5	69.5	93.5	94.5
#797979	70	94	122	69.5	70.5	93.5	94.5
#797979	71	94	122	70.5	71.5	93.5	94.5
#797979	72	94	122	71.5	72.5	93.5	94.5
#7D7D7D	73	94	126	72.5	73.5	93.5	94.5
#7F7F7F	74	94	128	73.5	74.5	93.5	94.5
#7B7B7B	75	94	124	74.5	75.5	93.5	94.5
#797979	76	94	122	75.5	76.5	93.5	94.5
#797979	77	94	122	76.5	77.5	93.5	94.5
#777777	78	94	120	77.5	78.5	93.5	94.5
#757575	79	94	118	78.5	79.5	93.5	94.5
#6F6F6F	80	94	112	79.5	80.5	93.5	94.5
#707070	81	94	113	80.5	81.5	93.5	94.5
#717171	82	94	114	81.5	82.5	93.5	94.5
#6F6F6F	83	94	112	82.5	83.5	93.5	94.5
#696969	84	94	106	83.5	84.5	93.5	94.5
#606060	85	94	97	84.5	85.5	93.5	94.5
#5F5F5F	86	94	96	85.5	86.5	93.5	94.5
#5D5D5D	87	94	94	86.5	87.5	93.5	94.5
#565656	88	94	87	87.5	88.5	93.5	94.5
#515151	89	94	82	88.5	89.5	93.5	94.5
#4F4F4F	90	94	80	89.5	90.5	93.5	94.5
#505050	91	94	81	90.5	91.5	93.5	94.5
#535353	92	94	84	91.5	92.5	93.5	94.5
#5A5A5A	93	94	91	92.5	93.5	93.5	94.5
#5D5D5D	94	94	94	93.5	94.5	93.5	94.5
#5D5D5D	95	94	94	94.5	95.5	93.5	94.5
#616161	96	94	98	95.5	96.5	93.5	94.5
#606060	97	94	97	96.5	97.5	93.5	94.5
#5D5D5D	98	94	94	97.5	98.5	93.5	94.5
#5C5C5C	99	94	93	98.5	99.5	93.5	94.5
#5D5D5D	100	94	94	99.5	100.5	93.5	94.5
#5C5C5C	101	94	93	100.5	101.5	93.5	94.5
#575757	102	94	88	101.5	102.5	93.5	94.5
#515151	103	94	82	102.5	103.5	93.5	94.5
#575757	104	94	88	103.5	104.5	93.5	94.5
#626262	105	94	99	104.5	105.5	93.5	94.5
#676767	106	94	104	105.5	106.5	93.5	94.5
#656565	107	94	102	106.5	107.5	93.5	94.5
#616161	108	94	98	107.5	108.5	93.5	94.5
#5C5C5C	109	94	93	108.5	109.5	93.5	94.5
#5A5A5A	110	94	91	109.5	110.5	93.5	94.5
#5B5B5B	111	94	92	110.5	111.5	93.5	94.5
#5C5C5C	112	94	93	111.5	112.5	93.5	94.5
#575757	113	94	88	112.5	113.5	93.5	94.5
#585858	114	94	89	113.5	114.5	93.5	94.5
#585858	115	94	89	114.5	115.5	93.5	94.5
#575757	116	94	88	115.5	116.5	93.5	94.5
#575757	117	94	88	116.5	117.5	93.5	94.5
#545454	118	94	85	117.5	118.5	93.5	94.5
#535353	119	94	84	118.5	119.5	93.5	94.5
#535353	120	94	84	119.5	120.5	93.5	94.5
#535353	121	94	84	120.5	121.5	93.5	94.5
#545454	122	94	85	121.5	122.5	93.5	94.5
#545454	123	94	85	122.5	123.5	93.5	94.5
#555555	124	94	86	123.5	124.5	93.5	94.5
#555555	125	94	86	124.5	125.5	93.5	94.5
#565656	126	94	87	125.5	126.5	93.5	94.5
#555555	127	94	86	126.5	127.5	93.5	94.5
#555555	128	94	86	127.5	128.5	93.5	94.5
#545454	129	94	85	128.5	129.5	93.5	94.5
#545454	130	94	85	129.5	130.5	93.5	94.5
#555555	131	94	86	130.5	131.5	93.5	94.5
#575757	132	94	88	131.5	132.5	93.5	94.5
#545454	133	94	85	132.5	133.5	93.5	94.5
#4F4F4F	134	94	80	133.5	134.5	93.5	94.5
#4F4F4F	135	94	80	134.5	135.5	93.5	94.5
#4E4E4E	136	94	79	135.5	136.5	93.5	94.5
#505050	137	94	81	136.5	137.5	93.5	94.5
#515151	138	94	82	137.5	138.5	93.5	94.5
#535353	139	94	84	138.5	139.5	93.5	94.5
#606060	0	93	97	-0.5	0.5	92.5	93.5
#7F7F7F	1	93	128	0.5	1.5	92.5	93.5
#828282	2	93	131	1.5	2.5	92.5	93.5
#8E8E8E	3	93	143	2.5	3.5	92.5	93.5
#8D8D8D	4	93	142	3.5	4.5	92.5	93.5
#7D7D7D	5	93	126	4.5	5.5	92.5	93.5
#7B7B7B	6	93	124	5.5	6.5	92.5	93.5
#7D7D7D	7	93	126	6.5	7.5	92.5	93.5
#7D7D7D	8	93	126	7.5	8.5	92.5	93.5
#7D7D7D	9	93	126	8.5	9.5	92.5	93.5
#7C7C7C	10	93	125	9.5	10.5	92.5	93.5
#7A7A7A	11	93	123	10.5	11.5	92.5	93.5
#797979	12	93	122	11.5	12.5	92.5	93.5
#787878	13	93	121	12.5	13.5	92.5	93.5
#757575	14	93	118	13.5	14.5	92.5	93.5
#787878	15	93	121	14.5	15.5	92.5	93.5
#7C7C7C	16	93	125	15.5	16.5	92.5	93.5
#808080	17	93	129	16.5	17.5	92.5	93.5
#858585	18	93	134	17.5	18.5	92.5	93.5
#858585	19	93	134	18.5	19.5	92.5	93.5
#828282	20	93	131	19.5	20.5	92.5	93.5
#808080	21	93	129	20.5	21.5	92.5	93.5
#7D7D7D	22	93	126	21.5	22.5	92.5	93.5
#7A7A7A	23	93	123	22.5	23.5	92.5	93.5
#797979	24	93	122	23.5	24.5	92.5	93.5
#767676	25	93	119	24.5	25.5	92.5	93.5
#747474	26	93	117	25.5	26.5	92.5	93.5
#757575	27	93	118	26.5	27.5	92.5	93.5
#747474	28	93	117	27.5	28.5	92.5	93.5
#757575	29	93	118	28.5	29.5	92.5	93.5
#737373	30	93	116	29.5	30.5	92.5	93.5
#727272	31	93	115	30.5	31.5	92.5	93.5
#757575	32	93	118	31.5	32.5	92.5	93.5
#747474	33	93	117	32.5	33.5	92.5	93.5
#757575	34	93	118	33.5	34.5	92.5	93.5
#7B7B7B	35	93	124	34.5	35.5	92.5	93.5
#797979	36	93	122	35.5	36.5	92.5	93.5
#777777	37	93	120	36.5	37.5	92.5	93.5
#707070	38	93	113	37.5	38.5	92.5	93.5
#6C6C6C	39	93	109	38.5	39.5	92.5	93.5
#676767	40	93	104	39.5	40.5	92.5	93.5
#686868	41	93	105	40.5	41.5	92.5	93.5
#696969	42	93	106	41.5	42.5	92.5	93.5
#646464	43	93	101	42.5	43.5	92.5	93.5
#5D5D5D	44	93	94	43.5	44.5	92.5	93.5
#555555	45	93	86	44.5	45.5	92.5	93.5
#525252	46	93	83	45.5	46.5	92.5	93.5
#505050	47	93	81	46.5	47.5	92.5	93.5
#555555	48	93	86	47.5	48.5	92.5	93.5
#575757	49	93	88	48.5	49.5	92.5	93.5
#545454	50	93	85	49.5	50.5	92.5	93.5
#4C4C4C	51	93	77	50.5	51.5	92.5	93.5
#4D4D4D	52	93	78	51.5	52.5	92.5	93.5
#515151	53	93	82	52.5	53.5	92.5	93.5
#525252	54	93	83	53.5	54.5	92.5	93.5
#5A5A5A	55	93	91	54.5	55.5	92.5	93.5
#5C5C5C	56	93	93	55.5	56.5	92.5	93.5
#595959	57	93	90	56.5	57.5	92.5	93.5
#616161	58	93	98	57.5	58.5	92.5	93.5
#656565	59	93	102	58.5	59.5	92.5	93.5
#666666	60	93	103	59.5	60.5	92.5	93.5
#646464	61	93	101	60.5	61.5	92.5	93.5
#646464	62	93	101	61.5	62.5	92.5	93.5
#686868	63	93	105	62.5	63.5	92.5	93.5
#676767	64	93	104	63.5	64.5	92.5	93.5
#626262	65	93	99	64.5	65.5	92.5	93.5
#636363	66	93	100	65.5	66.5	92.5	93.5
#666666	67	93	103	66.5	67.5	92.5	93.5
#6E6E6E	68	93	111	67.5	68.5	92.5	93.5
#787878	69	93	121	68.5	69.5	92.5	93.5
#7D7D7D	70	93	126	69.5	70.5	92.5	93.5
#7B7B7B	71	93	124	70.5	71.5	92.5	93.5
#7B7B7B	72	93	124	71.5	72.5	92.5	93.5
#7E7E7E	73	93	127	72.5	73.5	92.5	93.5
#808080	74	93	129	73.5	74.5	92.5	93.5
#7A7A7A	75	93	123	74.5	75.5	92.5	93.5
#787878	76	93	121	75.5	76.5	92.5	93.5
#787878	77	93	121	76.5	77.5	92.5	93.5
#787878	78	93	121	77.5	78.5	92.5	93.5
#767676	79	93	119	78.5	79.5	92.5	93.5
#737373	80	93	116	79.5	80.5	92.5	93.5
#727272	81	93	115	80.5	81.5	92.5	93.5
#707070	82	93	113	81.5	82.5	92.5	93.5
#6B6B6B	83	93	108	82.5	83.5	92.5	93.5
#616161	84	93	98	83.5	84.5	92.5	93.5
#525252	85	93	83	84.5	85.5	92.5	93.5
#515151	86	93	82	85.5	86.5	92.5	93.5
#4F4F4F	87	93	80	86.5	87.5	92.5	93.5
#4C4C4C	88	93	77	87.5	88.5	92.5	93.5
#454545	89	93	70	88.5	89.5	92.5	93.5
#474747	90	93	72	89.5	90.5	92.5	93.5
#4B4B4B	91	93	76	90.5	91.5	92.5	93.5
#515151	92	93	82	91.5	92.5	92.5	93.5
#585858	93	93	89	92.5	93.5	92.5	93.5
#575757	94	93	88	93.5	94.5	92.5	93.5
#535353	95	93	84	94.5	95.5	92.5	93.5
#575757	96	93	88	95.5	96.5	92.5	93.5
#585858	97	93	89	96.5	97.5	92.5	93.5
#595959	98	93	90	97.5	98.5	92.5	93.5
#5A5A5A	99	93	91	98.5	99.5	92.5	93.5
#555555	100	93	86	99.5	100.5	92.5	93.5
#535353	101	93	84	100.5	101.5	92.5	93.5
#535353	102	93	84	101.5	102.5	92.5	93.5
#4F4F4F	103	93	80	102.5	103.5	92.5	93.5
#505050	104	93	81	103.5	104.5	92.5	93.5
#5A5A5A	105	93	91	104.5	105.5	92.5	93.5
#656565	106	93	102	105.5	106.5	92.5	93.5
#686868	107	93	105	106.5	107.5	92.5	93.5
#626262	108	93	99	107.5	108.5	92.5	93.5
#5A5A5A	109	93	91	108.5	109.5	92.5	93.5
#5B5B5B	110	93	92	109.5	110.5	92.5	93.5
#5F5F5F	111	93	96	110.5	111.5	92.5	93.5
#606060	112	93	97	111.5	112.5	92.5	93.5
#5D5D5D	113	93	94	112.5	113.5	92.5	93.5
#5D5D5D	114	93	94	113.5	114.5	92.5	93.5
#5C5C5C	115	93	93	114.5	115.5	92.5	93.5
#585858	116	93	89	115.5	116.5	92.5	93.5
#585858	117	93	89	116.5	117.5	92.5	93.5
#555555	118	93	86	117.5	118.5	92.5	93.5
#535353	119	93	84	118.5	119.5	92.5	93.5
#535353	120	93	84	119.5	120.5	92.5	93.5
#535353	121	93	84	120.5	121.5	92.5	93.5
#545454	122	93	85	121.5	122.5	92.5	93.5
#565656	123	93	87	122.5	123.5	92.5	93.5
#575757	124	93	88	123.5	124.5	92.5	93.5
#575757	125	93	88	124.5	125.5	92.5	93.5
#585858	126	93	89	125.5	126.5	92.5	93.5
#585858	127	93	89	126.5	127.5	92.5	93.5
#585858	128	93	89	127.5	128.5	92.5	93.5
#575757	129	93	88	128.5	129.5	92.5	93.5
#585858	130	93	89	129.5	130.5	92.5	93.5
#555555	131	93	86	130.5	131.5	92.5	93.5
#565656	132	93	87	131.5	132.5	92.5	93.5
#555555	133	93	86	132.5	133.5	92.5	93.5
#535353	134	93	84	133.5	134.5	92.5	93.5
#505050	135	93	81	134.5	135.5	92.5	93.5
#4F4F4F	136	93	80	135.5	136.5	92.5	93.5
#4B4B4B	137	93	76	136.5	137.5	92.5	93.5
#464646	138	93	71	137.5	138.5	92.5	93.5
#424242	139	93	67	138.5	139.5	92.5	93.5
#606060	0	92	97	-0.5	0.5	91.5	92.5
#7F7F7F	1	92	128	0.5	1.5	91.5	92.5
#888888	2	92	137	1.5	2.5	91.5	92.5
#8A8A8A	3	92	139	2.5	3.5	91.5	92.5
#767676	4	92	119	3.5	4.5	91.5	92.5
#737373	5	92	116	4.5	5.5	91.5	92.5
#7A7A7A	6	92	123	5.5	6.5	91.5	92.5
#7D7D7D	7	92	126	6.5	7.5	91.5	92.5
#7E7E7E	8	92	127	7.5	8.5	91.5	92.5
#7D7D7D	9	92	126	8.5	9.5	91.5	92.5
#7C7C7C	10	92	125	9.5	10.5	91.5	92.5
#7B7B7B	11	92	124	10.5	11.5	91.5	92.5
#7B7B7B	12	92	124	11.5	12.5	91.5	92.5
#7B7B7B	13	92	124	12.5	13.5	91.5	92.5
#7A7A7A	14	92	123	13.5	14.5	91.5	92.5
#787878	15	92	121	14.5	15.5	91.5	92.5
#777777	16	92	120	15.5	16.5	91.5	92.5
#7C7C7C	17	92	125	16.5	17.5	91.5	92.5
#828282	18	92	131	17.5	18.5	91.5	92.5
#868686	19	92	135	18.5	19.5	91.5	92.5
#858585	20	92	134	19.5	20.5	91.5	92.5
#828282	21	92	131	20.5	21.5	91.5	92.5
#818181	22	92	130	21.5	22.5	91.5	92.5
#7D7D7D	23	92	126	22.5	23.5	91.5	92.5
#7B7B7B	24	92	124	23.5	24.5	91.5	92.5
#787878	25	92	121	24.5	25.5	91.5	92.5
#767676	26	92	119	25.5	26.5	91.5	92.5
#757575	27	92	118	26.5	27.5	91.5	92.5
#747474	28	92	117	27.5	28.5	91.5	92.5
#747474	29	92	117	28.5	29.5	91.5	92.5
#747474	30	92	117	29.5	30.5	91.5	92.5
#747474	31	92	117	30.5	31.5	91.5	92.5
#737373	32	92	116	31.5	32.5	91.5	92.5
#737373	33	92	116	32.5	33.5	91.5	92.5
#797979	34	92	122	33.5	34.5	91.5	92.5
#797979	35	92	122	34.5	35.5	91.5	92.5
#787878	36	92	121	35.5	36.5	91.5	92.5
#757575	37	92	118	36.5	37.5	91.5	92.5
#727272	38	92	115	37.5	38.5	91.5	92.5
#6A6A6A	39	92	107	38.5	39.5	91.5	92.5
#686868	40	92	105	39.5	40.5	91.5	92.5
#6B6B6B	41	92	108	40.5	41.5	91.5	92.5
#6A6A6A	42	92	107	41.5	42.5	91.5	92.5
#616161	43	92	98	42.5	43.5	91.5	92.5
#5C5C5C	44	92	93	43.5	44.5	91.5	92.5
#535353	45	92	84	44.5	45.5	91.5	92.5
#4E4E4E	46	92	79	45.5	46.5	91.5	92.5
#4C4C4C	47	92	77	46.5	47.5	91.5	92.5
#4F4F4F	48	92	80	47.5	48.5	91.5	92.5
#525252	49	92	83	48.5	49.5	91.5	92.5
#535353	50	92	84	49.5	50.5	91.5	92.5
#4C4C4C	51	92	77	50.5	51.5	91.5	92.5
#434343	52	92	68	51.5	52.5	91.5	92.5
#4B4B4B	53	92	76	52.5	53.5	91.5	92.5
#515151	54	92	82	53.5	54.5	91.5	92.5
#555555	55	92	86	54.5	55.5	91.5	92.5
#575757	56	92	88	55.5	56.5	91.5	92.5
#595959	57	92	90	56.5	57.5	91.5	92.5
#5B5B5B	58	92	92	57.5	58.5	91.5	92.5
#606060	59	92	97	58.5	59.5	91.5	92.5
#6A6A6A	60	92	107	59.5	60.5	91.5	92.5
#6E6E6E	61	92	111	60.5	61.5	91.5	92.5
#686868	62	92	105	61.5	62.5	91.5	92.5
#656565	63	92	102	62.5	63.5	91.5	92.5
#666666	64	92	103	63.5	64.5	91.5	92.5
#616161	65	92	98	64.5	65.5	91.5	92.5
#606060	66	92	97	65.5	66.5	91.5	92.5
#5F5F5F	67	92	96	66.5	67.5	91.5	92.5
#6C6C6C	68	92	109	67.5	68.5	91.5	92.5
#7B7B7B	69	92	124	68.5	69.5	91.5	92.5
#7B7B7B	70	92	124	69.5	70.5	91.5	92.5
#797979	71	92	122	70.5	71.5	91.5	92.5
#7B7B7B	72	92	124	71.5	72.5	91.5	92.5
#808080	73	92	129	72.5	73.5	91.5	92.5
#7E7E7E	74	92	127	73.5	74.5	91.5	92.5
#7A7A7A	75	92	123	74.5	75.5	91.5	92.5
#797979	76	92	122	75.5	76.5	91.5	92.5
#7B7B7B	77	92	124	76.5	77.5	91.5	92.5
#797979	78	92	122	77.5	78.5	91.5	92.5
#777777	79	92	120	78.5	79.5	91.5	92.5
#757575	80	92	118	79.5	80.5	91.5	92.5
#767676	81	92	119	80.5	81.5	91.5	92.5
#6E6E6E	82	92	111	81.5	82.5	91.5	92.5
#595959	83	92	90	82.5	83.5	91.5	92.5
#4B4B4B	84	92	76	83.5	84.5	91.5	92.5
#484848	85	92	73	84.5	85.5	91.5	92.5
#494949	86	92	74	85.5	86.5	91.5	92.5
#4C4C4C	87	92	77	86.5	87.5	91.5	92.5
#4D4D4D	88	92	78	87.5	88.5	91.5	92.5
#4C4C4C	89	92	77	88.5	89.5	91.5	92.5
#535353	90	92	84	89.5	90.5	91.5	92.5
#595959	91	92	90	90.5	91.5	91.5	92.5
#5B5B5B	92	92	92	91.5	92.5	91.5	92.5
#5E5E5E	93	92	95	92.5	93.5	91.5	92.5
#5C5C5C	94	92	93	93.5	94.5	91.5	92.5
#585858	95	92	89	94.5	95.5	91.5	92.5
#555555	96	92	86	95.5	96.5	91.5	92.5
#4D4D4D	97	92	78	96.5	97.5	91.5	92.5
#434343	98	92	68	97.5	98.5	91.5	92.5
#464646	99	92	71	98.5	99.5	91.5	92.5
#4E4E4E	100	92	79	99.5	100.5	91.5	92.5
#545454	101	92	85	100.5	101.5	91.5	92.5
#585858	102	92	89	101.5	102.5	91.5	92.5
#585858	103	92	89	102.5	103.5	91.5	92.5
#545454	104	92	85	103.5	104.5	91.5	92.5
#555555	105	92	86	104.5	105.5	91.5	92.5
#5F5F5F	106	92	96	105.5	106.5	91.5	92.5
#676767	107	92	104	106.5	107.5	91.5	92.5
#676767	108	92	104	107.5	108.5	91.5	92.5
#626262	109	92	99	108.5	109.5	91.5	92.5
#5F5F5F	110	92	96	109.5	110.5	91.5	92.5
#616161	111	92	98	110.5	111.5	91.5	92.5
#636363	112	92	100	111.5	112.5	91.5	92.5
#616161	113	92	98	112.5	113.5	91.5	92.5
#616161	114	92	98	113.5	114.5	91.5	92.5
#606060	115	92	97	114.5	115.5	91.5	92.5
#5B5B5B	116	92	92	115.5	116.5	91.5	92.5
#565656	117	92	87	116.5	117.5	91.5	92.5
#555555	118	92	86	117.5	118.5	91.5	92.5
#545454	119	92	85	118.5	119.5	91.5	92.5
#535353	120	92	84	119.5	120.5	91.5	92.5
#535353	121	92	84	120.5	121.5	91.5	92.5
#555555	122	92	86	121.5	122.5	91.5	92.5
#575757	123	92	88	122.5	123.5	91.5	92.5
#585858	124	92	89	123.5	124.5	91.5	92.5
#595959	125	92	90	124.5	125.5	91.5	92.5
#595959	126	92	90	125.5	126.5	91.5	92.5
#595959	127	92	90	126.5	127.5	91.5	92.5
#5A5A5A	128	92	91	127.5	128.5	91.5	92.5
#5A5A5A	129	92	91	128.5	129.5	91.5	92.5
#5A5A5A	130	92	91	129.5	130.5	91.5	92.5
#595959	131	92	90	130.5	131.5	91.5	92.5
#585858	132	92	89	131.5	132.5	91.5	92.5
#505050	133	92	81	132.5	133.5	91.5	92.5
#4B4B4B	134	92	76	133.5	134.5	91.5	92.5
#484848	135	92	73	134.5	135.5	91.5	92.5
#444444	136	92	69	135.5	136.5	91.5	92.5
#3F3F3F	137	92	64	136.5	137.5	91.5	92.5
#3D3D3D	138	92	62	137.5	138.5	91.5	92.5
#3B3B3B	139	92	60	138.5	139.5	91.5	92.5
#606060	0	91	97	-0.5	0.5	90.5	91.5
#848484	1	91	133	0.5	1.5	90.5	91.5
#8A8A8A	2	91	139	1.5	2.5	90.5	91.5
#777777	3	91	120	2.5	3.5	90.5	91.5
#707070	4	91	113	3.5	4.5	90.5	91.5
#757575	5	91	118	4.5	5.5	90.5	91.5
#797979	6	91	122	5.5	6.5	90.5	91.5
#7C7C7C	7	91	125	6.5	7.5	90.5	91.5
#7C7C7C	8	91	125	7.5	8.5	90.5	91.5
#7D7D7D	9	91	126	8.5	9.5	90.5	91.5
#7E7E7E	10	91	127	9.5	10.5	90.5	91.5
#7E7E7E	11	91	127	10.5	11.5	90.5	91.5
#7E7E7E	12	91	127	11.5	12.5	90.5	91.5
#7C7C7C	13	91	125	12.5	13.5	90.5	91.5
#797979	14	91	122	13.5	14.5	90.5	91.5
#797979	15	91	122	14.5	15.5	90.5	91.5
#787878	16	91	121	15.5	16.5	90.5	91.5
#777777	17	91	120	16.5	17.5	90.5	91.5
#7E7E7E	18	91	127	17.5	18.5	90.5	91.5
#858585	19	91	134	18.5	19.5	90.5	91.5
#878787	20	91	136	19.5	20.5	90.5	91.5
#848484	21	91	133	20.5	21.5	90.5	91.5
#818181	22	91	130	21.5	22.5	90.5	91.5
#7F7F7F	23	91	128	22.5	23.5	90.5	91.5
#7C7C7C	24	91	125	23.5	24.5	90.5	91.5
#787878	25	91	121	24.5	25.5	90.5	91.5
#777777	26	91	120	25.5	26.5	90.5	91.5
#767676	27	91	119	26.5	27.5	90.5	91.5
#757575	28	91	118	27.5	28.5	90.5	91.5
#757575	29	91	118	28.5	29.5	90.5	91.5
#747474	30	91	117	29.5	30.5	90.5	91.5
#747474	31	91	117	30.5	31.5	90.5	91.5
#737373	32	91	116	31.5	32.5	90.5	91.5
#767676	33	91	119	32.5	33.5	90.5	91.5
#797979	34	91	122	33.5	34.5	90.5	91.5
#777777	35	91	120	34.5	35.5	90.5	91.5
#787878	36	91	121	35.5	36.5	90.5	91.5
#757575	37	91	118	36.5	37.5	90.5	91.5
#6D6D6D	38	91	110	37.5	38.5	90.5	91.5
#696969	39	91	106	38.5	39.5	90.5	91.5
#696969	40	91	106	39.5	40.5	90.5	91.5
#6C6C6C	41	91	109	40.5	41.5	90.5	91.5
#696969	42	91	106	41.5	42.5	90.5	91.5
#5C5C5C	43	91	93	42.5	43.5	90.5	91.5
#565656	44	91	87	43.5	44.5	90.5	91.5
#4D4D4D	45	91	78	44.5	45.5	90.5	91.5
#434343	46	91	68	45.5	46.5	90.5	91.5
#414141	47	91	66	46.5	47.5	90.5	91.5
#444444	48	91	69	47.5	48.5	90.5	91.5
#474747	49	91	72	48.5	49.5	90.5	91.5
#484848	50	91	73	49.5	50.5	90.5	91.5
#474747	51	91	72	50.5	51.5	90.5	91.5
#393939	52	91	58	51.5	52.5	90.5	91.5
#3C3C3C	53	91	61	52.5	53.5	90.5	91.5
#434343	54	91	68	53.5	54.5	90.5	91.5
#474747	55	91	72	54.5	55.5	90.5	91.5
#4C4C4C	56	91	77	55.5	56.5	90.5	91.5
#575757	57	91	88	56.5	57.5	90.5	91.5
#5F5F5F	58	91	96	57.5	58.5	90.5	91.5
#5E5E5E	59	91	95	58.5	59.5	90.5	91.5
#656565	60	91	102	59.5	60.5	90.5	91.5
#6D6D6D	61	91	110	60.5	61.5	90.5	91.5
#707070	62	91	113	61.5	62.5	90.5	91.5
#6B6B6B	63	91	108	62.5	63.5	90.5	91.5
#656565	64	91	102	63.5	64.5	90.5	91.5
#646464	65	91	101	64.5	65.5	90.5	91.5
#656565	66	91	102	65.5	66.5	90.5	91.5
#676767	67	91	104	66.5	67.5	90.5	91.5
#6D6D6D	68	91	110	67.5	68.5	90.5	91.5
#787878	69	91	121	68.5	69.5	90.5	91.5
#787878	70	91	121	69.5	70.5	90.5	91.5
#787878	71	91	121	70.5	71.5	90.5	91.5
#7E7E7E	72	91	127	71.5	72.5	90.5	91.5
#808080	73	91	129	72.5	73.5	90.5	91.5
#7D7D7D	74	91	126	73.5	74.5	90.5	91.5
#797979	75	91	122	74.5	75.5	90.5	91.5
#777777	76	91	120	75.5	76.5	90.5	91.5
#797979	77	91	122	76.5	77.5	90.5	91.5
#757575	78	91	118	77.5	78.5	90.5	91.5
#727272	79	91	115	78.5	79.5	90.5	91.5
#737373	80	91	116	79.5	80.5	90.5	91.5
#777777	81	91	120	80.5	81.5	90.5	91.5
#6B6B6B	82	91	108	81.5	82.5	90.5	91.5
#4F4F4F	83	91	80	82.5	83.5	90.5	91.5
#494949	84	91	74	83.5	84.5	90.5	91.5
#4D4D4D	85	91	78	84.5	85.5	90.5	91.5
#494949	86	91	74	85.5	86.5	90.5	91.5
#4A4A4A	87	91	75	86.5	87.5	90.5	91.5
#505050	88	91	81	87.5	88.5	90.5	91.5
#585858	89	91	89	88.5	89.5	90.5	91.5
#535353	90	91	84	89.5	90.5	90.5	91.5
#4F4F4F	91	91	80	90.5	91.5	90.5	91.5
#555555	92	91	86	91.5	92.5	90.5	91.5
#545454	93	91	85	92.5	93.5	90.5	91.5
#515151	94	91	82	93.5	94.5	90.5	91.5
#484848	95	91	73	94.5	95.5	90.5	91.5
#4A4A4A	96	91	75	95.5	96.5	90.5	91.5
#4A4A4A	97	91	75	96.5	97.5	90.5	91.5
#434343	98	91	68	97.5	98.5	90.5	91.5
#3F3F3F	99	91	64	98.5	99.5	90.5	91.5
#434343	100	91	68	99.5	100.5	90.5	91.5
#515151	101	91	82	100.5	101.5	90.5	91.5
#5D5D5D	102	91	94	101.5	102.5	90.5	91.5
#5A5A5A	103	91	91	102.5	103.5	90.5	91.5
#575757	104	91	88	103.5	104.5	90.5	91.5
#565656	105	91	87	104.5	105.5	90.5	91.5
#5E5E5E	106	91	95	105.5	106.5	90.5	91.5
#686868	107	91	105	106.5	107.5	90.5	91.5
#6C6C6C	108	91	109	107.5	108.5	90.5	91.5
#6A6A6A	109	91	107	108.5	109.5	90.5	91.5
#646464	110	91	101	109.5	110.5	90.5	91.5
#646464	111	91	101	110.5	111.5	90.5	91.5
#656565	112	91	102	111.5	112.5	90.5	91.5
#626262	113	91	99	112.5	113.5	90.5	91.5
#5E5E5E	114	91	95	113.5	114.5	90.5	91.5
#5E5E5E	115	91	95	114.5	115.5	90.5	91.5
#5D5D5D	116	91	94	115.5	116.5	90.5	91.5
#5A5A5A	117	91	91	116.5	117.5	90.5	91.5
#565656	118	91	87	117.5	118.5	90.5	91.5
#525252	119	91	83	118.5	119.5	90.5	91.5
#535353	120	91	84	119.5	120.5	90.5	91.5
#535353	121	91	84	120.5	121.5	90.5	91.5
#5B5B5B	122	91	92	121.5	122.5	90.5	91.5
#5E5E5E	123	91	95	122.5	123.5	90.5	91.5
#5E5E5E	124	91	95	123.5	124.5	90.5	91.5
#606060	125	91	97	124.5	125.5	90.5	91.5
#606060	126	91	97	125.5	126.5	90.5	91.5
#5D5D5D	127	91	94	126.5	127.5	90.5	91.5
#5C5C5C	128	91	93	127.5	128.5	90.5	91.5
#5D5D5D	129	91	94	128.5	129.5	90.5	91.5
#5C5C5C	130	91	93	129.5	130.5	90.5	91.5
#565656	131	91	87	130.5	131.5	90.5	91.5
#4C4C4C	132	91	77	131.5	132.5	90.5	91.5
#464646	133	91	71	132.5	133.5	90.5	91.5
#474747	134	91	72	133.5	134.5	90.5	91.5
#464646	135	91	71	134.5	135.5	90.5	91.5
#464646	136	91	71	135.5	136.5	90.5	91.5
#454545	137	91	70	136.5	137.5	90.5	91.5
#434343	138	91	68	137.5	138.5	90.5	91.5
#404040	139	91	65	138.5	139.5	90.5	91.5
#646464	0	90	101	-0.5	0.5	89.5	90.5
#8A8A8A	1	90	139	0.5	1.5	89.5	90.5
#7F7F7F	2	90	128	1.5	2.5	89.5	90.5
#707070	3	90	113	2.5	3.5	89.5	90.5
#757575	4	90	118	3.5	4.5	89.5	90.5
#7A7A7A	5	90	123	4.5	5.5	89.5	90.5
#7B7B7B	6	90	124	5.5	6.5	89.5	90.5
#7D7D7D	7	90	126	6.5	7.5	89.5	90.5
#7C7C7C	8	90	125	7.5	8.5	89.5	90.5
#7D7D7D	9	90	126	8.5	9.5	89.5	90.5
#7D7D7D	10	90	126	9.5	10.5	89.5	90.5
#7F7F7F	11	90	128	10.5	11.5	89.5	90.5
#7D7D7D	12	90	126	11.5	12.5	89.5	90.5
#7B7B7B	13	90	124	12.5	13.5	89.5	90.5
#7C7C7C	14	90	125	13.5	14.5	89.5	90.5
#7D7D7D	15	90	126	14.5	15.5	89.5	90.5
#7A7A7A	16	90	123	15.5	16.5	89.5	90.5
#787878	17	90	121	16.5	17.5	89.5	90.5
#797979	18	90	122	17.5	18.5	89.5	90.5
#818181	19	90	130	18.5	19.5	89.5	90.5
#868686	20	90	135	19.5	20.5	89.5	90.5
#848484	21	90	133	20.5	21.5	89.5	90.5
#838383	22	90	132	21.5	22.5	89.5	90.5
#818181	23	90	130	22.5	23.5	89.5	90.5
#7D7D7D	24	90	126	23.5	24.5	89.5	90.5
#7B7B7B	25	90	124	24.5	25.5	89.5	90.5
#787878	26	90	121	25.5	26.5	89.5	90.5
#777777	27	90	120	26.5	27.5	89.5	90.5
#787878	28	90	121	27.5	28.5	89.5	90.5
#777777	29	90	120	28.5	29.5	89.5	90.5
#757575	30	90	118	29.5	30.5	89.5	90.5
#757575	31	90	118	30.5	31.5	89.5	90.5
#757575	32	90	118	31.5	32.5	89.5	90.5
#7A7A7A	33	90	123	32.5	33.5	89.5	90.5
#797979	34	90	122	33.5	34.5	89.5	90.5
#787878	35	90	121	34.5	35.5	89.5	90.5
#7A7A7A	36	90	123	35.5	36.5	89.5	90.5
#707070	37	90	113	36.5	37.5	89.5	90.5
#6C6C6C	38	90	109	37.5	38.5	89.5	90.5
#6B6B6B	39	90	108	38.5	39.5	89.5	90.5
#656565	40	90	102	39.5	40.5	89.5	90.5
#636363	41	90	100	40.5	41.5	89.5	90.5
#5F5F5F	42	90	96	41.5	42.5	89.5	90.5
#545454	43	90	85	42.5	43.5	89.5	90.5
#555555	44	90	86	43.5	44.5	89.5	90.5
#494949	45	90	74	44.5	45.5	89.5	90.5
#3E3E3E	46	90	63	45.5	46.5	89.5	90.5
#3F3F3F	47	90	64	46.5	47.5	89.5	90.5
#404040	48	90	65	47.5	48.5	89.5	90.5
#434343	49	90	68	48.5	49.5	89.5	90.5
#404040	50	90	65	49.5	50.5	89.5	90.5
#444444	51	90	69	50.5	51.5	89.5	90.5
#383838	52	90	57	51.5	52.5	89.5	90.5
#383838	53	90	57	52.5	53.5	89.5	90.5
#3D3D3D	54	90	62	53.5	54.5	89.5	90.5
#3F3F3F	55	90	64	54.5	55.5	89.5	90.5
#3E3E3E	56	90	63	55.5	56.5	89.5	90.5
#4C4C4C	57	90	77	56.5	57.5	89.5	90.5
#606060	58	90	97	57.5	58.5	89.5	90.5
#5C5C5C	59	90	93	58.5	59.5	89.5	90.5
#5E5E5E	60	90	95	59.5	60.5	89.5	90.5
#626262	61	90	99	60.5	61.5	89.5	90.5
#6C6C6C	62	90	109	61.5	62.5	89.5	90.5
#707070	63	90	113	62.5	63.5	89.5	90.5
#6A6A6A	64	90	107	63.5	64.5	89.5	90.5
#6B6B6B	65	90	108	64.5	65.5	89.5	90.5
#696969	66	90	106	65.5	66.5	89.5	90.5
#6A6A6A	67	90	107	66.5	67.5	89.5	90.5
#6E6E6E	68	90	111	67.5	68.5	89.5	90.5
#767676	69	90	119	68.5	69.5	89.5	90.5
#7A7A7A	70	90	123	69.5	70.5	89.5	90.5
#777777	71	90	120	70.5	71.5	89.5	90.5
#7A7A7A	72	90	123	71.5	72.5	89.5	90.5
#7F7F7F	73	90	128	72.5	73.5	89.5	90.5
#7A7A7A	74	90	123	73.5	74.5	89.5	90.5
#777777	75	90	120	74.5	75.5	89.5	90.5
#767676	76	90	119	75.5	76.5	89.5	90.5
#767676	77	90	119	76.5	77.5	89.5	90.5
#737373	78	90	116	77.5	78.5	89.5	90.5
#6F6F6F	79	90	112	78.5	79.5	89.5	90.5
#707070	80	90	113	79.5	80.5	89.5	90.5
#747474	81	90	117	80.5	81.5	89.5	90.5
#686868	82	90	105	81.5	82.5	89.5	90.5
#515151	83	90	82	82.5	83.5	89.5	90.5
#4B4B4B	84	90	76	83.5	84.5	89.5	90.5
#4A4A4A	85	90	75	84.5	85.5	89.5	90.5
#4C4C4C	86	90	77	85.5	86.5	89.5	90.5
#535353	87	90	84	86.5	87.5	89.5	90.5
#535353	88	90	84	87.5	88.5	89.5	90.5
#4D4D4D	89	90	78	88.5	89.5	89.5	90.5
#4D4D4D	90	90	78	89.5	90.5	89.5	90.5
#535353	91	90	84	90.5	91.5	89.5	90.5
#525252	92	90	83	91.5	92.5	89.5	90.5
#4D4D4D	93	90	78	92.5	93.5	89.5	90.5
#4A4A4A	94	90	75	93.5	94.5	89.5	90.5
#3E3E3E	95	90	63	94.5	95.5	89.5	90.5
#393939	96	90	58	95.5	96.5	89.5	90.5
#404040	97	90	65	96.5	97.5	89.5	90.5
#464646	98	90	71	97.5	98.5	89.5	90.5
#4D4D4D	99	90	78	98.5	99.5	89.5	90.5
#464646	100	90	71	99.5	100.5	89.5	90.5
#494949	101	90	74	100.5	101.5	89.5	90.5
#565656	102	90	87	101.5	102.5	89.5	90.5
#5D5D5D	103	90	94	102.5	103.5	89.5	90.5
#5B5B5B	104	90	92	103.5	104.5	89.5	90.5
#5D5D5D	105	90	94	104.5	105.5	89.5	90.5
#606060	106	90	97	105.5	106.5	89.5	90.5
#616161	107	90	98	106.5	107.5	89.5	90.5
#686868	108	90	105	107.5	108.5	89.5	90.5
#6A6A6A	109	90	107	108.5	109.5	89.5	90.5
#616161	110	90	98	109.5	110.5	89.5	90.5
#5D5D5D	111	90	94	110.5	111.5	89.5	90.5
#606060	112	90	97	111.5	112.5	89.5	90.5
#636363	113	90	100	112.5	113.5	89.5	90.5
#626262	114	90	99	113.5	114.5	89.5	90.5
#5D5D5D	115	90	94	114.5	115.5	89.5	90.5
#5D5D5D	116	90	94	115.5	116.5	89.5	90.5
#5D5D5D	117	90	94	116.5	117.5	89.5	90.5
#5B5B5B	118	90	92	117.5	118.5	89.5	90.5
#545454	119	90	85	118.5	119.5	89.5	90.5
#525252	120	90	83	119.5	120.5	89.5	90.5
#5B5B5B	121	90	92	120.5	121.5	89.5	90.5
#626262	122	90	99	121.5	122.5	89.5	90.5
#606060	123	90	97	122.5	123.5	89.5	90.5
#606060	124	90	97	123.5	124.5	89.5	90.5
#636363	125	90	100	124.5	125.5	89.5	90.5
#636363	126	90	100	125.5	126.5	89.5	90.5
#626262	127	90	99	126.5	127.5	89.5	90.5
#5E5E5E	128	90	95	127.5	128.5	89.5	90.5
#5D5D5D	129	90	94	128.5	129.5	89.5	90.5
#595959	130	90	90	129.5	130.5	89.5	90.5
#4E4E4E	131	90	79	130.5	131.5	89.5	90.5
#4C4C4C	132	90	77	131.5	132.5	89.5	90.5
#4B4B4B	133	90	76	132.5	133.5	89.5	90.5
#4B4B4B	134	90	76	133.5	134.5	89.5	90.5
#4A4A4A	135	90	75	134.5	135.5	89.5	90.5
#494949	136	90	74	135.5	136.5	89.5	90.5
#494949	137	90	74	136.5	137.5	89.5	90.5
#474747	138	90	72	137.5	138.5	89.5	90.5
#454545	139	90	70	138.5	139.5	89.5	90.5
#686868	0	89	105	-0.5	0.5	88.5	89.5
#898989	1	89	138	0.5	1.5	88.5	89.5
#777777	2	89	120	1.5	2.5	88.5	89.5
#767676	3	89	119	2.5	3.5	88.5	89.5
#7C7C7C	4	89	125	3.5	4.5	88.5	89.5
#7E7E7E	5	89	127	4.5	5.5	88.5	89.5
#7F7F7F	6	89	128	5.5	6.5	88.5	89.5
#808080	7	89	129	6.5	7.5	88.5	89.5
#7D7D7D	8	89	126	7.5	8.5	88.5	89.5
#7E7E7E	9	89	127	8.5	9.5	88.5	89.5
#7C7C7C	10	89	125	9.5	10.5	88.5	89.5
#7B7B7B	11	89	124	10.5	11.5	88.5	89.5
#7B7B7B	12	89	124	11.5	12.5	88.5	89.5
#7C7C7C	13	89	125	12.5	13.5	88.5	89.5
#7F7F7F	14	89	128	13.5	14.5	88.5	89.5
#7D7D7D	15	89	126	14.5	15.5	88.5	89.5
#7C7C7C	16	89	125	15.5	16.5	88.5	89.5
#7B7B7B	17	89	124	16.5	17.5	88.5	89.5
#787878	18	89	121	17.5	18.5	88.5	89.5
#7B7B7B	19	89	124	18.5	19.5	88.5	89.5
#838383	20	89	132	19.5	20.5	88.5	89.5
#848484	21	89	133	20.5	21.5	88.5	89.5
#838383	22	89	132	21.5	22.5	88.5	89.5
#818181	23	89	130	22.5	23.5	88.5	89.5
#7F7F7F	24	89	128	23.5	24.5	88.5	89.5
#7C7C7C	25	89	125	24.5	25.5	88.5	89.5
#7B7B7B	26	89	124	25.5	26.5	88.5	89.5
#7A7A7A	27	89	123	26.5	27.5	88.5	89.5
#797979	28	89	122	27.5	28.5	88.5	89.5
#787878	29	89	121	28.5	29.5	88.5	89.5
#767676	30	89	119	29.5	30.5	88.5	89.5
#747474	31	89	117	30.5	31.5	88.5	89.5
#777777	32	89	120	31.5	32.5	88.5	89.5
#787878	33	89	121	32.5	33.5	88.5	89.5
#797979	34	89	122	33.5	34.5	88.5	89.5
#7B7B7B	35	89	124	34.5	35.5	88.5	89.5
#787878	36	89	121	35.5	36.5	88.5	89.5
#6F6F6F	37	89	112	36.5	37.5	88.5	89.5
#6E6E6E	38	89	111	37.5	38.5	88.5	89.5
#616161	39	89	98	38.5	39.5	88.5	89.5
#595959	40	89	90	39.5	40.5	88.5	89.5
#595959	41	89	90	40.5	41.5	88.5	89.5
#585858	42	89	89	41.5	42.5	88.5	89.5
#505050	43	89	81	42.5	43.5	88.5	89.5
#4F4F4F	44	89	80	43.5	44.5	88.5	89.5
#4A4A4A	45	89	75	44.5	45.5	88.5	89.5
#454545	46	89	70	45.5	46.5	88.5	89.5
#444444	47	89	69	46.5	47.5	88.5	89.5
#404040	48	89	65	47.5	48.5	88.5	89.5
#424242	49	89	67	48.5	49.5	88.5	89.5
#3C3C3C	50	89	61	49.5	50.5	88.5	89.5
#414141	51	89	66	50.5	51.5	88.5	89.5
#3C3C3C	52	89	61	51.5	52.5	88.5	89.5
#363636	53	89	55	52.5	53.5	88.5	89.5
#3C3C3C	54	89	61	53.5	54.5	88.5	89.5
#434343	55	89	68	54.5	55.5	88.5	89.5
#404040	56	89	65	55.5	56.5	88.5	89.5
#4B4B4B	57	89	76	56.5	57.5	88.5	89.5
#5A5A5A	58	89	91	57.5	58.5	88.5	89.5
#595959	59	89	90	58.5	59.5	88.5	89.5
#5B5B5B	60	89	92	59.5	60.5	88.5	89.5
#5E5E5E	61	89	95	60.5	61.5	88.5	89.5
#676767	62	89	104	61.5	62.5	88.5	89.5
#6E6E6E	63	89	111	62.5	63.5	88.5	89.5
#6E6E6E	64	89	111	63.5	64.5	88.5	89.5
#6F6F6F	65	89	112	64.5	65.5	88.5	89.5
#696969	66	89	106	65.5	66.5	88.5	89.5
#6A6A6A	67	89	107	66.5	67.5	88.5	89.5
#727272	68	89	115	67.5	68.5	88.5	89.5
#7A7A7A	69	89	123	68.5	69.5	88.5	89.5
#7D7D7D	70	89	126	69.5	70.5	88.5	89.5
#777777	71	89	120	70.5	71.5	88.5	89.5
#777777	72	89	120	71.5	72.5	88.5	89.5
#797979	73	89	122	72.5	73.5	88.5	89.5
#747474	74	89	117	73.5	74.5	88.5	89.5
#767676	75	89	119	74.5	75.5	88.5	89.5
#767676	76	89	119	75.5	76.5	88.5	89.5
#767676	77	89	119	76.5	77.5	88.5	89.5
#737373	78	89	116	77.5	78.5	88.5	89.5
#6E6E6E	79	89	111	78.5	79.5	88.5	89.5
#707070	80	89	113	79.5	80.5	88.5	89.5
#737373	81	89	116	80.5	81.5	88.5	89.5
#6B6B6B	82	89	108	81.5	82.5	88.5	89.5
#5B5B5B	83	89	92	82.5	83.5	88.5	89.5
#545454	84	89	85	83.5	84.5	88.5	89.5
#595959	85	89	90	84.5	85.5	88.5	89.5
#5C5C5C	86	89	93	85.5	86.5	88.5	89.5
#585858	87	89	89	86.5	87.5	88.5	89.5
#4E4E4E	88	89	79	87.5	88.5	88.5	89.5
#4B4B4B	89	89	76	88.5	89.5	88.5	89.5
#545454	90	89	85	89.5	90.5	88.5	89.5
#4F4F4F	91	89	80	90.5	91.5	88.5	89.5
#4B4B4B	92	89	76	91.5	92.5	88.5	89.5
#4D4D4D	93	89	78	92.5	93.5	88.5	89.5
#484848	94	89	73	93.5	94.5	88.5	89.5
#3C3C3C	95	89	61	94.5	95.5	88.5	89.5
#3A3A3A	96	89	59	95.5	96.5	88.5	89.5
#3D3D3D	97	89	62	96.5	97.5	88.5	89.5
#3E3E3E	98	89	63	97.5	98.5	88.5	89.5
#494949	99	89	74	98.5	99.5	88.5	89.5
#4F4F4F	100	89	80	99.5	100.5	88.5	89.5
#4F4F4F	101	89	80	100.5	101.5	88.5	89.5
#4E4E4E	102	89	79	101.5	102.5	88.5	89.5
#545454	103	89	85	102.5	103.5	88.5	89.5
#5B5B5B	104	89	92	103.5	104.5	88.5	89.5
#5C5C5C	105	89	93	104.5	105.5	88.5	89.5
#5D5D5D	106	89	94	105.5	106.5	88.5	89.5
#5F5F5F	107	89	96	106.5	107.5	88.5	89.5
#626262	108	89	99	107.5	108.5	88.5	89.5
#6A6A6A	109	89	107	108.5	109.5	88.5	89.5
#646464	110	89	101	109.5	110.5	88.5	89.5
#5B5B5B	111	89	92	110.5	111.5	88.5	89.5
#5C5C5C	112	89	93	111.5	112.5	88.5	89.5
#5C5C5C	113	89	93	112.5	113.5	88.5	89.5
#5F5F5F	114	89	96	113.5	114.5	88.5	89.5
#646464	115	89	101	114.5	115.5	88.5	89.5
#636363	116	89	100	115.5	116.5	88.5	89.5
#616161	117	89	98	116.5	117.5	88.5	89.5
#626262	118	89	99	117.5	118.5	88.5	89.5
#5D5D5D	119	89	94	118.5	119.5	88.5	89.5
#5F5F5F	120	89	96	119.5	120.5	88.5	89.5
#646464	121	89	101	120.5	121.5	88.5	89.5
#636363	122	89	100	121.5	122.5	88.5	89.5
#626262	123	89	99	122.5	123.5	88.5	89.5
#646464	124	89	101	123.5	124.5	88.5	89.5
#676767	125	89	104	124.5	125.5	88.5	89.5
#686868	126	89	105	125.5	126.5	88.5	89.5
#686868	127	89	105	126.5	127.5	88.5	89.5
#676767	128	89	104	127.5	128.5	88.5	89.5
#636363	129	89	100	128.5	129.5	88.5	89.5
#5C5C5C	130	89	93	129.5	130.5	88.5	89.5
#515151	131	89	82	130.5	131.5	88.5	89.5
#505050	132	89	81	131.5	132.5	88.5	89.5
#4F4F4F	133	89	80	132.5	133.5	88.5	89.5
#4F4F4F	134	89	80	133.5	134.5	88.5	89.5
#4E4E4E	135	89	79	134.5	135.5	88.5	89.5
#4C4C4C	136	89	77	135.5	136.5	88.5	89.5
#4B4B4B	137	89	76	136.5	137.5	88.5	89.5
#4B4B4B	138	89	76	137.5	138.5	88.5	89.5
#4B4B4B	139	89	76	138.5	139.5	88.5	89.5
#6A6A6A	0	88	107	-0.5	0.5	87.5	88.5
#858585	1	88	134	0.5	1.5	87.5	88.5
#797979	2	88	122	1.5	2.5	87.5	88.5
#7E7E7E	3	88	127	2.5	3.5	87.5	88.5
#818181	4	88	130	3.5	4.5	87.5	88.5
#838383	5	88	132	4.5	5.5	87.5	88.5
#828282	6	88	131	5.5	6.5	87.5	88.5
#828282	7	88	131	6.5	7.5	87.5	88.5
#7F7F7F	8	88	128	7.5	8.5	87.5	88.5
#7D7D7D	9	88	126	8.5	9.5	87.5	88.5
#7C7C7C	10	88	125	9.5	10.5	87.5	88.5
#7B7B7B	11	88	124	10.5	11.5	87.5	88.5
#7C7C7C	12	88	125	11.5	12.5	87.5	88.5
#7D7D7D	13	88	126	12.5	13.5	87.5	88.5
#808080	14	88	129	13.5	14.5	87.5	88.5
#7D7D7D	15	88	126	14.5	15.5	87.5	88.5
#7C7C7C	16	88	125	15.5	16.5	87.5	88.5
#7C7C7C	17	88	125	16.5	17.5	87.5	88.5
#7A7A7A	18	88	123	17.5	18.5	87.5	88.5
#797979	19	88	122	18.5	19.5	87.5	88.5
#7F7F7F	20	88	128	19.5	20.5	87.5	88.5
#858585	21	88	134	20.5	21.5	87.5	88.5
#838383	22	88	132	21.5	22.5	87.5	88.5
#818181	23	88	130	22.5	23.5	87.5	88.5
#808080	24	88	129	23.5	24.5	87.5	88.5
#7E7E7E	25	88	127	24.5	25.5	87.5	88.5
#7C7C7C	26	88	125	25.5	26.5	87.5	88.5
#7C7C7C	27	88	125	26.5	27.5	87.5	88.5
#797979	28	88	122	27.5	28.5	87.5	88.5
#767676	29	88	119	28.5	29.5	87.5	88.5
#757575	30	88	118	29.5	30.5	87.5	88.5
#767676	31	88	119	30.5	31.5	87.5	88.5
#7B7B7B	32	88	124	31.5	32.5	87.5	88.5
#7A7A7A	33	88	123	32.5	33.5	87.5	88.5
#7C7C7C	34	88	125	33.5	34.5	87.5	88.5
#7C7C7C	35	88	125	34.5	35.5	87.5	88.5
#787878	36	88	121	35.5	36.5	87.5	88.5
#707070	37	88	113	36.5	37.5	87.5	88.5
#5F5F5F	38	88	96	37.5	38.5	87.5	88.5
#545454	39	88	85	38.5	39.5	87.5	88.5
#585858	40	88	89	39.5	40.5	87.5	88.5
#5B5B5B	41	88	92	40.5	41.5	87.5	88.5
#555555	42	88	86	41.5	42.5	87.5	88.5
#505050	43	88	81	42.5	43.5	87.5	88.5
#4D4D4D	44	88	78	43.5	44.5	87.5	88.5
#4D4D4D	45	88	78	44.5	45.5	87.5	88.5
#4A4A4A	46	88	75	45.5	46.5	87.5	88.5
#444444	47	88	69	46.5	47.5	87.5	88.5
#414141	48	88	66	47.5	48.5	87.5	88.5
#424242	49	88	67	48.5	49.5	87.5	88.5
#3C3C3C	50	88	61	49.5	50.5	87.5	88.5
#3B3B3B	51	88	60	50.5	51.5	87.5	88.5
#3B3B3B	52	88	60	51.5	52.5	87.5	88.5
#353535	53	88	54	52.5	53.5	87.5	88.5
#383838	54	88	57	53.5	54.5	87.5	88.5
#424242	55	88	67	54.5	55.5	87.5	88.5
#434343	56	88	68	55.5	56.5	87.5	88.5
#4A4A4A	57	88	75	56.5	57.5	87.5	88.5
#5A5A5A	58	88	91	57.5	58.5	87.5	88.5
#606060	59	88	97	58.5	59.5	87.5	88.5
#565656	60	88	87	59.5	60.5	87.5	88.5
#545454	61	88	85	60.5	61.5	87.5	88.5
#606060	62	88	97	61.5	62.5	87.5	88.5
#676767	63	88	104	62.5	63.5	87.5	88.5
#696969	64	88	106	63.5	64.5	87.5	88.5
#6E6E6E	65	88	111	64.5	65.5	87.5	88.5
#6E6E6E	66	88	111	65.5	66.5	87.5	88.5
#6F6F6F	67	88	112	66.5	67.5	87.5	88.5
#727272	68	88	115	67.5	68.5	87.5	88.5
#7A7A7A	69	88	123	68.5	69.5	87.5	88.5
#808080	70	88	129	69.5	70.5	87.5	88.5
#7C7C7C	71	88	125	70.5	71.5	87.5	88.5
#7B7B7B	72	88	124	71.5	72.5	87.5	88.5
#797979	73	88	122	72.5	73.5	87.5	88.5
#757575	74	88	118	73.5	74.5	87.5	88.5
#777777	75	88	120	74.5	75.5	87.5	88.5
#777777	76	88	120	75.5	76.5	87.5	88.5
#767676	77	88	119	76.5	77.5	87.5	88.5
#747474	78	88	117	77.5	78.5	87.5	88.5
#707070	79	88	113	78.5	79.5	87.5	88.5
#717171	80	88	114	79.5	80.5	87.5	88.5
#737373	81	88	116	80.5	81.5	87.5	88.5
#6D6D6D	82	88	110	81.5	82.5	87.5	88.5
#666666	83	88	103	82.5	83.5	87.5	88.5
#626262	84	88	99	83.5	84.5	87.5	88.5
#676767	85	88	104	84.5	85.5	87.5	88.5
#676767	86	88	104	85.5	86.5	87.5	88.5
#585858	87	88	89	86.5	87.5	87.5	88.5
#515151	88	88	82	87.5	88.5	87.5	88.5
#535353	89	88	84	88.5	89.5	87.5	88.5
#535353	90	88	84	89.5	90.5	87.5	88.5
#4F4F4F	91	88	80	90.5	91.5	87.5	88.5
#4F4F4F	92	88	80	91.5	92.5	87.5	88.5
#515151	93	88	82	92.5	93.5	87.5	88.5
#4E4E4E	94	88	79	93.5	94.5	87.5	88.5
#464646	95	88	71	94.5	95.5	87.5	88.5
#424242	96	88	67	95.5	96.5	87.5	88.5
#3D3D3D	97	88	62	96.5	97.5	87.5	88.5
#3C3C3C	98	88	61	97.5	98.5	87.5	88.5
#414141	99	88	66	98.5	99.5	87.5	88.5
#484848	100	88	73	99.5	100.5	87.5	88.5
#545454	101	88	85	100.5	101.5	87.5	88.5
#545454	102	88	85	101.5	102.5	87.5	88.5
#474747	103	88	72	102.5	103.5	87.5	88.5
#4A4A4A	104	88	75	103.5	104.5	87.5	88.5
#585858	105	88	89	104.5	105.5	87.5	88.5
#5C5C5C	106	88	93	105.5	106.5	87.5	88.5
#606060	107	88	97	106.5	107.5	87.5	88.5
#616161	108	88	98	107.5	108.5	87.5	88.5
#656565	109	88	102	108.5	109.5	87.5	88.5
#676767	110	88	104	109.5	110.5	87.5	88.5
#5F5F5F	111	88	96	110.5	111.5	87.5	88.5
#5E5E5E	112	88	95	111.5	112.5	87.5	88.5
#5C5C5C	113	88	93	112.5	113.5	87.5	88.5
#5A5A5A	114	88	91	113.5	114.5	87.5	88.5
#5B5B5B	115	88	92	114.5	115.5	87.5	88.5
#5F5F5F	116	88	96	115.5	116.5	87.5	88.5
#636363	117	88	100	116.5	117.5	87.5	88.5
#656565	118	88	102	117.5	118.5	87.5	88.5
#676767	119	88	104	118.5	119.5	87.5	88.5
#6B6B6B	120	88	108	119.5	120.5	87.5	88.5
#6B6B6B	121	88	108	120.5	121.5	87.5	88.5
#676767	122	88	104	121.5	122.5	87.5	88.5
#656565	123	88	102	122.5	123.5	87.5	88.5
#666666	124	88	103	123.5	124.5	87.5	88.5
#686868	125	88	105	124.5	125.5	87.5	88.5
#6B6B6B	126	88	108	125.5	126.5	87.5	88.5
#6D6D6D	127	88	110	126.5	127.5	87.5	88.5
#6D6D6D	128	88	110	127.5	128.5	87.5	88.5
#656565	129	88	102	128.5	129.5	87.5	88.5
#616161	130	88	98	129.5	130.5	87.5	88.5
#606060	131	88	97	130.5	131.5	87.5	88.5
#565656	132	88	87	131.5	132.5	87.5	88.5
#525252	133	88	83	132.5	133.5	87.5	88.5
#515151	134	88	82	133.5	134.5	87.5	88.5
#4F4F4F	135	88	80	134.5	135.5	87.5	88.5
#505050	136	88	81	135.5	136.5	87.5	88.5
#565656	137	88	87	136.5	137.5	87.5	88.5
#5A5A5A	138	88	91	137.5	138.5	87.5	88.5
#5A5A5A	139	88	91	138.5	139.5	87.5	88.5
#6A6A6A	0	87	107	-0.5	0.5	86.5	87.5
#818181	1	87	130	0.5	1.5	86.5	87.5
#7B7B7B	2	87	124	1.5	2.5	86.5	87.5
#808080	3	87	129	2.5	3.5	86.5	87.5
#828282	4	87	131	3.5	4.5	86.5	87.5
#858585	5	87	134	4.5	5.5	86.5	87.5
#848484	6	87	133	5.5	6.5	86.5	87.5
#838383	7	87	132	6.5	7.5	86.5	87.5
#808080	8	87	129	7.5	8.5	86.5	87.5
#7C7C7C	9	87	125	8.5	9.5	86.5	87.5
#7A7A7A	10	87	123	9.5	10.5	86.5	87.5
#7C7C7C	11	87	125	10.5	11.5	86.5	87.5
#7B7B7B	12	87	124	11.5	12.5	86.5	87.5
#7F7F7F	13	87	128	12.5	13.5	86.5	87.5
#7F7F7F	14	87	128	13.5	14.5	86.5	87.5
#7E7E7E	15	87	127	14.5	15.5	86.5	87.5
#7D7D7D	16	87	126	15.5	16.5	86.5	87.5
#7C7C7C	17	87	125	16.5	17.5	86.5	87.5
#7D7D7D	18	87	126	17.5	18.5	86.5	87.5
#7A7A7A	19	87	123	18.5	19.5	86.5	87.5
#7C7C7C	20	87	125	19.5	20.5	86.5	87.5
#848484	21	87	133	20.5	21.5	86.5	87.5
#838383	22	87	132	21.5	22.5	86.5	87.5
#818181	23	87	130	22.5	23.5	86.5	87.5
#7F7F7F	24	87	128	23.5	24.5	86.5	87.5
#7F7F7F	25	87	128	24.5	25.5	86.5	87.5
#7D7D7D	26	87	126	25.5	26.5	86.5	87.5
#7C7C7C	27	87	125	26.5	27.5	86.5	87.5
#797979	28	87	122	27.5	28.5	86.5	87.5
#767676	29	87	119	28.5	29.5	86.5	87.5
#757575	30	87	118	29.5	30.5	86.5	87.5
#787878	31	87	121	30.5	31.5	86.5	87.5
#7B7B7B	32	87	124	31.5	32.5	86.5	87.5
#7B7B7B	33	87	124	32.5	33.5	86.5	87.5
#7E7E7E	34	87	127	33.5	34.5	86.5	87.5
#797979	35	87	122	34.5	35.5	86.5	87.5
#787878	36	87	121	35.5	36.5	86.5	87.5
#626262	37	87	99	36.5	37.5	86.5	87.5
#555555	38	87	86	37.5	38.5	86.5	87.5
#555555	39	87	86	38.5	39.5	86.5	87.5
#595959	40	87	90	39.5	40.5	86.5	87.5
#606060	41	87	97	40.5	41.5	86.5	87.5
#555555	42	87	86	41.5	42.5	86.5	87.5
#525252	43	87	83	42.5	43.5	86.5	87.5
#585858	44	87	89	43.5	44.5	86.5	87.5
#5A5A5A	45	87	91	44.5	45.5	86.5	87.5
#575757	46	87	88	45.5	46.5	86.5	87.5
#494949	47	87	74	46.5	47.5	86.5	87.5
#4A4A4A	48	87	75	47.5	48.5	86.5	87.5
#494949	49	87	74	48.5	49.5	86.5	87.5
#484848	50	87	73	49.5	50.5	86.5	87.5
#474747	51	87	72	50.5	51.5	86.5	87.5
#3B3B3B	52	87	60	51.5	52.5	86.5	87.5
#323232	53	87	51	52.5	53.5	86.5	87.5
#363636	54	87	55	53.5	54.5	86.5	87.5
#3F3F3F	55	87	64	54.5	55.5	86.5	87.5
#464646	56	87	71	55.5	56.5	86.5	87.5
#4B4B4B	57	87	76	56.5	57.5	86.5	87.5
#595959	58	87	90	57.5	58.5	86.5	87.5
#5F5F5F	59	87	96	58.5	59.5	86.5	87.5
#5A5A5A	60	87	91	59.5	60.5	86.5	87.5
#585858	61	87	89	60.5	61.5	86.5	87.5
#5A5A5A	62	87	91	61.5	62.5	86.5	87.5
#5C5C5C	63	87	93	62.5	63.5	86.5	87.5
#5E5E5E	64	87	95	63.5	64.5	86.5	87.5
#676767	65	87	104	64.5	65.5	86.5	87.5
#6D6D6D	66	87	110	65.5	66.5	86.5	87.5
#6F6F6F	67	87	112	66.5	67.5	86.5	87.5
#717171	68	87	114	67.5	68.5	86.5	87.5
#797979	69	87	122	68.5	69.5	86.5	87.5
#7E7E7E	70	87	127	69.5	70.5	86.5	87.5
#7E7E7E	71	87	127	70.5	71.5	86.5	87.5
#808080	72	87	129	71.5	72.5	86.5	87.5
#7F7F7F	73	87	128	72.5	73.5	86.5	87.5
#7C7C7C	74	87	125	73.5	74.5	86.5	87.5
#7B7B7B	75	87	124	74.5	75.5	86.5	87.5
#7B7B7B	76	87	124	75.5	76.5	86.5	87.5
#7C7C7C	77	87	125	76.5	77.5	86.5	87.5
#797979	78	87	122	77.5	78.5	86.5	87.5
#747474	79	87	117	78.5	79.5	86.5	87.5
#727272	80	87	115	79.5	80.5	86.5	87.5
#727272	81	87	115	80.5	81.5	86.5	87.5
#6A6A6A	82	87	107	81.5	82.5	86.5	87.5
#636363	83	87	100	82.5	83.5	86.5	87.5
#636363	84	87	100	83.5	84.5	86.5	87.5
#646464	85	87	101	84.5	85.5	86.5	87.5
#606060	86	87	97	85.5	86.5	86.5	87.5
#606060	87	87	97	86.5	87.5	86.5	87.5
#5D5D5D	88	87	94	87.5	88.5	86.5	87.5
#5C5C5C	89	87	93	88.5	89.5	86.5	87.5
#555555	90	87	86	89.5	90.5	86.5	87.5
#525252	91	87	83	90.5	91.5	86.5	87.5
#505050	92	87	81	91.5	92.5	86.5	87.5
#535353	93	87	84	92.5	93.5	86.5	87.5
#525252	94	87	83	93.5	94.5	86.5	87.5
#4E4E4E	95	87	79	94.5	95.5	86.5	87.5
#4C4C4C	96	87	77	95.5	96.5	86.5	87.5
#4A4A4A	97	87	75	96.5	97.5	86.5	87.5
#404040	98	87	65	97.5	98.5	86.5	87.5
#3E3E3E	99	87	63	98.5	99.5	86.5	87.5
#414141	100	87	66	99.5	100.5	86.5	87.5
#494949	101	87	74	100.5	101.5	86.5	87.5
#4D4D4D	102	87	78	101.5	102.5	86.5	87.5
#4B4B4B	103	87	76	102.5	103.5	86.5	87.5
#474747	104	87	72	103.5	104.5	86.5	87.5
#4F4F4F	105	87	80	104.5	105.5	86.5	87.5
#5B5B5B	106	87	92	105.5	106.5	86.5	87.5
#5E5E5E	107	87	95	106.5	107.5	86.5	87.5
#636363	108	87	100	107.5	108.5	86.5	87.5
#626262	109	87	99	108.5	109.5	86.5	87.5
#686868	110	87	105	109.5	110.5	86.5	87.5
#616161	111	87	98	110.5	111.5	86.5	87.5
#5D5D5D	112	87	94	111.5	112.5	86.5	87.5
#5B5B5B	113	87	92	112.5	113.5	86.5	87.5
#5C5C5C	114	87	93	113.5	114.5	86.5	87.5
#5F5F5F	115	87	96	114.5	115.5	86.5	87.5
#626262	116	87	99	115.5	116.5	86.5	87.5
#636363	117	87	100	116.5	117.5	86.5	87.5
#656565	118	87	102	117.5	118.5	86.5	87.5
#6A6A6A	119	87	107	118.5	119.5	86.5	87.5
#717171	120	87	114	119.5	120.5	86.5	87.5
#727272	121	87	115	120.5	121.5	86.5	87.5
#6F6F6F	122	87	112	121.5	122.5	86.5	87.5
#6C6C6C	123	87	109	122.5	123.5	86.5	87.5
#686868	124	87	105	123.5	124.5	86.5	87.5
#686868	125	87	105	124.5	125.5	86.5	87.5
#696969	126	87	106	125.5	126.5	86.5	87.5
#6C6C6C	127	87	109	126.5	127.5	86.5	87.5
#6A6A6A	128	87	107	127.5	128.5	86.5	87.5
#626262	129	87	99	128.5	129.5	86.5	87.5
#5B5B5B	130	87	92	129.5	130.5	86.5	87.5
#5E5E5E	131	87	95	130.5	131.5	86.5	87.5
#5F5F5F	132	87	96	131.5	132.5	86.5	87.5
#535353	133	87	84	132.5	133.5	86.5	87.5
#515151	134	87	82	133.5	134.5	86.5	87.5
#555555	135	87	86	134.5	135.5	86.5	87.5
#5F5F5F	136	87	96	135.5	136.5	86.5	87.5
#606060	137	87	97	136.5	137.5	86.5	87.5
#5E5E5E	138	87	95	137.5	138.5	86.5	87.5
#5B5B5B	139	87	92	138.5	139.5	86.5	87.5
#666666	0	86	103	-0.5	0.5	85.5	86.5
#7E7E7E	1	86	127	0.5	1.5	85.5	86.5
#7C7C7C	2	86	125	1.5	2.5	85.5	86.5
#808080	3	86	129	2.5	3.5	85.5	86.5
#848484	4	86	133	3.5	4.5	85.5	86.5
#878787	5	86	136	4.5	5.5	85.5	86.5
#868686	6	86	135	5.5	6.5	85.5	86.5
#858585	7	86	134	6.5	7.5	85.5	86.5
#838383	8	86	132	7.5	8.5	85.5	86.5
#7E7E7E	9	86	127	8.5	9.5	85.5	86.5
#7B7B7B	10	86	124	9.5	10.5	85.5	86.5
#7C7C7C	11	86	125	10.5	11.5	85.5	86.5
#7D7D7D	12	86	126	11.5	12.5	85.5	86.5
#808080	13	86	129	12.5	13.5	85.5	86.5
#7F7F7F	14	86	128	13.5	14.5	85.5	86.5
#7F7F7F	15	86	128	14.5	15.5	85.5	86.5
#7E7E7E	16	86	127	15.5	16.5	85.5	86.5
#7F7F7F	17	86	128	16.5	17.5	85.5	86.5
#7F7F7F	18	86	128	17.5	18.5	85.5	86.5
#7C7C7C	19	86	125	18.5	19.5	85.5	86.5
#7B7B7B	20	86	124	19.5	20.5	85.5	86.5
#808080	21	86	129	20.5	21.5	85.5	86.5
#858585	22	86	134	21.5	22.5	85.5	86.5
#838383	23	86	132	22.5	23.5	85.5	86.5
#808080	24	86	129	23.5	24.5	85.5	86.5
#808080	25	86	129	24.5	25.5	85.5	86.5
#7E7E7E	26	86	127	25.5	26.5	85.5	86.5
#7C7C7C	27	86	125	26.5	27.5	85.5	86.5
#797979	28	86	122	27.5	28.5	85.5	86.5
#757575	29	86	118	28.5	29.5	85.5	86.5
#767676	30	86	119	29.5	30.5	85.5	86.5
#797979	31	86	122	30.5	31.5	85.5	86.5
#787878	32	86	121	31.5	32.5	85.5	86.5
#7C7C7C	33	86	125	32.5	33.5	85.5	86.5
#7D7D7D	34	86	126	33.5	34.5	85.5	86.5
#7C7C7C	35	86	125	34.5	35.5	85.5	86.5
#707070	36	86	113	35.5	36.5	85.5	86.5
#5B5B5B	37	86	92	36.5	37.5	85.5	86.5
#5A5A5A	38	86	91	37.5	38.5	85.5	86.5
#5F5F5F	39	86	96	38.5	39.5	85.5	86.5
#636363	40	86	100	39.5	40.5	85.5	86.5
#656565	41	86	102	40.5	41.5	85.5	86.5
#5D5D5D	42	86	94	41.5	42.5	85.5	86.5
#5C5C5C	43	86	93	42.5	43.5	85.5	86.5
#606060	44	86	97	43.5	44.5	85.5	86.5
#646464	45	86	101	44.5	45.5	85.5	86.5
#606060	46	86	97	45.5	46.5	85.5	86.5
#555555	47	86	86	46.5	47.5	85.5	86.5
#535353	48	86	84	47.5	48.5	85.5	86.5
#4D4D4D	49	86	78	48.5	49.5	85.5	86.5
#4B4B4B	50	86	76	49.5	50.5	85.5	86.5
#4F4F4F	51	86	80	50.5	51.5	85.5	86.5
#4B4B4B	52	86	76	51.5	52.5	85.5	86.5
#3F3F3F	53	86	64	52.5	53.5	85.5	86.5
#414141	54	86	66	53.5	54.5	85.5	86.5
#424242	55	86	67	54.5	55.5	85.5	86.5
#484848	56	86	73	55.5	56.5	85.5	86.5
#505050	57	86	81	56.5	57.5	85.5	86.5
#535353	58	86	84	57.5	58.5	85.5	86.5
#595959	59	86	90	58.5	59.5	85.5	86.5
#5C5C5C	60	86	93	59.5	60.5	85.5	86.5
#5B5B5B	61	86	92	60.5	61.5	85.5	86.5
#5C5C5C	62	86	93	61.5	62.5	85.5	86.5
#5A5A5A	63	86	91	62.5	63.5	85.5	86.5
#585858	64	86	89	63.5	64.5	85.5	86.5
#5D5D5D	65	86	94	64.5	65.5	85.5	86.5
#646464	66	86	101	65.5	66.5	85.5	86.5
#6D6D6D	67	86	110	66.5	67.5	85.5	86.5
#747474	68	86	117	67.5	68.5	85.5	86.5
#7A7A7A	69	86	123	68.5	69.5	85.5	86.5
#7E7E7E	70	86	127	69.5	70.5	85.5	86.5
#7E7E7E	71	86	127	70.5	71.5	85.5	86.5
#828282	72	86	131	71.5	72.5	85.5	86.5
#808080	73	86	129	72.5	73.5	85.5	86.5
#7E7E7E	74	86	127	73.5	74.5	85.5	86.5
#7C7C7C	75	86	125	74.5	75.5	85.5	86.5
#7C7C7C	76	86	125	75.5	76.5	85.5	86.5
#797979	77	86	122	76.5	77.5	85.5	86.5
#767676	78	86	119	77.5	78.5	85.5	86.5
#757575	79	86	118	78.5	79.5	85.5	86.5
#757575	80	86	118	79.5	80.5	85.5	86.5
#727272	81	86	115	80.5	81.5	85.5	86.5
#676767	82	86	104	81.5	82.5	85.5	86.5
#616161	83	86	98	82.5	83.5	85.5	86.5
#616161	84	86	98	83.5	84.5	85.5	86.5
#5F5F5F	85	86	96	84.5	85.5	85.5	86.5
#626262	86	86	99	85.5	86.5	85.5	86.5
#646464	87	86	101	86.5	87.5	85.5	86.5
#646464	88	86	101	87.5	88.5	85.5	86.5
#636363	89	86	100	88.5	89.5	85.5	86.5
#5F5F5F	90	86	96	89.5	90.5	85.5	86.5
#5B5B5B	91	86	92	90.5	91.5	85.5	86.5
#565656	92	86	87	91.5	92.5	85.5	86.5
#555555	93	86	86	92.5	93.5	85.5	86.5
#515151	94	86	82	93.5	94.5	85.5	86.5
#4E4E4E	95	86	79	94.5	95.5	85.5	86.5
#4D4D4D	96	86	78	95.5	96.5	85.5	86.5
#484848	97	86	73	96.5	97.5	85.5	86.5
#434343	98	86	68	97.5	98.5	85.5	86.5
#444444	99	86	69	98.5	99.5	85.5	86.5
#484848	100	86	73	99.5	100.5	85.5	86.5
#464646	101	86	71	100.5	101.5	85.5	86.5
#414141	102	86	66	101.5	102.5	85.5	86.5
#444444	103	86	69	102.5	103.5	85.5	86.5
#4C4C4C	104	86	77	103.5	104.5	85.5	86.5
#505050	105	86	81	104.5	105.5	85.5	86.5
#5A5A5A	106	86	91	105.5	106.5	85.5	86.5
#606060	107	86	97	106.5	107.5	85.5	86.5
#636363	108	86	100	107.5	108.5	85.5	86.5
#646464	109	86	101	108.5	109.5	85.5	86.5
#686868	110	86	105	109.5	110.5	85.5	86.5
#686868	111	86	105	110.5	111.5	85.5	86.5
#626262	112	86	99	111.5	112.5	85.5	86.5
#616161	113	86	98	112.5	113.5	85.5	86.5
#5F5F5F	114	86	96	113.5	114.5	85.5	86.5
#5D5D5D	115	86	94	114.5	115.5	85.5	86.5
#5D5D5D	116	86	94	115.5	116.5	85.5	86.5
#5D5D5D	117	86	94	116.5	117.5	85.5	86.5
#5D5D5D	118	86	94	117.5	118.5	85.5	86.5
#5F5F5F	119	86	96	118.5	119.5	85.5	86.5
#656565	120	86	102	119.5	120.5	85.5	86.5
#6C6C6C	121	86	109	120.5	121.5	85.5	86.5
#717171	122	86	114	121.5	122.5	85.5	86.5
#707070	123	86	113	122.5	123.5	85.5	86.5
#6E6E6E	124	86	111	123.5	124.5	85.5	86.5
#6A6A6A	125	86	107	124.5	125.5	85.5	86.5
#6B6B6B	126	86	108	125.5	126.5	85.5	86.5
#6C6C6C	127	86	109	126.5	127.5	85.5	86.5
#656565	128	86	102	127.5	128.5	85.5	86.5
#606060	129	86	97	128.5	129.5	85.5	86.5
#606060	130	86	97	129.5	130.5	85.5	86.5
#616161	131	86	98	130.5	131.5	85.5	86.5
#646464	132	86	101	131.5	132.5	85.5	86.5
#575757	133	86	88	132.5	133.5	85.5	86.5
#585858	134	86	89	133.5	134.5	85.5	86.5
#636363	135	86	100	134.5	135.5	85.5	86.5
#626262	136	86	99	135.5	136.5	85.5	86.5
#5E5E5E	137	86	95	136.5	137.5	85.5	86.5
#5C5C5C	138	86	93	137.5	138.5	85.5	86.5
#5B5B5B	139	86	92	138.5	139.5	85.5	86.5
#616161	0	85	98	-0.5	0.5	84.5	85.5
#7F7F7F	1	85	128	0.5	1.5	84.5	85.5
#7F7F7F	2	85	128	1.5	2.5	84.5	85.5
#828282	3	85	131	2.5	3.5	84.5	85.5
#858585	4	85	134	3.5	4.5	84.5	85.5
#868686	5	85	135	4.5	5.5	84.5	85.5
#868686	6	85	135	5.5	6.5	84.5	85.5
#848484	7	85	133	6.5	7.5	84.5	85.5
#838383	8	85	132	7.5	8.5	84.5	85.5
#818181	9	85	130	8.5	9.5	84.5	85.5
#7E7E7E	10	85	127	9.5	10.5	84.5	85.5
#7E7E7E	11	85	127	10.5	11.5	84.5	85.5
#818181	12	85	130	11.5	12.5	84.5	85.5
#818181	13	85	130	12.5	13.5	84.5	85.5
#818181	14	85	130	13.5	14.5	84.5	85.5
#808080	15	85	129	14.5	15.5	84.5	85.5
#7F7F7F	16	85	128	15.5	16.5	84.5	85.5
#7F7F7F	17	85	128	16.5	17.5	84.5	85.5
#7F7F7F	18	85	128	17.5	18.5	84.5	85.5
#7E7E7E	19	85	127	18.5	19.5	84.5	85.5
#7B7B7B	20	85	124	19.5	20.5	84.5	85.5
#7E7E7E	21	85	127	20.5	21.5	84.5	85.5
#858585	22	85	134	21.5	22.5	84.5	85.5
#838383	23	85	132	22.5	23.5	84.5	85.5
#818181	24	85	130	23.5	24.5	84.5	85.5
#7F7F7F	25	85	128	24.5	25.5	84.5	85.5
#7E7E7E	26	85	127	25.5	26.5	84.5	85.5
#7B7B7B	27	85	124	26.5	27.5	84.5	85.5
#787878	28	85	121	27.5	28.5	84.5	85.5
#767676	29	85	119	28.5	29.5	84.5	85.5
#777777	30	85	120	29.5	30.5	84.5	85.5
#7A7A7A	31	85	123	30.5	31.5	84.5	85.5
#797979	32	85	122	31.5	32.5	84.5	85.5
#7D7D7D	33	85	126	32.5	33.5	84.5	85.5
#7C7C7C	34	85	125	33.5	34.5	84.5	85.5
#787878	35	85	121	34.5	35.5	84.5	85.5
#696969	36	85	106	35.5	36.5	84.5	85.5
#616161	37	85	98	36.5	37.5	84.5	85.5
#626262	38	85	99	37.5	38.5	84.5	85.5
#636363	39	85	100	38.5	39.5	84.5	85.5
#666666	40	85	103	39.5	40.5	84.5	85.5
#636363	41	85	100	40.5	41.5	84.5	85.5
#5D5D5D	42	85	94	41.5	42.5	84.5	85.5
#5F5F5F	43	85	96	42.5	43.5	84.5	85.5
#636363	44	85	100	43.5	44.5	84.5	85.5
#656565	45	85	102	44.5	45.5	84.5	85.5
#5E5E5E	46	85	95	45.5	46.5	84.5	85.5
#585858	47	85	89	46.5	47.5	84.5	85.5
#555555	48	85	86	47.5	48.5	84.5	85.5
#505050	49	85	81	48.5	49.5	84.5	85.5
#474747	50	85	72	49.5	50.5	84.5	85.5
#494949	51	85	74	50.5	51.5	84.5	85.5
#4D4D4D	52	85	78	51.5	52.5	84.5	85.5
#484848	53	85	73	52.5	53.5	84.5	85.5
#484848	54	85	73	53.5	54.5	84.5	85.5
#4F4F4F	55	85	80	54.5	55.5	84.5	85.5
#505050	56	85	81	55.5	56.5	84.5	85.5
#555555	57	85	86	56.5	57.5	84.5	85.5
#5A5A5A	58	85	91	57.5	58.5	84.5	85.5
#606060	59	85	97	58.5	59.5	84.5	85.5
#626262	60	85	99	59.5	60.5	84.5	85.5
#5E5E5E	61	85	95	60.5	61.5	84.5	85.5
#595959	62	85	90	61.5	62.5	84.5	85.5
#565656	63	85	87	62.5	63.5	84.5	85.5
#565656	64	85	87	63.5	64.5	84.5	85.5
#5A5A5A	65	85	91	64.5	65.5	84.5	85.5
#5C5C5C	66	85	93	65.5	66.5	84.5	85.5
#6E6E6E	67	85	111	66.5	67.5	84.5	85.5
#787878	68	85	121	67.5	68.5	84.5	85.5
#7D7D7D	69	85	126	68.5	69.5	84.5	85.5
#7F7F7F	70	85	128	69.5	70.5	84.5	85.5
#808080	71	85	129	70.5	71.5	84.5	85.5
#828282	72	85	131	71.5	72.5	84.5	85.5
#808080	73	85	129	72.5	73.5	84.5	85.5
#7E7E7E	74	85	127	73.5	74.5	84.5	85.5
#7D7D7D	75	85	126	74.5	75.5	84.5	85.5
#7C7C7C	76	85	125	75.5	76.5	84.5	85.5
#767676	77	85	119	76.5	77.5	84.5	85.5
#757575	78	85	118	77.5	78.5	84.5	85.5
#757575	79	85	118	78.5	79.5	84.5	85.5
#777777	80	85	120	79.5	80.5	84.5	85.5
#737373	81	85	116	80.5	81.5	84.5	85.5
#6B6B6B	82	85	108	81.5	82.5	84.5	85.5
#676767	83	85	104	82.5	83.5	84.5	85.5
#5A5A5A	84	85	91	83.5	84.5	84.5	85.5
#5A5A5A	85	85	91	84.5	85.5	84.5	85.5
#5C5C5C	86	85	93	85.5	86.5	84.5	85.5
#5E5E5E	87	85	95	86.5	87.5	84.5	85.5
#616161	88	85	98	87.5	88.5	84.5	85.5
#5B5B5B	89	85	92	88.5	89.5	84.5	85.5
#4F4F4F	90	85	80	89.5	90.5	84.5	85.5
#515151	91	85	82	90.5	91.5	84.5	85.5
#555555	92	85	86	91.5	92.5	84.5	85.5
#505050	93	85	81	92.5	93.5	84.5	85.5
#4B4B4B	94	85	76	93.5	94.5	84.5	85.5
#494949	95	85	74	94.5	95.5	84.5	85.5
#484848	96	85	73	95.5	96.5	84.5	85.5
#404040	97	85	65	96.5	97.5	84.5	85.5
#404040	98	85	65	97.5	98.5	84.5	85.5
#474747	99	85	72	98.5	99.5	84.5	85.5
#4E4E4E	100	85	79	99.5	100.5	84.5	85.5
#4C4C4C	101	85	77	100.5	101.5	84.5	85.5
#444444	102	85	69	101.5	102.5	84.5	85.5
#3E3E3E	103	85	63	102.5	103.5	84.5	85.5
#434343	104	85	68	103.5	104.5	84.5	85.5
#4C4C4C	105	85	77	104.5	105.5	84.5	85.5
#525252	106	85	83	105.5	106.5	84.5	85.5
#616161	107	85	98	106.5	107.5	84.5	85.5
#676767	108	85	104	107.5	108.5	84.5	85.5
#6A6A6A	109	85	107	108.5	109.5	84.5	85.5
#696969	110	85	106	109.5	110.5	84.5	85.5
#6B6B6B	111	85	108	110.5	111.5	84.5	85.5
#646464	112	85	101	111.5	112.5	84.5	85.5
#5E5E5E	113	85	95	112.5	113.5	84.5	85.5
#595959	114	85	90	113.5	114.5	84.5	85.5
#595959	115	85	90	114.5	115.5	84.5	85.5
#595959	116	85	90	115.5	116.5	84.5	85.5
#5B5B5B	117	85	92	116.5	117.5	84.5	85.5
#5B5B5B	118	85	92	117.5	118.5	84.5	85.5
#5B5B5B	119	85	92	118.5	119.5	84.5	85.5
#5C5C5C	120	85	93	119.5	120.5	84.5	85.5
#606060	121	85	97	120.5	121.5	84.5	85.5
#696969	122	85	106	121.5	122.5	84.5	85.5
#707070	123	85	113	122.5	123.5	84.5	85.5
#707070	124	85	113	123.5	124.5	84.5	85.5
#717171	125	85	114	124.5	125.5	84.5	85.5
#707070	126	85	113	125.5	126.5	84.5	85.5
#6A6A6A	127	85	107	126.5	127.5	84.5	85.5
#616161	128	85	98	127.5	128.5	84.5	85.5
#5F5F5F	129	85	96	128.5	129.5	84.5	85.5
#636363	130	85	100	129.5	130.5	84.5	85.5
#666666	131	85	103	130.5	131.5	84.5	85.5
#636363	132	85	100	131.5	132.5	84.5	85.5
#5F5F5F	133	85	96	132.5	133.5	84.5	85.5
#636363	134	85	100	133.5	134.5	84.5	85.5
#626262	135	85	99	134.5	135.5	84.5	85.5
#5E5E5E	136	85	95	135.5	136.5	84.5	85.5
#5C5C5C	137	85	93	136.5	137.5	84.5	85.5
#5C5C5C	138	85	93	137.5	138.5	84.5	85.5
#5C5C5C	139	85	93	138.5	139.5	84.5	85.5
#616161	0	84	98	-0.5	0.5	83.5	84.5
#818181	1	84	130	0.5	1.5	83.5	84.5
#818181	2	84	130	1.5	2.5	83.5	84.5
#838383	3	84	132	2.5	3.5	83.5	84.5
#858585	4	84	134	3.5	4.5	83.5	84.5
#868686	5	84	135	4.5	5.5	83.5	84.5
#868686	6	84	135	5.5	6.5	83.5	84.5
#848484	7	84	133	6.5	7.5	83.5	84.5
#848484	8	84	133	7.5	8.5	83.5	84.5
#828282	9	84	131	8.5	9.5	83.5	84.5
#828282	10	84	131	9.5	10.5	83.5	84.5
#828282	11	84	131	10.5	11.5	83.5	84.5
#848484	12	84	133	11.5	12.5	83.5	84.5
#838383	13	84	132	12.5	13.5	83.5	84.5
#828282	14	84	131	13.5	14.5	83.5	84.5
#818181	15	84	130	14.5	15.5	83.5	84.5
#818181	16	84	130	15.5	16.5	83.5	84.5
#808080	17	84	129	16.5	17.5	83.5	84.5
#808080	18	84	129	17.5	18.5	83.5	84.5
#7E7E7E	19	84	127	18.5	19.5	83.5	84.5
#7D7D7D	20	84	126	19.5	20.5	83.5	84.5
#7E7E7E	21	84	127	20.5	21.5	83.5	84.5
#828282	22	84	131	21.5	22.5	83.5	84.5
#838383	23	84	132	22.5	23.5	83.5	84.5
#818181	24	84	130	23.5	24.5	83.5	84.5
#808080	25	84	129	24.5	25.5	83.5	84.5
#7E7E7E	26	84	127	25.5	26.5	83.5	84.5
#7A7A7A	27	84	123	26.5	27.5	83.5	84.5
#787878	28	84	121	27.5	28.5	83.5	84.5
#787878	29	84	121	28.5	29.5	83.5	84.5
#797979	30	84	122	29.5	30.5	83.5	84.5
#7A7A7A	31	84	123	30.5	31.5	83.5	84.5
#7B7B7B	32	84	124	31.5	32.5	83.5	84.5
#7C7C7C	33	84	125	32.5	33.5	83.5	84.5
#7C7C7C	34	84	125	33.5	34.5	83.5	84.5
#737373	35	84	116	34.5	35.5	83.5	84.5
#6B6B6B	36	84	108	35.5	36.5	83.5	84.5
#666666	37	84	103	36.5	37.5	83.5	84.5
#616161	38	84	98	37.5	38.5	83.5	84.5
#616161	39	84	98	38.5	39.5	83.5	84.5
#676767	40	84	104	39.5	40.5	83.5	84.5
#636363	41	84	100	40.5	41.5	83.5	84.5
#646464	42	84	101	41.5	42.5	83.5	84.5
#646464	43	84	101	42.5	43.5	83.5	84.5
#646464	44	84	101	43.5	44.5	83.5	84.5
#5E5E5E	45	84	95	44.5	45.5	83.5	84.5
#5A5A5A	46	84	91	45.5	46.5	83.5	84.5
#545454	47	84	85	46.5	47.5	83.5	84.5
#535353	48	84	84	47.5	48.5	83.5	84.5
#4E4E4E	49	84	79	48.5	49.5	83.5	84.5
#474747	50	84	72	49.5	50.5	83.5	84.5
#474747	51	84	72	50.5	51.5	83.5	84.5
#4B4B4B	52	84	76	51.5	52.5	83.5	84.5
#4A4A4A	53	84	75	52.5	53.5	83.5	84.5
#464646	54	84	71	53.5	54.5	83.5	84.5
#505050	55	84	81	54.5	55.5	83.5	84.5
#515151	56	84	82	55.5	56.5	83.5	84.5
#505050	57	84	81	56.5	57.5	83.5	84.5
#5C5C5C	58	84	93	57.5	58.5	83.5	84.5
#696969	59	84	106	58.5	59.5	83.5	84.5
#717171	60	84	114	59.5	60.5	83.5	84.5
#6E6E6E	61	84	111	60.5	61.5	83.5	84.5
#636363	62	84	100	61.5	62.5	83.5	84.5
#5F5F5F	63	84	96	62.5	63.5	83.5	84.5
#5F5F5F	64	84	96	63.5	64.5	83.5	84.5
#5D5D5D	65	84	94	64.5	65.5	83.5	84.5
#606060	66	84	97	65.5	66.5	83.5	84.5
#747474	67	84	117	66.5	67.5	83.5	84.5
#7B7B7B	68	84	124	67.5	68.5	83.5	84.5
#7D7D7D	69	84	126	68.5	69.5	83.5	84.5
#7E7E7E	70	84	127	69.5	70.5	83.5	84.5
#808080	71	84	129	70.5	71.5	83.5	84.5
#828282	72	84	131	71.5	72.5	83.5	84.5
#7F7F7F	73	84	128	72.5	73.5	83.5	84.5
#7C7C7C	74	84	125	73.5	74.5	83.5	84.5
#7B7B7B	75	84	124	74.5	75.5	83.5	84.5
#7D7D7D	76	84	126	75.5	76.5	83.5	84.5
#787878	77	84	121	76.5	77.5	83.5	84.5
#777777	78	84	120	77.5	78.5	83.5	84.5
#767676	79	84	119	78.5	79.5	83.5	84.5
#777777	80	84	120	79.5	80.5	83.5	84.5
#737373	81	84	116	80.5	81.5	83.5	84.5
#6E6E6E	82	84	111	81.5	82.5	83.5	84.5
#686868	83	84	105	82.5	83.5	83.5	84.5
#5C5C5C	84	84	93	83.5	84.5	83.5	84.5
#505050	85	84	81	84.5	85.5	83.5	84.5
#4E4E4E	86	84	79	85.5	86.5	83.5	84.5
#525252	87	84	83	86.5	87.5	83.5	84.5
#525252	88	84	83	87.5	88.5	83.5	84.5
#474747	89	84	72	88.5	89.5	83.5	84.5
#3F3F3F	90	84	64	89.5	90.5	83.5	84.5
#404040	91	84	65	90.5	91.5	83.5	84.5
#474747	92	84	72	91.5	92.5	83.5	84.5
#414141	93	84	66	92.5	93.5	83.5	84.5
#404040	94	84	65	93.5	94.5	83.5	84.5
#3E3E3E	95	84	63	94.5	95.5	83.5	84.5
#404040	96	84	65	95.5	96.5	83.5	84.5
#404040	97	84	65	96.5	97.5	83.5	84.5
#414141	98	84	66	97.5	98.5	83.5	84.5
#4C4C4C	99	84	77	98.5	99.5	83.5	84.5
#4E4E4E	100	84	79	99.5	100.5	83.5	84.5
#4A4A4A	101	84	75	100.5	101.5	83.5	84.5
#4B4B4B	102	84	76	101.5	102.5	83.5	84.5
#474747	103	84	72	102.5	103.5	83.5	84.5
#454545	104	84	70	103.5	104.5	83.5	84.5
#494949	105	84	74	104.5	105.5	83.5	84.5
#4B4B4B	106	84	76	105.5	106.5	83.5	84.5
#545454	107	84	85	106.5	107.5	83.5	84.5
#646464	108	84	101	107.5	108.5	83.5	84.5
#676767	109	84	104	108.5	109.5	83.5	84.5
#686868	110	84	105	109.5	110.5	83.5	84.5
#676767	111	84	104	110.5	111.5	83.5	84.5
#646464	112	84	101	111.5	112.5	83.5	84.5
#5E5E5E	113	84	95	112.5	113.5	83.5	84.5
#5B5B5B	114	84	92	113.5	114.5	83.5	84.5
#5A5A5A	115	84	91	114.5	115.5	83.5	84.5
#5A5A5A	116	84	91	115.5	116.5	83.5	84.5
#5A5A5A	117	84	91	116.5	117.5	83.5	84.5
#5B5B5B	118	84	92	117.5	118.5	83.5	84.5
#5B5B5B	119	84	92	118.5	119.5	83.5	84.5
#5C5C5C	120	84	93	119.5	120.5	83.5	84.5
#5D5D5D	121	84	94	120.5	121.5	83.5	84.5
#606060	122	84	97	121.5	122.5	83.5	84.5
#696969	123	84	106	122.5	123.5	83.5	84.5
#6D6D6D	124	84	110	123.5	124.5	83.5	84.5
#6D6D6D	125	84	110	124.5	125.5	83.5	84.5
#707070	126	84	113	125.5	126.5	83.5	84.5
#676767	127	84	104	126.5	127.5	83.5	84.5
#606060	128	84	97	127.5	128.5	83.5	84.5
#616161	129	84	98	128.5	129.5	83.5	84.5
#676767	130	84	104	129.5	130.5	83.5	84.5
#676767	131	84	104	130.5	131.5	83.5	84.5
#606060	132	84	97	131.5	132.5	83.5	84.5
#666666	133	84	103	132.5	133.5	83.5	84.5
#646464	134	84	101	133.5	134.5	83.5	84.5
#5F5F5F	135	84	96	134.5	135.5	83.5	84.5
#5E5E5E	136	84	95	135.5	136.5	83.5	84.5
#5D5D5D	137	84	94	136.5	137.5	83.5	84.5
#5D5D5D	138	84	94	137.5	138.5	83.5	84.5
#5D5D5D	139	84	94	138.5	139.5	83.5	84.5
#636363	0	83	100	-0.5	0.5	82.5	83.5
#838383	1	83	132	0.5	1.5	82.5	83.5
#818181	2	83	130	1.5	2.5	82.5	83.5
#848484	3	83	133	2.5	3.5	82.5	83.5
#878787	4	83	136	3.5	4.5	82.5	83.5
#868686	5	83	135	4.5	5.5	82.5	83.5
#858585	6	83	134	5.5	6.5	82.5	83.5
#868686	7	83	135	6.5	7.5	82.5	83.5
#858585	8	83	134	7.5	8.5	82.5	83.5
#848484	9	83	133	8.5	9.5	82.5	83.5
#848484	10	83	133	9.5	10.5	82.5	83.5
#848484	11	83	133	10.5	11.5	82.5	83.5
#848484	12	83	133	11.5	12.5	82.5	83.5
#838383	13	83	132	12.5	13.5	82.5	83.5
#828282	14	83	131	13.5	14.5	82.5	83.5
#828282	15	83	131	14.5	15.5	82.5	83.5
#828282	16	83	131	15.5	16.5	82.5	83.5
#828282	17	83	131	16.5	17.5	82.5	83.5
#828282	18	83	131	17.5	18.5	82.5	83.5
#808080	19	83	129	18.5	19.5	82.5	83.5
#7F7F7F	20	83	128	19.5	20.5	82.5	83.5
#7D7D7D	21	83	126	20.5	21.5	82.5	83.5
#808080	22	83	129	21.5	22.5	82.5	83.5
#838383	23	83	132	22.5	23.5	82.5	83.5
#838383	24	83	132	23.5	24.5	82.5	83.5
#828282	25	83	131	24.5	25.5	82.5	83.5
#7F7F7F	26	83	128	25.5	26.5	82.5	83.5
#7C7C7C	27	83	125	26.5	27.5	82.5	83.5
#7B7B7B	28	83	124	27.5	28.5	82.5	83.5
#7B7B7B	29	83	124	28.5	29.5	82.5	83.5
#7B7B7B	30	83	124	29.5	30.5	82.5	83.5
#7C7C7C	31	83	125	30.5	31.5	82.5	83.5
#7B7B7B	32	83	124	31.5	32.5	82.5	83.5
#7E7E7E	33	83	127	32.5	33.5	82.5	83.5
#7B7B7B	34	83	124	33.5	34.5	82.5	83.5
#737373	35	83	116	34.5	35.5	82.5	83.5
#6C6C6C	36	83	109	35.5	36.5	82.5	83.5
#656565	37	83	102	36.5	37.5	82.5	83.5
#606060	38	83	97	37.5	38.5	82.5	83.5
#656565	39	83	102	38.5	39.5	82.5	83.5
#646464	40	83	101	39.5	40.5	82.5	83.5
#5D5D5D	41	83	94	40.5	41.5	82.5	83.5
#5D5D5D	42	83	94	41.5	42.5	82.5	83.5
#606060	43	83	97	42.5	43.5	82.5	83.5
#5E5E5E	44	83	95	43.5	44.5	82.5	83.5
#5B5B5B	45	83	92	44.5	45.5	82.5	83.5
#535353	46	83	84	45.5	46.5	82.5	83.5
#4F4F4F	47	83	80	46.5	47.5	82.5	83.5
#515151	48	83	82	47.5	48.5	82.5	83.5
#4B4B4B	49	83	76	48.5	49.5	82.5	83.5
#464646	50	83	71	49.5	50.5	82.5	83.5
#434343	51	83	68	50.5	51.5	82.5	83.5
#464646	52	83	71	51.5	52.5	82.5	83.5
#4F4F4F	53	83	80	52.5	53.5	82.5	83.5
#4C4C4C	54	83	77	53.5	54.5	82.5	83.5
#4C4C4C	55	83	77	54.5	55.5	82.5	83.5
#4F4F4F	56	83	80	55.5	56.5	82.5	83.5
#545454	57	83	85	56.5	57.5	82.5	83.5
#5A5A5A	58	83	91	57.5	58.5	82.5	83.5
#666666	59	83	103	58.5	59.5	82.5	83.5
#717171	60	83	114	59.5	60.5	82.5	83.5
#707070	61	83	113	60.5	61.5	82.5	83.5
#6C6C6C	62	83	109	61.5	62.5	82.5	83.5
#696969	63	83	106	62.5	63.5	82.5	83.5
#696969	64	83	106	63.5	64.5	82.5	83.5
#666666	65	83	103	64.5	65.5	82.5	83.5
#696969	66	83	106	65.5	66.5	82.5	83.5
#797979	67	83	122	66.5	67.5	82.5	83.5
#7D7D7D	68	83	126	67.5	68.5	82.5	83.5
#7B7B7B	69	83	124	68.5	69.5	82.5	83.5
#7D7D7D	70	83	126	69.5	70.5	82.5	83.5
#808080	71	83	129	70.5	71.5	82.5	83.5
#828282	72	83	131	71.5	72.5	82.5	83.5
#808080	73	83	129	72.5	73.5	82.5	83.5
#7D7D7D	74	83	126	73.5	74.5	82.5	83.5
#7C7C7C	75	83	125	74.5	75.5	82.5	83.5
#7B7B7B	76	83	124	75.5	76.5	82.5	83.5
#797979	77	83	122	76.5	77.5	82.5	83.5
#757575	78	83	118	77.5	78.5	82.5	83.5
#737373	79	83	116	78.5	79.5	82.5	83.5
#747474	80	83	117	79.5	80.5	82.5	83.5
#6F6F6F	81	83	112	80.5	81.5	82.5	83.5
#696969	82	83	106	81.5	82.5	82.5	83.5
#686868	83	83	105	82.5	83.5	82.5	83.5
#646464	84	83	101	83.5	84.5	82.5	83.5
#555555	85	83	86	84.5	85.5	82.5	83.5
#4A4A4A	86	83	75	85.5	86.5	82.5	83.5
#515151	87	83	82	86.5	87.5	82.5	83.5
#494949	88	83	74	87.5	88.5	82.5	83.5
#3E3E3E	89	83	63	88.5	89.5	82.5	83.5
#3B3B3B	90	83	60	89.5	90.5	82.5	83.5
#3E3E3E	91	83	63	90.5	91.5	82.5	83.5
#424242	92	83	67	91.5	92.5	82.5	83.5
#3B3B3B	93	83	60	92.5	93.5	82.5	83.5
#3A3A3A	94	83	59	93.5	94.5	82.5	83.5
#343434	95	83	53	94.5	95.5	82.5	83.5
#373737	96	83	56	95.5	96.5	82.5	83.5
#404040	97	83	65	96.5	97.5	82.5	83.5
#464646	98	83	71	97.5	98.5	82.5	83.5
#545454	99	83	85	98.5	99.5	82.5	83.5
#4C4C4C	100	83	77	99.5	100.5	82.5	83.5
#4A4A4A	101	83	75	100.5	101.5	82.5	83.5
#4B4B4B	102	83	76	101.5	102.5	82.5	83.5
#4C4C4C	103	83	77	102.5	103.5	82.5	83.5
#505050	104	83	81	103.5	104.5	82.5	83.5
#4F4F4F	105	83	80	104.5	105.5	82.5	83.5
#4D4D4D	106	83	78	105.5	106.5	82.5	83.5
#505050	107	83	81	106.5	107.5	82.5	83.5
#5D5D5D	108	83	94	107.5	108.5	82.5	83.5
#676767	109	83	104	108.5	109.5	82.5	83.5
#686868	110	83	105	109.5	110.5	82.5	83.5
#696969	111	83	106	110.5	111.5	82.5	83.5
#676767	112	83	104	111.5	112.5	82.5	83.5
#606060	113	83	97	112.5	113.5	82.5	83.5
#5D5D5D	114	83	94	113.5	114.5	82.5	83.5
#5D5D5D	115	83	94	114.5	115.5	82.5	83.5
#5B5B5B	116	83	92	115.5	116.5	82.5	83.5
#5C5C5C	117	83	93	116.5	117.5	82.5	83.5
#5C5C5C	118	83	93	117.5	118.5	82.5	83.5
#5B5B5B	119	83	92	118.5	119.5	82.5	83.5
#5C5C5C	120	83	93	119.5	120.5	82.5	83.5
#5E5E5E	121	83	95	120.5	121.5	82.5	83.5
#5F5F5F	122	83	96	121.5	122.5	82.5	83.5
#616161	123	83	98	122.5	123.5	82.5	83.5
#6A6A6A	124	83	107	123.5	124.5	82.5	83.5
#6B6B6B	125	83	108	124.5	125.5	82.5	83.5
#6B6B6B	126	83	108	125.5	126.5	82.5	83.5
#696969	127	83	106	126.5	127.5	82.5	83.5
#616161	128	83	98	127.5	128.5	82.5	83.5
#616161	129	83	98	128.5	129.5	82.5	83.5
#676767	130	83	104	129.5	130.5	82.5	83.5
#656565	131	83	102	130.5	131.5	82.5	83.5
#616161	132	83	98	131.5	132.5	82.5	83.5
#696969	133	83	106	132.5	133.5	82.5	83.5
#636363	134	83	100	133.5	134.5	82.5	83.5
#5F5F5F	135	83	96	134.5	135.5	82.5	83.5
#5F5F5F	136	83	96	135.5	136.5	82.5	83.5
#5E5E5E	137	83	95	136.5	137.5	82.5	83.5
#5E5E5E	138	83	95	137.5	138.5	82.5	83.5
#5D5D5D	139	83	94	138.5	139.5	82.5	83.5
#646464	0	82	101	-0.5	0.5	81.5	82.5
#848484	1	82	133	0.5	1.5	81.5	82.5
#828282	2	82	131	1.5	2.5	81.5	82.5
#858585	3	82	134	2.5	3.5	81.5	82.5
#878787	4	82	136	3.5	4.5	81.5	82.5
#868686	5	82	135	4.5	5.5	81.5	82.5
#868686	6	82	135	5.5	6.5	81.5	82.5
#888888	7	82	137	6.5	7.5	81.5	82.5
#868686	8	82	135	7.5	8.5	81.5	82.5
#868686	9	82	135	8.5	9.5	81.5	82.5
#848484	10	82	133	9.5	10.5	81.5	82.5
#858585	11	82	134	10.5	11.5	81.5	82.5
#858585	12	82	134	11.5	12.5	81.5	82.5
#838383	13	82	132	12.5	13.5	81.5	82.5
#828282	14	82	131	13.5	14.5	81.5	82.5
#828282	15	82	131	14.5	15.5	81.5	82.5
#838383	16	82	132	15.5	16.5	81.5	82.5
#828282	17	82	131	16.5	17.5	81.5	82.5
#828282	18	82	131	17.5	18.5	81.5	82.5
#818181	19	82	130	18.5	19.5	81.5	82.5
#7E7E7E	20	82	127	19.5	20.5	81.5	82.5
#7B7B7B	21	82	124	20.5	21.5	81.5	82.5
#7E7E7E	22	82	127	21.5	22.5	81.5	82.5
#838383	23	82	132	22.5	23.5	81.5	82.5
#828282	24	82	131	23.5	24.5	81.5	82.5
#828282	25	82	131	24.5	25.5	81.5	82.5
#808080	26	82	129	25.5	26.5	81.5	82.5
#7D7D7D	27	82	126	26.5	27.5	81.5	82.5
#7B7B7B	28	82	124	27.5	28.5	81.5	82.5
#7B7B7B	29	82	124	28.5	29.5	81.5	82.5
#7A7A7A	30	82	123	29.5	30.5	81.5	82.5
#7D7D7D	31	82	126	30.5	31.5	81.5	82.5
#7C7C7C	32	82	125	31.5	32.5	81.5	82.5
#7F7F7F	33	82	128	32.5	33.5	81.5	82.5
#7B7B7B	34	82	124	33.5	34.5	81.5	82.5
#707070	35	82	113	34.5	35.5	81.5	82.5
#6B6B6B	36	82	108	35.5	36.5	81.5	82.5
#696969	37	82	106	36.5	37.5	81.5	82.5
#666666	38	82	103	37.5	38.5	81.5	82.5
#656565	39	82	102	38.5	39.5	81.5	82.5
#5C5C5C	40	82	93	39.5	40.5	81.5	82.5
#515151	41	82	82	40.5	41.5	81.5	82.5
#4B4B4B	42	82	76	41.5	42.5	81.5	82.5
#505050	43	82	81	42.5	43.5	81.5	82.5
#575757	44	82	88	43.5	44.5	81.5	82.5
#5A5A5A	45	82	91	44.5	45.5	81.5	82.5
#525252	46	82	83	45.5	46.5	81.5	82.5
#4C4C4C	47	82	77	46.5	47.5	81.5	82.5
#4F4F4F	48	82	80	47.5	48.5	81.5	82.5
#484848	49	82	73	48.5	49.5	81.5	82.5
#434343	50	82	68	49.5	50.5	81.5	82.5
#383838	51	82	57	50.5	51.5	81.5	82.5
#333333	52	82	52	51.5	52.5	81.5	82.5
#3C3C3C	53	82	61	52.5	53.5	81.5	82.5
#3E3E3E	54	82	63	53.5	54.5	81.5	82.5
#404040	55	82	65	54.5	55.5	81.5	82.5
#464646	56	82	71	55.5	56.5	81.5	82.5
#4D4D4D	57	82	78	56.5	57.5	81.5	82.5
#565656	58	82	87	57.5	58.5	81.5	82.5
#5F5F5F	59	82	96	58.5	59.5	81.5	82.5
#6B6B6B	60	82	108	59.5	60.5	81.5	82.5
#717171	61	82	114	60.5	61.5	81.5	82.5
#6D6D6D	62	82	110	61.5	62.5	81.5	82.5
#6A6A6A	63	82	107	62.5	63.5	81.5	82.5
#6C6C6C	64	82	109	63.5	64.5	81.5	82.5
#707070	65	82	113	64.5	65.5	81.5	82.5
#747474	66	82	117	65.5	66.5	81.5	82.5
#7E7E7E	67	82	127	66.5	67.5	81.5	82.5
#828282	68	82	131	67.5	68.5	81.5	82.5
#7E7E7E	69	82	127	68.5	69.5	81.5	82.5
#7F7F7F	70	82	128	69.5	70.5	81.5	82.5
#818181	71	82	130	70.5	71.5	81.5	82.5
#828282	72	82	131	71.5	72.5	81.5	82.5
#818181	73	82	130	72.5	73.5	81.5	82.5
#7D7D7D	74	82	126	73.5	74.5	81.5	82.5
#7C7C7C	75	82	125	74.5	75.5	81.5	82.5
#7A7A7A	76	82	123	75.5	76.5	81.5	82.5
#7A7A7A	77	82	123	76.5	77.5	81.5	82.5
#737373	78	82	116	77.5	78.5	81.5	82.5
#737373	79	82	116	78.5	79.5	81.5	82.5
#737373	80	82	116	79.5	80.5	81.5	82.5
#6C6C6C	81	82	109	80.5	81.5	81.5	82.5
#6B6B6B	82	82	108	81.5	82.5	81.5	82.5
#676767	83	82	104	82.5	83.5	81.5	82.5
#656565	84	82	102	83.5	84.5	81.5	82.5
#606060	85	82	97	84.5	85.5	81.5	82.5
#565656	86	82	87	85.5	86.5	81.5	82.5
#4F4F4F	87	82	80	86.5	87.5	81.5	82.5
#424242	88	82	67	87.5	88.5	81.5	82.5
#3B3B3B	89	82	60	88.5	89.5	81.5	82.5
#3A3A3A	90	82	59	89.5	90.5	81.5	82.5
#3D3D3D	91	82	62	90.5	91.5	81.5	82.5
#434343	92	82	68	91.5	92.5	81.5	82.5
#3E3E3E	93	82	63	92.5	93.5	81.5	82.5
#333333	94	82	52	93.5	94.5	81.5	82.5
#313131	95	82	50	94.5	95.5	81.5	82.5
#323232	96	82	51	95.5	96.5	81.5	82.5
#3A3A3A	97	82	59	96.5	97.5	81.5	82.5
#464646	98	82	71	97.5	98.5	81.5	82.5
#515151	99	82	82	98.5	99.5	81.5	82.5
#4D4D4D	100	82	78	99.5	100.5	81.5	82.5
#4A4A4A	101	82	75	100.5	101.5	81.5	82.5
#494949	102	82	74	101.5	102.5	81.5	82.5
#4E4E4E	103	82	79	102.5	103.5	81.5	82.5
#555555	104	82	86	103.5	104.5	81.5	82.5
#565656	105	82	87	104.5	105.5	81.5	82.5
#515151	106	82	82	105.5	106.5	81.5	82.5
#4F4F4F	107	82	80	106.5	107.5	81.5	82.5
#525252	108	82	83	107.5	108.5	81.5	82.5
#656565	109	82	102	108.5	109.5	81.5	82.5
#6A6A6A	110	82	107	109.5	110.5	81.5	82.5
#6C6C6C	111	82	109	110.5	111.5	81.5	82.5
#686868	112	82	105	111.5	112.5	81.5	82.5
#636363	113	82	100	112.5	113.5	81.5	82.5
#5E5E5E	114	82	95	113.5	114.5	81.5	82.5
#5E5E5E	115	82	95	114.5	115.5	81.5	82.5
#5E5E5E	116	82	95	115.5	116.5	81.5	82.5
#5D5D5D	117	82	94	116.5	117.5	81.5	82.5
#5C5C5C	118	82	93	117.5	118.5	81.5	82.5
#5B5B5B	119	82	92	118.5	119.5	81.5	82.5
#5B5B5B	120	82	92	119.5	120.5	81.5	82.5
#5E5E5E	121	82	95	120.5	121.5	81.5	82.5
#616161	122	82	98	121.5	122.5	81.5	82.5
#616161	123	82	98	122.5	123.5	81.5	82.5
#636363	124	82	100	123.5	124.5	81.5	82.5
#6A6A6A	125	82	107	124.5	125.5	81.5	82.5
#676767	126	82	104	125.5	126.5	81.5	82.5
#656565	127	82	102	126.5	127.5	81.5	82.5
#636363	128	82	100	127.5	128.5	81.5	82.5
#626262	129	82	99	128.5	129.5	81.5	82.5
#6A6A6A	130	82	107	129.5	130.5	81.5	82.5
#636363	131	82	100	130.5	131.5	81.5	82.5
#646464	132	82	101	131.5	132.5	81.5	82.5
#686868	133	82	105	132.5	133.5	81.5	82.5
#636363	134	82	100	133.5	134.5	81.5	82.5
#626262	135	82	99	134.5	135.5	81.5	82.5
#606060	136	82	97	135.5	136.5	81.5	82.5
#5E5E5E	137	82	95	136.5	137.5	81.5	82.5
#5F5F5F	138	82	96	137.5	138.5	81.5	82.5
#5D5D5D	139	82	94	138.5	139.5	81.5	82.5
#656565	0	81	102	-0.5	0.5	80.5	81.5
#858585	1	81	134	0.5	1.5	80.5	81.5
#858585	2	81	134	1.5	2.5	80.5	81.5
#858585	3	81	134	2.5	3.5	80.5	81.5
#858585	4	81	134	3.5	4.5	80.5	81.5
#878787	5	81	136	4.5	5.5	80.5	81.5
#888888	6	81	137	5.5	6.5	80.5	81.5
#888888	7	81	137	6.5	7.5	80.5	81.5
#878787	8	81	136	7.5	8.5	80.5	81.5
#868686	9	81	135	8.5	9.5	80.5	81.5
#858585	10	81	134	9.5	10.5	80.5	81.5
#858585	11	81	134	10.5	11.5	80.5	81.5
#858585	12	81	134	11.5	12.5	80.5	81.5
#838383	13	81	132	12.5	13.5	80.5	81.5
#828282	14	81	131	13.5	14.5	80.5	81.5
#838383	15	81	132	14.5	15.5	80.5	81.5
#838383	16	81	132	15.5	16.5	80.5	81.5
#848484	17	81	133	16.5	17.5	80.5	81.5
#828282	18	81	131	17.5	18.5	80.5	81.5
#7F7F7F	19	81	128	18.5	19.5	80.5	81.5
#7E7E7E	20	81	127	19.5	20.5	80.5	81.5
#7C7C7C	21	81	125	20.5	21.5	80.5	81.5
#7C7C7C	22	81	125	21.5	22.5	80.5	81.5
#818181	23	81	130	22.5	23.5	80.5	81.5
#838383	24	81	132	23.5	24.5	80.5	81.5
#828282	25	81	131	24.5	25.5	80.5	81.5
#818181	26	81	130	25.5	26.5	80.5	81.5
#7F7F7F	27	81	128	26.5	27.5	80.5	81.5
#7E7E7E	28	81	127	27.5	28.5	80.5	81.5
#7D7D7D	29	81	126	28.5	29.5	80.5	81.5
#7D7D7D	30	81	126	29.5	30.5	80.5	81.5
#7D7D7D	31	81	126	30.5	31.5	80.5	81.5
#7E7E7E	32	81	127	31.5	32.5	80.5	81.5
#7F7F7F	33	81	128	32.5	33.5	80.5	81.5
#777777	34	81	120	33.5	34.5	80.5	81.5
#6E6E6E	35	81	111	34.5	35.5	80.5	81.5
#6D6D6D	36	81	110	35.5	36.5	80.5	81.5
#6C6C6C	37	81	109	36.5	37.5	80.5	81.5
#656565	38	81	102	37.5	38.5	80.5	81.5
#5D5D5D	39	81	94	38.5	39.5	80.5	81.5
#565656	40	81	87	39.5	40.5	80.5	81.5
#4E4E4E	41	81	79	40.5	41.5	80.5	81.5
#454545	42	81	70	41.5	42.5	80.5	81.5
#474747	43	81	72	42.5	43.5	80.5	81.5
#4C4C4C	44	81	77	43.5	44.5	80.5	81.5
#515151	45	81	82	44.5	45.5	80.5	81.5
#4A4A4A	46	81	75	45.5	46.5	80.5	81.5
#444444	47	81	69	46.5	47.5	80.5	81.5
#424242	48	81	67	47.5	48.5	80.5	81.5
#434343	49	81	68	48.5	49.5	80.5	81.5
#444444	50	81	69	49.5	50.5	80.5	81.5
#393939	51	81	58	50.5	51.5	80.5	81.5
#363636	52	81	55	51.5	52.5	80.5	81.5
#3B3B3B	53	81	60	52.5	53.5	80.5	81.5
#363636	54	81	55	53.5	54.5	80.5	81.5
#323232	55	81	51	54.5	55.5	80.5	81.5
#353535	56	81	54	55.5	56.5	80.5	81.5
#393939	57	81	58	56.5	57.5	80.5	81.5
#464646	58	81	71	57.5	58.5	80.5	81.5
#575757	59	81	88	58.5	59.5	80.5	81.5
#666666	60	81	103	59.5	60.5	80.5	81.5
#717171	61	81	114	60.5	61.5	80.5	81.5
#707070	62	81	113	61.5	62.5	80.5	81.5
#6D6D6D	63	81	110	62.5	63.5	80.5	81.5
#707070	64	81	113	63.5	64.5	80.5	81.5
#767676	65	81	119	64.5	65.5	80.5	81.5
#777777	66	81	120	65.5	66.5	80.5	81.5
#7A7A7A	67	81	123	66.5	67.5	80.5	81.5
#828282	68	81	131	67.5	68.5	80.5	81.5
#818181	69	81	130	68.5	69.5	80.5	81.5
#7F7F7F	70	81	128	69.5	70.5	80.5	81.5
#828282	71	81	131	70.5	71.5	80.5	81.5
#828282	72	81	131	71.5	72.5	80.5	81.5
#808080	73	81	129	72.5	73.5	80.5	81.5
#7E7E7E	74	81	127	73.5	74.5	80.5	81.5
#7B7B7B	75	81	124	74.5	75.5	80.5	81.5
#7A7A7A	76	81	123	75.5	76.5	80.5	81.5
#787878	77	81	121	76.5	77.5	80.5	81.5
#757575	78	81	118	77.5	78.5	80.5	81.5
#767676	79	81	119	78.5	79.5	80.5	81.5
#707070	80	81	113	79.5	80.5	80.5	81.5
#6B6B6B	81	81	108	80.5	81.5	80.5	81.5
#6B6B6B	82	81	108	81.5	82.5	80.5	81.5
#686868	83	81	105	82.5	83.5	80.5	81.5
#646464	84	81	101	83.5	84.5	80.5	81.5
#646464	85	81	101	84.5	85.5	80.5	81.5
#616161	86	81	98	85.5	86.5	80.5	81.5
#454545	87	81	70	86.5	87.5	80.5	81.5
#3B3B3B	88	81	60	87.5	88.5	80.5	81.5
#383838	89	81	57	88.5	89.5	80.5	81.5
#3D3D3D	90	81	62	89.5	90.5	80.5	81.5
#3C3C3C	91	81	61	90.5	91.5	80.5	81.5
#474747	92	81	72	91.5	92.5	80.5	81.5
#3D3D3D	93	81	62	92.5	93.5	80.5	81.5
#2F2F2F	94	81	48	93.5	94.5	80.5	81.5
#313131	95	81	50	94.5	95.5	80.5	81.5
#343434	96	81	53	95.5	96.5	80.5	81.5
#363636	97	81	55	96.5	97.5	80.5	81.5
#424242	98	81	67	97.5	98.5	80.5	81.5
#484848	99	81	73	98.5	99.5	80.5	81.5
#494949	100	81	74	99.5	100.5	80.5	81.5
#4B4B4B	101	81	76	100.5	101.5	80.5	81.5
#494949	102	81	74	101.5	102.5	80.5	81.5
#525252	103	81	83	102.5	103.5	80.5	81.5
#555555	104	81	86	103.5	104.5	80.5	81.5
#565656	105	81	87	104.5	105.5	80.5	81.5
#565656	106	81	87	105.5	106.5	80.5	81.5
#515151	107	81	82	106.5	107.5	80.5	81.5
#4F4F4F	108	81	80	107.5	108.5	80.5	81.5
#5F5F5F	109	81	96	108.5	109.5	80.5	81.5
#6B6B6B	110	81	108	109.5	110.5	80.5	81.5
#6D6D6D	111	81	110	110.5	111.5	80.5	81.5
#6A6A6A	112	81	107	111.5	112.5	80.5	81.5
#656565	113	81	102	112.5	113.5	80.5	81.5
#5F5F5F	114	81	96	113.5	114.5	80.5	81.5
#5E5E5E	115	81	95	114.5	115.5	80.5	81.5
#5F5F5F	116	81	96	115.5	116.5	80.5	81.5
#5E5E5E	117	81	95	116.5	117.5	80.5	81.5
#5E5E5E	118	81	95	117.5	118.5	80.5	81.5
#5D5D5D	119	81	94	118.5	119.5	80.5	81.5
#5B5B5B	120	81	92	119.5	120.5	80.5	81.5
#5D5D5D	121	81	94	120.5	121.5	80.5	81.5
#626262	122	81	99	121.5	122.5	80.5	81.5
#626262	123	81	99	122.5	123.5	80.5	81.5
#616161	124	81	98	123.5	124.5	80.5	81.5
#646464	125	81	101	124.5	125.5	80.5	81.5
#686868	126	81	105	125.5	126.5	80.5	81.5
#636363	127	81	100	126.5	127.5	80.5	81.5
#626262	128	81	99	127.5	128.5	80.5	81.5
#646464	129	81	101	128.5	129.5	80.5	81.5
#6A6A6A	130	81	107	129.5	130.5	80.5	81.5
#636363	131	81	100	130.5	131.5	80.5	81.5
#676767	132	81	104	131.5	132.5	80.5	81.5
#676767	133	81	104	132.5	133.5	80.5	81.5
#646464	134	81	101	133.5	134.5	80.5	81.5
#626262	135	81	99	134.5	135.5	80.5	81.5
#606060	136	81	97	135.5	136.5	80.5	81.5
#5F5F5F	137	81	96	136.5	137.5	80.5	81.5
#606060	138	81	97	137.5	138.5	80.5	81.5
#5E5E5E	139	81	95	138.5	139.5	80.5	81.5
#666666	0	80	103	-0.5	0.5	79.5	80.5
#878787	1	80	136	0.5	1.5	79.5	80.5
#858585	2	80	134	1.5	2.5	79.5	80.5
#858585	3	80	134	2.5	3.5	79.5	80.5
#868686	4	80	135	3.5	4.5	79.5	80.5
#878787	5	80	136	4.5	5.5	79.5	80.5
#898989	6	80	138	5.5	6.5	79.5	80.5
#868686	7	80	135	6.5	7.5	79.5	80.5
#888888	8	80	137	7.5	8.5	79.5	80.5
#878787	9	80	136	8.5	9.5	79.5	80.5
#848484	10	80	133	9.5	10.5	79.5	80.5
#848484	11	80	133	10.5	11.5	79.5	80.5
#838383	12	80	132	11.5	12.5	79.5	80.5
#848484	13	80	133	12.5	13.5	79.5	80.5
#848484	14	80	133	13.5	14.5	79.5	80.5
#848484	15	80	133	14.5	15.5	79.5	80.5
#858585	16	80	134	15.5	16.5	79.5	80.5
#838383	17	80	132	16.5	17.5	79.5	80.5
#808080	18	80	129	17.5	18.5	79.5	80.5
#7F7F7F	19	80	128	18.5	19.5	79.5	80.5
#7E7E7E	20	80	127	19.5	20.5	79.5	80.5
#7E7E7E	21	80	127	20.5	21.5	79.5	80.5
#7D7D7D	22	80	126	21.5	22.5	79.5	80.5
#7F7F7F	23	80	128	22.5	23.5	79.5	80.5
#838383	24	80	132	23.5	24.5	79.5	80.5
#818181	25	80	130	24.5	25.5	79.5	80.5
#808080	26	80	129	25.5	26.5	79.5	80.5
#7F7F7F	27	80	128	26.5	27.5	79.5	80.5
#808080	28	80	129	27.5	28.5	79.5	80.5
#7F7F7F	29	80	128	28.5	29.5	79.5	80.5
#7F7F7F	30	80	128	29.5	30.5	79.5	80.5
#7E7E7E	31	80	127	30.5	31.5	79.5	80.5
#818181	32	80	130	31.5	32.5	79.5	80.5
#7E7E7E	33	80	127	32.5	33.5	79.5	80.5
#747474	34	80	117	33.5	34.5	79.5	80.5
#707070	35	80	113	34.5	35.5	79.5	80.5
#6C6C6C	36	80	109	35.5	36.5	79.5	80.5
#656565	37	80	102	36.5	37.5	79.5	80.5
#5E5E5E	38	80	95	37.5	38.5	79.5	80.5
#555555	39	80	86	38.5	39.5	79.5	80.5
#535353	40	80	84	39.5	40.5	79.5	80.5
#484848	41	80	73	40.5	41.5	79.5	80.5
#424242	42	80	67	41.5	42.5	79.5	80.5
#424242	43	80	67	42.5	43.5	79.5	80.5
#424242	44	80	67	43.5	44.5	79.5	80.5
#4A4A4A	45	80	75	44.5	45.5	79.5	80.5
#484848	46	80	73	45.5	46.5	79.5	80.5
#444444	47	80	69	46.5	47.5	79.5	80.5
#3F3F3F	48	80	64	47.5	48.5	79.5	80.5
#3A3A3A	49	80	59	48.5	49.5	79.5	80.5
#3F3F3F	50	80	64	49.5	50.5	79.5	80.5
#404040	51	80	65	50.5	51.5	79.5	80.5
#444444	52	80	69	51.5	52.5	79.5	80.5
#404040	53	80	65	52.5	53.5	79.5	80.5
#3B3B3B	54	80	60	53.5	54.5	79.5	80.5
#393939	55	80	58	54.5	55.5	79.5	80.5
#3D3D3D	56	80	62	55.5	56.5	79.5	80.5
#3E3E3E	57	80	63	56.5	57.5	79.5	80.5
#414141	58	80	66	57.5	58.5	79.5	80.5
#4B4B4B	59	80	76	58.5	59.5	79.5	80.5
#5B5B5B	60	80	92	59.5	60.5	79.5	80.5
#686868	61	80	105	60.5	61.5	79.5	80.5
#6E6E6E	62	80	111	61.5	62.5	79.5	80.5
#707070	63	80	113	62.5	63.5	79.5	80.5
#767676	64	80	119	63.5	64.5	79.5	80.5
#7A7A7A	65	80	123	64.5	65.5	79.5	80.5
#747474	66	80	117	65.5	66.5	79.5	80.5
#787878	67	80	121	66.5	67.5	79.5	80.5
#808080	68	80	129	67.5	68.5	79.5	80.5
#828282	69	80	131	68.5	69.5	79.5	80.5
#818181	70	80	130	69.5	70.5	79.5	80.5
#838383	71	80	132	70.5	71.5	79.5	80.5
#828282	72	80	131	71.5	72.5	79.5	80.5
#7F7F7F	73	80	128	72.5	73.5	79.5	80.5
#7E7E7E	74	80	127	73.5	74.5	79.5	80.5
#7C7C7C	75	80	125	74.5	75.5	79.5	80.5
#7B7B7B	76	80	124	75.5	76.5	79.5	80.5
#7A7A7A	77	80	123	76.5	77.5	79.5	80.5
#7B7B7B	78	80	124	77.5	78.5	79.5	80.5
#767676	79	80	119	78.5	79.5	79.5	80.5
#737373	80	80	116	79.5	80.5	79.5	80.5
#707070	81	80	113	80.5	81.5	79.5	80.5
#6C6C6C	82	80	109	81.5	82.5	79.5	80.5
#6B6B6B	83	80	108	82.5	83.5	79.5	80.5
#6B6B6B	84	80	108	83.5	84.5	79.5	80.5
#6C6C6C	85	80	109	84.5	85.5	79.5	80.5
#686868	86	80	105	85.5	86.5	79.5	80.5
#4B4B4B	87	80	76	86.5	87.5	79.5	80.5
#3D3D3D	88	80	62	87.5	88.5	79.5	80.5
#373737	89	80	56	88.5	89.5	79.5	80.5
#3F3F3F	90	80	64	89.5	90.5	79.5	80.5
#3B3B3B	91	80	60	90.5	91.5	79.5	80.5
#424242	92	80	67	91.5	92.5	79.5	80.5
#3A3A3A	93	80	59	92.5	93.5	79.5	80.5
#313131	94	80	50	93.5	94.5	79.5	80.5
#313131	95	80	50	94.5	95.5	79.5	80.5
#353535	96	80	54	95.5	96.5	79.5	80.5
#373737	97	80	56	96.5	97.5	79.5	80.5
#464646	98	80	71	97.5	98.5	79.5	80.5
#474747	99	80	72	98.5	99.5	79.5	80.5
#404040	100	80	65	99.5	100.5	79.5	80.5
#424242	101	80	67	100.5	101.5	79.5	80.5
#474747	102	80	72	101.5	102.5	79.5	80.5
#515151	103	80	82	102.5	103.5	79.5	80.5
#545454	104	80	85	103.5	104.5	79.5	80.5
#565656	105	80	87	104.5	105.5	79.5	80.5
#5A5A5A	106	80	91	105.5	106.5	79.5	80.5
#565656	107	80	87	106.5	107.5	79.5	80.5
#515151	108	80	82	107.5	108.5	79.5	80.5
#5A5A5A	109	80	91	108.5	109.5	79.5	80.5
#6B6B6B	110	80	108	109.5	110.5	79.5	80.5
#6D6D6D	111	80	110	110.5	111.5	79.5	80.5
#6D6D6D	112	80	110	111.5	112.5	79.5	80.5
#676767	113	80	104	112.5	113.5	79.5	80.5
#626262	114	80	99	113.5	114.5	79.5	80.5
#606060	115	80	97	114.5	115.5	79.5	80.5
#606060	116	80	97	115.5	116.5	79.5	80.5
#5F5F5F	117	80	96	116.5	117.5	79.5	80.5
#5F5F5F	118	80	96	117.5	118.5	79.5	80.5
#5F5F5F	119	80	96	118.5	119.5	79.5	80.5
#5C5C5C	120	80	93	119.5	120.5	79.5	80.5
#5E5E5E	121	80	95	120.5	121.5	79.5	80.5
#636363	122	80	100	121.5	122.5	79.5	80.5
#636363	123	80	100	122.5	123.5	79.5	80.5
#646464	124	80	101	123.5	124.5	79.5	80.5
#626262	125	80	99	124.5	125.5	79.5	80.5
#656565	126	80	102	125.5	126.5	79.5	80.5
#676767	127	80	104	126.5	127.5	79.5	80.5
#626262	128	80	99	127.5	128.5	79.5	80.5
#646464	129	80	101	128.5	129.5	79.5	80.5
#676767	130	80	104	129.5	130.5	79.5	80.5
#646464	131	80	101	130.5	131.5	79.5	80.5
#686868	132	80	105	131.5	132.5	79.5	80.5
#666666	133	80	103	132.5	133.5	79.5	80.5
#656565	134	80	102	133.5	134.5	79.5	80.5
#626262	135	80	99	134.5	135.5	79.5	80.5
#616161	136	80	98	135.5	136.5	79.5	80.5
#626262	137	80	99	136.5	137.5	79.5	80.5
#636363	138	80	100	137.5	138.5	79.5	80.5
#626262	139	80	99	138.5	139.5	79.5	80.5
#666666	0	79	103	-0.5	0.5	78.5	79.5
#878787	1	79	136	0.5	1.5	78.5	79.5
#858585	2	79	134	1.5	2.5	78.5	79.5
#838383	3	79	132	2.5	3.5	78.5	79.5
#868686	4	79	135	3.5	4.5	78.5	79.5
#878787	5	79	136	4.5	5.5	78.5	79.5
#888888	6	79	137	5.5	6.5	78.5	79.5
#898989	7	79	138	6.5	7.5	78.5	79.5
#898989	8	79	138	7.5	8.5	78.5	79.5
#878787	9	79	136	8.5	9.5	78.5	79.5
#848484	10	79	133	9.5	10.5	78.5	79.5
#848484	11	79	133	10.5	11.5	78.5	79.5
#828282	12	79	131	11.5	12.5	78.5	79.5
#858585	13	79	134	12.5	13.5	78.5	79.5
#848484	14	79	133	13.5	14.5	78.5	79.5
#858585	15	79	134	14.5	15.5	78.5	79.5
#858585	16	79	134	15.5	16.5	78.5	79.5
#838383	17	79	132	16.5	17.5	78.5	79.5
#828282	18	79	131	17.5	18.5	78.5	79.5
#7F7F7F	19	79	128	18.5	19.5	78.5	79.5
#7F7F7F	20	79	128	19.5	20.5	78.5	79.5
#7F7F7F	21	79	128	20.5	21.5	78.5	79.5
#7E7E7E	22	79	127	21.5	22.5	78.5	79.5
#7D7D7D	23	79	126	22.5	23.5	78.5	79.5
#818181	24	79	130	23.5	24.5	78.5	79.5
#818181	25	79	130	24.5	25.5	78.5	79.5
#7E7E7E	26	79	127	25.5	26.5	78.5	79.5
#7E7E7E	27	79	127	26.5	27.5	78.5	79.5
#808080	28	79	129	27.5	28.5	78.5	79.5
#7F7F7F	29	79	128	28.5	29.5	78.5	79.5
#818181	30	79	130	29.5	30.5	78.5	79.5
#808080	31	79	129	30.5	31.5	78.5	79.5
#838383	32	79	132	31.5	32.5	78.5	79.5
#7D7D7D	33	79	126	32.5	33.5	78.5	79.5
#777777	34	79	120	33.5	34.5	78.5	79.5
#6D6D6D	35	79	110	34.5	35.5	78.5	79.5
#606060	36	79	97	35.5	36.5	78.5	79.5
#5D5D5D	37	79	94	36.5	37.5	78.5	79.5
#5C5C5C	38	79	93	37.5	38.5	78.5	79.5
#535353	39	79	84	38.5	39.5	78.5	79.5
#525252	40	79	83	39.5	40.5	78.5	79.5
#494949	41	79	74	40.5	41.5	78.5	79.5
#424242	42	79	67	41.5	42.5	78.5	79.5
#404040	43	79	65	42.5	43.5	78.5	79.5
#424242	44	79	67	43.5	44.5	78.5	79.5
#484848	45	79	73	44.5	45.5	78.5	79.5
#474747	46	79	72	45.5	46.5	78.5	79.5
#454545	47	79	70	46.5	47.5	78.5	79.5
#424242	48	79	67	47.5	48.5	78.5	79.5
#3C3C3C	49	79	61	48.5	49.5	78.5	79.5
#3F3F3F	50	79	64	49.5	50.5	78.5	79.5
#444444	51	79	69	50.5	51.5	78.5	79.5
#464646	52	79	71	51.5	52.5	78.5	79.5
#383838	53	79	57	52.5	53.5	78.5	79.5
#3D3D3D	54	79	62	53.5	54.5	78.5	79.5
#4C4C4C	55	79	77	54.5	55.5	78.5	79.5
#4B4B4B	56	79	76	55.5	56.5	78.5	79.5
#474747	57	79	72	56.5	57.5	78.5	79.5
#4B4B4B	58	79	76	57.5	58.5	78.5	79.5
#515151	59	79	82	58.5	59.5	78.5	79.5
#575757	60	79	88	59.5	60.5	78.5	79.5
#595959	61	79	90	60.5	61.5	78.5	79.5
#5F5F5F	62	79	96	61.5	62.5	78.5	79.5
#6D6D6D	63	79	110	62.5	63.5	78.5	79.5
#7E7E7E	64	79	127	63.5	64.5	78.5	79.5
#7E7E7E	65	79	127	64.5	65.5	78.5	79.5
#767676	66	79	119	65.5	66.5	78.5	79.5
#797979	67	79	122	66.5	67.5	78.5	79.5
#818181	68	79	130	67.5	68.5	78.5	79.5
#838383	69	79	132	68.5	69.5	78.5	79.5
#838383	70	79	132	69.5	70.5	78.5	79.5
#858585	71	79	134	70.5	71.5	78.5	79.5
#838383	72	79	132	71.5	72.5	78.5	79.5
#818181	73	79	130	72.5	73.5	78.5	79.5
#808080	74	79	129	73.5	74.5	78.5	79.5
#7F7F7F	75	79	128	74.5	75.5	78.5	79.5
#7E7E7E	76	79	127	75.5	76.5	78.5	79.5
#7F7F7F	77	79	128	76.5	77.5	78.5	79.5
#7C7C7C	78	79	125	77.5	78.5	78.5	79.5
#797979	79	79	122	78.5	79.5	78.5	79.5
#767676	80	79	119	79.5	80.5	78.5	79.5
#747474	81	79	117	80.5	81.5	78.5	79.5
#6F6F6F	82	79	112	81.5	82.5	78.5	79.5
#6E6E6E	83	79	111	82.5	83.5	78.5	79.5
#6D6D6D	84	79	110	83.5	84.5	78.5	79.5
#717171	85	79	114	84.5	85.5	78.5	79.5
#6D6D6D	86	79	110	85.5	86.5	78.5	79.5
#575757	87	79	88	86.5	87.5	78.5	79.5
#474747	88	79	72	87.5	88.5	78.5	79.5
#484848	89	79	73	88.5	89.5	78.5	79.5
#464646	90	79	71	89.5	90.5	78.5	79.5
#3D3D3D	91	79	62	90.5	91.5	78.5	79.5
#3C3C3C	92	79	61	91.5	92.5	78.5	79.5
#3A3A3A	93	79	59	92.5	93.5	78.5	79.5
#2F2F2F	94	79	48	93.5	94.5	78.5	79.5
#2C2C2C	95	79	45	94.5	95.5	78.5	79.5
#313131	96	79	50	95.5	96.5	78.5	79.5
#313131	97	79	50	96.5	97.5	78.5	79.5
#434343	98	79	68	97.5	98.5	78.5	79.5
#424242	99	79	67	98.5	99.5	78.5	79.5
#3C3C3C	100	79	61	99.5	100.5	78.5	79.5
#3C3C3C	101	79	61	100.5	101.5	78.5	79.5
#444444	102	79	69	101.5	102.5	78.5	79.5
#4F4F4F	103	79	80	102.5	103.5	78.5	79.5
#535353	104	79	84	103.5	104.5	78.5	79.5
#565656	105	79	87	104.5	105.5	78.5	79.5
#595959	106	79	90	105.5	106.5	78.5	79.5
#585858	107	79	89	106.5	107.5	78.5	79.5
#545454	108	79	85	107.5	108.5	78.5	79.5
#565656	109	79	87	108.5	109.5	78.5	79.5
#686868	110	79	105	109.5	110.5	78.5	79.5
#6F6F6F	111	79	112	110.5	111.5	78.5	79.5
#6D6D6D	112	79	110	111.5	112.5	78.5	79.5
#696969	113	79	106	112.5	113.5	78.5	79.5
#626262	114	79	99	113.5	114.5	78.5	79.5
#616161	115	79	98	114.5	115.5	78.5	79.5
#616161	116	79	98	115.5	116.5	78.5	79.5
#616161	117	79	98	116.5	117.5	78.5	79.5
#606060	118	79	97	117.5	118.5	78.5	79.5
#606060	119	79	97	118.5	119.5	78.5	79.5
#5F5F5F	120	79	96	119.5	120.5	78.5	79.5
#606060	121	79	97	120.5	121.5	78.5	79.5
#636363	122	79	100	121.5	122.5	78.5	79.5
#636363	123	79	100	122.5	123.5	78.5	79.5
#656565	124	79	102	123.5	124.5	78.5	79.5
#666666	125	79	103	124.5	125.5	78.5	79.5
#646464	126	79	101	125.5	126.5	78.5	79.5
#686868	127	79	105	126.5	127.5	78.5	79.5
#676767	128	79	104	127.5	128.5	78.5	79.5
#656565	129	79	102	128.5	129.5	78.5	79.5
#686868	130	79	105	129.5	130.5	78.5	79.5
#636363	131	79	100	130.5	131.5	78.5	79.5
#696969	132	79	106	131.5	132.5	78.5	79.5
#686868	133	79	105	132.5	133.5	78.5	79.5
#656565	134	79	102	133.5	134.5	78.5	79.5
#636363	135	79	100	134.5	135.5	78.5	79.5
#626262	136	79	99	135.5	136.5	78.5	79.5
#646464	137	79	101	136.5	137.5	78.5	79.5
#636363	138	79	100	137.5	138.5	78.5	79.5
#5F5F5F	139	79	96	138.5	139.5	78.5	79.5
#676767	0	78	104	-0.5	0.5	77.5	78.5
#888888	1	78	137	0.5	1.5	77.5	78.5
#848484	2	78	133	1.5	2.5	77.5	78.5
#848484	3	78	133	2.5	3.5	77.5	78.5
#878787	4	78	136	3.5	4.5	77.5	78.5
#898989	5	78	138	4.5	5.5	77.5	78.5
#898989	6	78	138	5.5	6.5	77.5	78.5
#8A8A8A	7	78	139	6.5	7.5	77.5	78.5
#898989	8	78	138	7.5	8.5	77.5	78.5
#868686	9	78	135	8.5	9.5	77.5	78.5
#838383	10	78	132	9.5	10.5	77.5	78.5
#828282	11	78	131	10.5	11.5	77.5	78.5
#828282	12	78	131	11.5	12.5	77.5	78.5
#838383	13	78	132	12.5	13.5	77.5	78.5
#838383	14	78	132	13.5	14.5	77.5	78.5
#838383	15	78	132	14.5	15.5	77.5	78.5
#858585	16	78	134	15.5	16.5	77.5	78.5
#838383	17	78	132	16.5	17.5	77.5	78.5
#808080	18	78	129	17.5	18.5	77.5	78.5
#808080	19	78	129	18.5	19.5	77.5	78.5
#808080	20	78	129	19.5	20.5	77.5	78.5
#7F7F7F	21	78	128	20.5	21.5	77.5	78.5
#7F7F7F	22	78	128	21.5	22.5	77.5	78.5
#7E7E7E	23	78	127	22.5	23.5	77.5	78.5
#808080	24	78	129	23.5	24.5	77.5	78.5
#808080	25	78	129	24.5	25.5	77.5	78.5
#7E7E7E	26	78	127	25.5	26.5	77.5	78.5
#808080	27	78	129	26.5	27.5	77.5	78.5
#808080	28	78	129	27.5	28.5	77.5	78.5
#7F7F7F	29	78	128	28.5	29.5	77.5	78.5
#828282	30	78	131	29.5	30.5	77.5	78.5
#828282	31	78	131	30.5	31.5	77.5	78.5
#828282	32	78	131	31.5	32.5	77.5	78.5
#7C7C7C	33	78	125	32.5	33.5	77.5	78.5
#727272	34	78	115	33.5	34.5	77.5	78.5
#646464	35	78	101	34.5	35.5	77.5	78.5
#5E5E5E	36	78	95	35.5	36.5	77.5	78.5
#5D5D5D	37	78	94	36.5	37.5	77.5	78.5
#5E5E5E	38	78	95	37.5	38.5	77.5	78.5
#585858	39	78	89	38.5	39.5	77.5	78.5
#4E4E4E	40	78	79	39.5	40.5	77.5	78.5
#4E4E4E	41	78	79	40.5	41.5	77.5	78.5
#494949	42	78	74	41.5	42.5	77.5	78.5
#414141	43	78	66	42.5	43.5	77.5	78.5
#454545	44	78	70	43.5	44.5	77.5	78.5
#454545	45	78	70	44.5	45.5	77.5	78.5
#454545	46	78	70	45.5	46.5	77.5	78.5
#444444	47	78	69	46.5	47.5	77.5	78.5
#414141	48	78	66	47.5	48.5	77.5	78.5
#3D3D3D	49	78	62	48.5	49.5	77.5	78.5
#414141	50	78	66	49.5	50.5	77.5	78.5
#484848	51	78	73	50.5	51.5	77.5	78.5
#434343	52	78	68	51.5	52.5	77.5	78.5
#393939	53	78	58	52.5	53.5	77.5	78.5
#3E3E3E	54	78	63	53.5	54.5	77.5	78.5
#575757	55	78	88	54.5	55.5	77.5	78.5
#515151	56	78	82	55.5	56.5	77.5	78.5
#4C4C4C	57	78	77	56.5	57.5	77.5	78.5
#505050	58	78	81	57.5	58.5	77.5	78.5
#585858	59	78	89	58.5	59.5	77.5	78.5
#5C5C5C	60	78	93	59.5	60.5	77.5	78.5
#5C5C5C	61	78	93	60.5	61.5	77.5	78.5
#5D5D5D	62	78	94	61.5	62.5	77.5	78.5
#656565	63	78	102	62.5	63.5	77.5	78.5
#7B7B7B	64	78	124	63.5	64.5	77.5	78.5
#808080	65	78	129	64.5	65.5	77.5	78.5
#7B7B7B	66	78	124	65.5	66.5	77.5	78.5
#7D7D7D	67	78	126	66.5	67.5	77.5	78.5
#808080	68	78	129	67.5	68.5	77.5	78.5
#818181	69	78	130	68.5	69.5	77.5	78.5
#838383	70	78	132	69.5	70.5	77.5	78.5
#858585	71	78	134	70.5	71.5	77.5	78.5
#858585	72	78	134	71.5	72.5	77.5	78.5
#838383	73	78	132	72.5	73.5	77.5	78.5
#828282	74	78	131	73.5	74.5	77.5	78.5
#818181	75	78	130	74.5	75.5	77.5	78.5
#7F7F7F	76	78	128	75.5	76.5	77.5	78.5
#7C7C7C	77	78	125	76.5	77.5	77.5	78.5
#7C7C7C	78	78	125	77.5	78.5	77.5	78.5
#7B7B7B	79	78	124	78.5	79.5	77.5	78.5
#777777	80	78	120	79.5	80.5	77.5	78.5
#757575	81	78	118	80.5	81.5	77.5	78.5
#707070	82	78	113	81.5	82.5	77.5	78.5
#6F6F6F	83	78	112	82.5	83.5	77.5	78.5
#6E6E6E	84	78	111	83.5	84.5	77.5	78.5
#727272	85	78	115	84.5	85.5	77.5	78.5
#6B6B6B	86	78	108	85.5	86.5	77.5	78.5
#545454	87	78	85	86.5	87.5	77.5	78.5
#404040	88	78	65	87.5	88.5	77.5	78.5
#3F3F3F	89	78	64	88.5	89.5	77.5	78.5
#3E3E3E	90	78	63	89.5	90.5	77.5	78.5
#444444	91	78	69	90.5	91.5	77.5	78.5
#484848	92	78	73	91.5	92.5	77.5	78.5
#494949	93	78	74	92.5	93.5	77.5	78.5
#393939	94	78	58	93.5	94.5	77.5	78.5
#313131	95	78	50	94.5	95.5	77.5	78.5
#323232	96	78	51	95.5	96.5	77.5	78.5
#333333	97	78	52	96.5	97.5	77.5	78.5
#414141	98	78	66	97.5	98.5	77.5	78.5
#3B3B3B	99	78	60	98.5	99.5	77.5	78.5
#3B3B3B	100	78	60	99.5	100.5	77.5	78.5
#3F3F3F	101	78	64	100.5	101.5	77.5	78.5
#474747	102	78	72	101.5	102.5	77.5	78.5
#4C4C4C	103	78	77	102.5	103.5	77.5	78.5
#4E4E4E	104	78	79	103.5	104.5	77.5	78.5
#555555	105	78	86	104.5	105.5	77.5	78.5
#565656	106	78	87	105.5	106.5	77.5	78.5
#585858	107	78	89	106.5	107.5	77.5	78.5
#5A5A5A	108	78	91	107.5	108.5	77.5	78.5
#565656	109	78	87	108.5	109.5	77.5	78.5
#636363	110	78	100	109.5	110.5	77.5	78.5
#707070	111	78	113	110.5	111.5	77.5	78.5
#6F6F6F	112	78	112	111.5	112.5	77.5	78.5
#6B6B6B	113	78	108	112.5	113.5	77.5	78.5
#616161	114	78	98	113.5	114.5	77.5	78.5
#616161	115	78	98	114.5	115.5	77.5	78.5
#616161	116	78	98	115.5	116.5	77.5	78.5
#626262	117	78	99	116.5	117.5	77.5	78.5
#616161	118	78	98	117.5	118.5	77.5	78.5
#606060	119	78	97	118.5	119.5	77.5	78.5
#5F5F5F	120	78	96	119.5	120.5	77.5	78.5
#626262	121	78	99	120.5	121.5	77.5	78.5
#626262	122	78	99	121.5	122.5	77.5	78.5
#646464	123	78	101	122.5	123.5	77.5	78.5
#666666	124	78	103	123.5	124.5	77.5	78.5
#676767	125	78	104	124.5	125.5	77.5	78.5
#656565	126	78	102	125.5	126.5	77.5	78.5
#636363	127	78	100	126.5	127.5	77.5	78.5
#686868	128	78	105	127.5	128.5	77.5	78.5
#686868	129	78	105	128.5	129.5	77.5	78.5
#666666	130	78	103	129.5	130.5	77.5	78.5
#636363	131	78	100	130.5	131.5	77.5	78.5
#686868	132	78	105	131.5	132.5	77.5	78.5
#696969	133	78	106	132.5	133.5	77.5	78.5
#676767	134	78	104	133.5	134.5	77.5	78.5
#656565	135	78	102	134.5	135.5	77.5	78.5
#646464	136	78	101	135.5	136.5	77.5	78.5
#646464	137	78	101	136.5	137.5	77.5	78.5
#616161	138	78	98	137.5	138.5	77.5	78.5
#5D5D5D	139	78	94	138.5	139.5	77.5	78.5
#696969	0	77	106	-0.5	0.5	76.5	77.5
#898989	1	77	138	0.5	1.5	76.5	77.5
#838383	2	77	132	1.5	2.5	76.5	77.5
#858585	3	77	134	2.5	3.5	76.5	77.5
#888888	4	77	137	3.5	4.5	76.5	77.5
#8A8A8A	5	77	139	4.5	5.5	76.5	77.5
#8A8A8A	6	77	139	5.5	6.5	76.5	77.5
#898989	7	77	138	6.5	7.5	76.5	77.5
#898989	8	77	138	7.5	8.5	76.5	77.5
#878787	9	77	136	8.5	9.5	76.5	77.5
#858585	10	77	134	9.5	10.5	76.5	77.5
#828282	11	77	131	10.5	11.5	76.5	77.5
#828282	12	77	131	11.5	12.5	76.5	77.5
#838383	13	77	132	12.5	13.5	76.5	77.5
#848484	14	77	133	13.5	14.5	76.5	77.5
#848484	15	77	133	14.5	15.5	76.5	77.5
#838383	16	77	132	15.5	16.5	76.5	77.5
#818181	17	77	130	16.5	17.5	76.5	77.5
#818181	18	77	130	17.5	18.5	76.5	77.5
#828282	19	77	131	18.5	19.5	76.5	77.5
#808080	20	77	129	19.5	20.5	76.5	77.5
#7F7F7F	21	77	128	20.5	21.5	76.5	77.5
#818181	22	77	130	21.5	22.5	76.5	77.5
#808080	23	77	129	22.5	23.5	76.5	77.5
#7E7E7E	24	77	127	23.5	24.5	76.5	77.5
#7F7F7F	25	77	128	24.5	25.5	76.5	77.5
#7E7E7E	26	77	127	25.5	26.5	76.5	77.5
#808080	27	77	129	26.5	27.5	76.5	77.5
#7E7E7E	28	77	127	27.5	28.5	76.5	77.5
#808080	29	77	129	28.5	29.5	76.5	77.5
#828282	30	77	131	29.5	30.5	76.5	77.5
#838383	31	77	132	30.5	31.5	76.5	77.5
#838383	32	77	132	31.5	32.5	76.5	77.5
#7A7A7A	33	77	123	32.5	33.5	76.5	77.5
#6B6B6B	34	77	108	33.5	34.5	76.5	77.5
#646464	35	77	101	34.5	35.5	76.5	77.5
#646464	36	77	101	35.5	36.5	76.5	77.5
#626262	37	77	99	36.5	37.5	76.5	77.5
#616161	38	77	98	37.5	38.5	76.5	77.5
#5D5D5D	39	77	94	38.5	39.5	76.5	77.5
#535353	40	77	84	39.5	40.5	76.5	77.5
#4C4C4C	41	77	77	40.5	41.5	76.5	77.5
#4C4C4C	42	77	77	41.5	42.5	76.5	77.5
#494949	43	77	74	42.5	43.5	76.5	77.5
#484848	44	77	73	43.5	44.5	76.5	77.5
#464646	45	77	71	44.5	45.5	76.5	77.5
#4A4A4A	46	77	75	45.5	46.5	76.5	77.5
#4F4F4F	47	77	80	46.5	47.5	76.5	77.5
#4A4A4A	48	77	75	47.5	48.5	76.5	77.5
#474747	49	77	72	48.5	49.5	76.5	77.5
#474747	50	77	72	49.5	50.5	76.5	77.5
#505050	51	77	81	50.5	51.5	76.5	77.5
#494949	52	77	74	51.5	52.5	76.5	77.5
#393939	53	77	58	52.5	53.5	76.5	77.5
#3E3E3E	54	77	63	53.5	54.5	76.5	77.5
#5B5B5B	55	77	92	54.5	55.5	76.5	77.5
#555555	56	77	86	55.5	56.5	76.5	77.5
#515151	57	77	82	56.5	57.5	76.5	77.5
#505050	58	77	81	57.5	58.5	76.5	77.5
#545454	59	77	85	58.5	59.5	76.5	77.5
#5D5D5D	60	77	94	59.5	60.5	76.5	77.5
#626262	61	77	99	60.5	61.5	76.5	77.5
#626262	62	77	99	61.5	62.5	76.5	77.5
#686868	63	77	105	62.5	63.5	76.5	77.5
#747474	64	77	117	63.5	64.5	76.5	77.5
#7E7E7E	65	77	127	64.5	65.5	76.5	77.5
#7D7D7D	66	77	126	65.5	66.5	76.5	77.5
#7E7E7E	67	77	127	66.5	67.5	76.5	77.5
#808080	68	77	129	67.5	68.5	76.5	77.5
#808080	69	77	129	68.5	69.5	76.5	77.5
#858585	70	77	134	69.5	70.5	76.5	77.5
#878787	71	77	136	70.5	71.5	76.5	77.5
#868686	72	77	135	71.5	72.5	76.5	77.5
#858585	73	77	134	72.5	73.5	76.5	77.5
#838383	74	77	132	73.5	74.5	76.5	77.5
#7F7F7F	75	77	128	74.5	75.5	76.5	77.5
#7D7D7D	76	77	126	75.5	76.5	76.5	77.5
#7B7B7B	77	77	124	76.5	77.5	76.5	77.5
#7D7D7D	78	77	126	77.5	78.5	76.5	77.5
#7C7C7C	79	77	125	78.5	79.5	76.5	77.5
#777777	80	77	120	79.5	80.5	76.5	77.5
#737373	81	77	116	80.5	81.5	76.5	77.5
#6F6F6F	82	77	112	81.5	82.5	76.5	77.5
#6E6E6E	83	77	111	82.5	83.5	76.5	77.5
#707070	84	77	113	83.5	84.5	76.5	77.5
#6F6F6F	85	77	112	84.5	85.5	76.5	77.5
#676767	86	77	104	85.5	86.5	76.5	77.5
#525252	87	77	83	86.5	87.5	76.5	77.5
#3C3C3C	88	77	61	87.5	88.5	76.5	77.5
#373737	89	77	56	88.5	89.5	76.5	77.5
#3A3A3A	90	77	59	89.5	90.5	76.5	77.5
#454545	91	77	70	90.5	91.5	76.5	77.5
#4B4B4B	92	77	76	91.5	92.5	76.5	77.5
#505050	93	77	81	92.5	93.5	76.5	77.5
#414141	94	77	66	93.5	94.5	76.5	77.5
#3D3D3D	95	77	62	94.5	95.5	76.5	77.5
#3C3C3C	96	77	61	95.5	96.5	76.5	77.5
#3B3B3B	97	77	60	96.5	97.5	76.5	77.5
#414141	98	77	66	97.5	98.5	76.5	77.5
#373737	99	77	56	98.5	99.5	76.5	77.5
#3C3C3C	100	77	61	99.5	100.5	76.5	77.5
#434343	101	77	68	100.5	101.5	76.5	77.5
#484848	102	77	73	101.5	102.5	76.5	77.5
#494949	103	77	74	102.5	103.5	76.5	77.5
#484848	104	77	73	103.5	104.5	76.5	77.5
#515151	105	77	82	104.5	105.5	76.5	77.5
#585858	106	77	89	105.5	106.5	76.5	77.5
#585858	107	77	89	106.5	107.5	76.5	77.5
#5D5D5D	108	77	94	107.5	108.5	76.5	77.5
#5C5C5C	109	77	93	108.5	109.5	76.5	77.5
#606060	110	77	97	109.5	110.5	76.5	77.5
#707070	111	77	113	110.5	111.5	76.5	77.5
#6F6F6F	112	77	112	111.5	112.5	76.5	77.5
#6C6C6C	113	77	109	112.5	113.5	76.5	77.5
#606060	114	77	97	113.5	114.5	76.5	77.5
#616161	115	77	98	114.5	115.5	76.5	77.5
#636363	116	77	100	115.5	116.5	76.5	77.5
#636363	117	77	100	116.5	117.5	76.5	77.5
#636363	118	77	100	117.5	118.5	76.5	77.5
#626262	119	77	99	118.5	119.5	76.5	77.5
#616161	120	77	98	119.5	120.5	76.5	77.5
#626262	121	77	99	120.5	121.5	76.5	77.5
#646464	122	77	101	121.5	122.5	76.5	77.5
#666666	123	77	103	122.5	123.5	76.5	77.5
#696969	124	77	106	123.5	124.5	76.5	77.5
#696969	125	77	106	124.5	125.5	76.5	77.5
#676767	126	77	104	125.5	126.5	76.5	77.5
#636363	127	77	100	126.5	127.5	76.5	77.5
#646464	128	77	101	127.5	128.5	76.5	77.5
#6B6B6B	129	77	108	128.5	129.5	76.5	77.5
#6A6A6A	130	77	107	129.5	130.5	76.5	77.5
#636363	131	77	100	130.5	131.5	76.5	77.5
#676767	132	77	104	131.5	132.5	76.5	77.5
#696969	133	77	106	132.5	133.5	76.5	77.5
#666666	134	77	103	133.5	134.5	76.5	77.5
#646464	135	77	101	134.5	135.5	76.5	77.5
#646464	136	77	101	135.5	136.5	76.5	77.5
#626262	137	77	99	136.5	137.5	76.5	77.5
#5F5F5F	138	77	96	137.5	138.5	76.5	77.5
#5D5D5D	139	77	94	138.5	139.5	76.5	77.5
#686868	0	76	105	-0.5	0.5	75.5	76.5
#878787	1	76	136	0.5	1.5	75.5	76.5
#838383	2	76	132	1.5	2.5	75.5	76.5
#858585	3	76	134	2.5	3.5	75.5	76.5
#898989	4	76	138	3.5	4.5	75.5	76.5
#8B8B8B	5	76	140	4.5	5.5	75.5	76.5
#8B8B8B	6	76	140	5.5	6.5	75.5	76.5
#8A8A8A	7	76	139	6.5	7.5	75.5	76.5
#8A8A8A	8	76	139	7.5	8.5	75.5	76.5
#888888	9	76	137	8.5	9.5	75.5	76.5
#868686	10	76	135	9.5	10.5	75.5	76.5
#848484	11	76	133	10.5	11.5	75.5	76.5
#838383	12	76	132	11.5	12.5	75.5	76.5
#848484	13	76	133	12.5	13.5	75.5	76.5
#848484	14	76	133	13.5	14.5	75.5	76.5
#858585	15	76	134	14.5	15.5	75.5	76.5
#848484	16	76	133	15.5	16.5	75.5	76.5
#848484	17	76	133	16.5	17.5	75.5	76.5
#838383	18	76	132	17.5	18.5	75.5	76.5
#828282	19	76	131	18.5	19.5	75.5	76.5
#808080	20	76	129	19.5	20.5	75.5	76.5
#808080	21	76	129	20.5	21.5	75.5	76.5
#818181	22	76	130	21.5	22.5	75.5	76.5
#808080	23	76	129	22.5	23.5	75.5	76.5
#7E7E7E	24	76	127	23.5	24.5	75.5	76.5
#7F7F7F	25	76	128	24.5	25.5	75.5	76.5
#7F7F7F	26	76	128	25.5	26.5	75.5	76.5
#818181	27	76	130	26.5	27.5	75.5	76.5
#7E7E7E	28	76	127	27.5	28.5	75.5	76.5
#818181	29	76	130	28.5	29.5	75.5	76.5
#848484	30	76	133	29.5	30.5	75.5	76.5
#838383	31	76	132	30.5	31.5	75.5	76.5
#838383	32	76	132	31.5	32.5	75.5	76.5
#737373	33	76	116	32.5	33.5	75.5	76.5
#6A6A6A	34	76	107	33.5	34.5	75.5	76.5
#656565	35	76	102	34.5	35.5	75.5	76.5
#676767	36	76	104	35.5	36.5	75.5	76.5
#696969	37	76	106	36.5	37.5	75.5	76.5
#6A6A6A	38	76	107	37.5	38.5	75.5	76.5
#606060	39	76	97	38.5	39.5	75.5	76.5
#565656	40	76	87	39.5	40.5	75.5	76.5
#505050	41	76	81	40.5	41.5	75.5	76.5
#505050	42	76	81	41.5	42.5	75.5	76.5
#4D4D4D	43	76	78	42.5	43.5	75.5	76.5
#4A4A4A	44	76	75	43.5	44.5	75.5	76.5
#494949	45	76	74	44.5	45.5	75.5	76.5
#4F4F4F	46	76	80	45.5	46.5	75.5	76.5
#555555	47	76	86	46.5	47.5	75.5	76.5
#4C4C4C	48	76	77	47.5	48.5	75.5	76.5
#4D4D4D	49	76	78	48.5	49.5	75.5	76.5
#5D5D5D	50	76	94	49.5	50.5	75.5	76.5
#616161	51	76	98	50.5	51.5	75.5	76.5
#585858	52	76	89	51.5	52.5	75.5	76.5
#474747	53	76	72	52.5	53.5	75.5	76.5
#444444	54	76	69	53.5	54.5	75.5	76.5
#636363	55	76	100	54.5	55.5	75.5	76.5
#626262	56	76	99	55.5	56.5	75.5	76.5
#585858	57	76	89	56.5	57.5	75.5	76.5
#4C4C4C	58	76	77	57.5	58.5	75.5	76.5
#505050	59	76	81	58.5	59.5	75.5	76.5
#5D5D5D	60	76	94	59.5	60.5	75.5	76.5
#656565	61	76	102	60.5	61.5	75.5	76.5
#696969	62	76	106	61.5	62.5	75.5	76.5
#707070	63	76	113	62.5	63.5	75.5	76.5
#787878	64	76	121	63.5	64.5	75.5	76.5
#808080	65	76	129	64.5	65.5	75.5	76.5
#808080	66	76	129	65.5	66.5	75.5	76.5
#818181	67	76	130	66.5	67.5	75.5	76.5
#828282	68	76	131	67.5	68.5	75.5	76.5
#818181	69	76	130	68.5	69.5	75.5	76.5
#868686	70	76	135	69.5	70.5	75.5	76.5
#868686	71	76	135	70.5	71.5	75.5	76.5
#838383	72	76	132	71.5	72.5	75.5	76.5
#818181	73	76	130	72.5	73.5	75.5	76.5
#808080	74	76	129	73.5	74.5	75.5	76.5
#7E7E7E	75	76	127	74.5	75.5	75.5	76.5
#7E7E7E	76	76	127	75.5	76.5	75.5	76.5
#7D7D7D	77	76	126	76.5	77.5	75.5	76.5
#7E7E7E	78	76	127	77.5	78.5	75.5	76.5
#7C7C7C	79	76	125	78.5	79.5	75.5	76.5
#767676	80	76	119	79.5	80.5	75.5	76.5
#717171	81	76	114	80.5	81.5	75.5	76.5
#6D6D6D	82	76	110	81.5	82.5	75.5	76.5
#6C6C6C	83	76	109	82.5	83.5	75.5	76.5
#6E6E6E	84	76	111	83.5	84.5	75.5	76.5
#6A6A6A	85	76	107	84.5	85.5	75.5	76.5
#636363	86	76	100	85.5	86.5	75.5	76.5
#585858	87	76	89	86.5	87.5	75.5	76.5
#4A4A4A	88	76	75	87.5	88.5	75.5	76.5
#444444	89	76	69	88.5	89.5	75.5	76.5
#464646	90	76	71	89.5	90.5	75.5	76.5
#434343	91	76	68	90.5	91.5	75.5	76.5
#444444	92	76	69	91.5	92.5	75.5	76.5
#525252	93	76	83	92.5	93.5	75.5	76.5
#464646	94	76	71	93.5	94.5	75.5	76.5
#3F3F3F	95	76	64	94.5	95.5	75.5	76.5
#3B3B3B	96	76	60	95.5	96.5	75.5	76.5
#3F3F3F	97	76	64	96.5	97.5	75.5	76.5
#494949	98	76	74	97.5	98.5	75.5	76.5
#414141	99	76	66	98.5	99.5	75.5	76.5
#424242	100	76	67	99.5	100.5	75.5	76.5
#434343	101	76	68	100.5	101.5	75.5	76.5
#464646	102	76	71	101.5	102.5	75.5	76.5
#494949	103	76	74	102.5	103.5	75.5	76.5
#474747	104	76	72	103.5	104.5	75.5	76.5
#484848	105	76	73	104.5	105.5	75.5	76.5
#565656	106	76	87	105.5	106.5	75.5	76.5
#5A5A5A	107	76	91	106.5	107.5	75.5	76.5
#5D5D5D	108	76	94	107.5	108.5	75.5	76.5
#5F5F5F	109	76	96	108.5	109.5	75.5	76.5
#5F5F5F	110	76	96	109.5	110.5	75.5	76.5
#6E6E6E	111	76	111	110.5	111.5	75.5	76.5
#6F6F6F	112	76	112	111.5	112.5	75.5	76.5
#6E6E6E	113	76	111	112.5	113.5	75.5	76.5
#626262	114	76	99	113.5	114.5	75.5	76.5
#606060	115	76	97	114.5	115.5	75.5	76.5
#626262	116	76	99	115.5	116.5	75.5	76.5
#636363	117	76	100	116.5	117.5	75.5	76.5
#646464	118	76	101	117.5	118.5	75.5	76.5
#646464	119	76	101	118.5	119.5	75.5	76.5
#626262	120	76	99	119.5	120.5	75.5	76.5
#626262	121	76	99	120.5	121.5	75.5	76.5
#656565	122	76	102	121.5	122.5	75.5	76.5
#696969	123	76	106	122.5	123.5	75.5	76.5
#6B6B6B	124	76	108	123.5	124.5	75.5	76.5
#686868	125	76	105	124.5	125.5	75.5	76.5
#666666	126	76	103	125.5	126.5	75.5	76.5
#666666	127	76	103	126.5	127.5	75.5	76.5
#666666	128	76	103	127.5	128.5	75.5	76.5
#676767	129	76	104	128.5	129.5	75.5	76.5
#6D6D6D	130	76	110	129.5	130.5	75.5	76.5
#676767	131	76	104	130.5	131.5	75.5	76.5
#676767	132	76	104	131.5	132.5	75.5	76.5
#6A6A6A	133	76	107	132.5	133.5	75.5	76.5
#656565	134	76	102	133.5	134.5	75.5	76.5
#636363	135	76	100	134.5	135.5	75.5	76.5
#646464	136	76	101	135.5	136.5	75.5	76.5
#636363	137	76	100	136.5	137.5	75.5	76.5
#606060	138	76	97	137.5	138.5	75.5	76.5
#5E5E5E	139	76	95	138.5	139.5	75.5	76.5
#696969	0	75	106	-0.5	0.5	74.5	75.5
#878787	1	75	136	0.5	1.5	74.5	75.5
#828282	2	75	131	1.5	2.5	74.5	75.5
#848484	3	75	133	2.5	3.5	74.5	75.5
#898989	4	75	138	3.5	4.5	74.5	75.5
#8B8B8B	5	75	140	4.5	5.5	74.5	75.5
#8B8B8B	6	75	140	5.5	6.5	74.5	75.5
#8B8B8B	7	75	140	6.5	7.5	74.5	75.5
#8B8B8B	8	75	140	7.5	8.5	74.5	75.5
#8A8A8A	9	75	139	8.5	9.5	74.5	75.5
#878787	10	75	136	9.5	10.5	74.5	75.5
#858585	11	75	134	10.5	11.5	74.5	75.5
#848484	12	75	133	11.5	12.5	74.5	75.5
#848484	13	75	133	12.5	13.5	74.5	75.5
#868686	14	75	135	13.5	14.5	74.5	75.5
#868686	15	75	135	14.5	15.5	74.5	75.5
#868686	16	75	135	15.5	16.5	74.5	75.5
#858585	17	75	134	16.5	17.5	74.5	75.5
#848484	18	75	133	17.5	18.5	74.5	75.5
#828282	19	75	131	18.5	19.5	74.5	75.5
#818181	20	75	130	19.5	20.5	74.5	75.5
#828282	21	75	131	20.5	21.5	74.5	75.5
#818181	22	75	130	21.5	22.5	74.5	75.5
#808080	23	75	129	22.5	23.5	74.5	75.5
#7F7F7F	24	75	128	23.5	24.5	74.5	75.5
#7E7E7E	25	75	127	24.5	25.5	74.5	75.5
#818181	26	75	130	25.5	26.5	74.5	75.5
#818181	27	75	130	26.5	27.5	74.5	75.5
#7C7C7C	28	75	125	27.5	28.5	74.5	75.5
#828282	29	75	131	28.5	29.5	74.5	75.5
#838383	30	75	132	29.5	30.5	74.5	75.5
#858585	31	75	134	30.5	31.5	74.5	75.5
#7E7E7E	32	75	127	31.5	32.5	74.5	75.5
#6E6E6E	33	75	111	32.5	33.5	74.5	75.5
#6B6B6B	34	75	108	33.5	34.5	74.5	75.5
#696969	35	75	106	34.5	35.5	74.5	75.5
#686868	36	75	105	35.5	36.5	74.5	75.5
#6A6A6A	37	75	107	36.5	37.5	74.5	75.5
#686868	38	75	105	37.5	38.5	74.5	75.5
#646464	39	75	101	38.5	39.5	74.5	75.5
#5B5B5B	40	75	92	39.5	40.5	74.5	75.5
#545454	41	75	85	40.5	41.5	74.5	75.5
#555555	42	75	86	41.5	42.5	74.5	75.5
#525252	43	75	83	42.5	43.5	74.5	75.5
#4E4E4E	44	75	79	43.5	44.5	74.5	75.5
#4F4F4F	45	75	80	44.5	45.5	74.5	75.5
#595959	46	75	90	45.5	46.5	74.5	75.5
#565656	47	75	87	46.5	47.5	74.5	75.5
#4E4E4E	48	75	79	47.5	48.5	74.5	75.5
#545454	49	75	85	48.5	49.5	74.5	75.5
#5B5B5B	50	75	92	49.5	50.5	74.5	75.5
#5E5E5E	51	75	95	50.5	51.5	74.5	75.5
#5F5F5F	52	75	96	51.5	52.5	74.5	75.5
#515151	53	75	82	52.5	53.5	74.5	75.5
#555555	54	75	86	53.5	54.5	74.5	75.5
#686868	55	75	105	54.5	55.5	74.5	75.5
#6A6A6A	56	75	107	55.5	56.5	74.5	75.5
#676767	57	75	104	56.5	57.5	74.5	75.5
#626262	58	75	99	57.5	58.5	74.5	75.5
#626262	59	75	99	58.5	59.5	74.5	75.5
#6B6B6B	60	75	108	59.5	60.5	74.5	75.5
#737373	61	75	116	60.5	61.5	74.5	75.5
#747474	62	75	117	61.5	62.5	74.5	75.5
#737373	63	75	116	62.5	63.5	74.5	75.5
#777777	64	75	120	63.5	64.5	74.5	75.5
#797979	65	75	122	64.5	65.5	74.5	75.5
#7D7D7D	66	75	126	65.5	66.5	74.5	75.5
#7D7D7D	67	75	126	66.5	67.5	74.5	75.5
#7F7F7F	68	75	128	67.5	68.5	74.5	75.5
#7F7F7F	69	75	128	68.5	69.5	74.5	75.5
#858585	70	75	134	69.5	70.5	74.5	75.5
#858585	71	75	134	70.5	71.5	74.5	75.5
#828282	72	75	131	71.5	72.5	74.5	75.5
#808080	73	75	129	72.5	73.5	74.5	75.5
#818181	74	75	130	73.5	74.5	74.5	75.5
#7F7F7F	75	75	128	74.5	75.5	74.5	75.5
#7E7E7E	76	75	127	75.5	76.5	74.5	75.5
#7E7E7E	77	75	127	76.5	77.5	74.5	75.5
#7E7E7E	78	75	127	77.5	78.5	74.5	75.5
#7A7A7A	79	75	123	78.5	79.5	74.5	75.5
#6F6F6F	80	75	112	79.5	80.5	74.5	75.5
#676767	81	75	104	80.5	81.5	74.5	75.5
#666666	82	75	103	81.5	82.5	74.5	75.5
#656565	83	75	102	82.5	83.5	74.5	75.5
#656565	84	75	102	83.5	84.5	74.5	75.5
#636363	85	75	100	84.5	85.5	74.5	75.5
#5A5A5A	86	75	91	85.5	86.5	74.5	75.5
#515151	87	75	82	86.5	87.5	74.5	75.5
#454545	88	75	70	87.5	88.5	74.5	75.5
#434343	89	75	68	88.5	89.5	74.5	75.5
#404040	90	75	65	89.5	90.5	74.5	75.5
#3C3C3C	91	75	61	90.5	91.5	74.5	75.5
#3F3F3F	92	75	64	91.5	92.5	74.5	75.5
#4C4C4C	93	75	77	92.5	93.5	74.5	75.5
#434343	94	75	68	93.5	94.5	74.5	75.5
#434343	95	75	68	94.5	95.5	74.5	75.5
#3E3E3E	96	75	63	95.5	96.5	74.5	75.5
#424242	97	75	67	96.5	97.5	74.5	75.5
#494949	98	75	74	97.5	98.5	74.5	75.5
#4D4D4D	99	75	78	98.5	99.5	74.5	75.5
#4D4D4D	100	75	78	99.5	100.5	74.5	75.5
#474747	101	75	72	100.5	101.5	74.5	75.5
#454545	102	75	70	101.5	102.5	74.5	75.5
#464646	103	75	71	102.5	103.5	74.5	75.5
#464646	104	75	71	103.5	104.5	74.5	75.5
#454545	105	75	70	104.5	105.5	74.5	75.5
#4F4F4F	106	75	80	105.5	106.5	74.5	75.5
#5C5C5C	107	75	93	106.5	107.5	74.5	75.5
#5B5B5B	108	75	92	107.5	108.5	74.5	75.5
#5F5F5F	109	75	96	108.5	109.5	74.5	75.5
#626262	110	75	99	109.5	110.5	74.5	75.5
#6E6E6E	111	75	111	110.5	111.5	74.5	75.5
#6F6F6F	112	75	112	111.5	112.5	74.5	75.5
#6E6E6E	113	75	111	112.5	113.5	74.5	75.5
#646464	114	75	101	113.5	114.5	74.5	75.5
#616161	115	75	98	114.5	115.5	74.5	75.5
#626262	116	75	99	115.5	116.5	74.5	75.5
#636363	117	75	100	116.5	117.5	74.5	75.5
#646464	118	75	101	117.5	118.5	74.5	75.5
#656565	119	75	102	118.5	119.5	74.5	75.5
#646464	120	75	101	119.5	120.5	74.5	75.5
#646464	121	75	101	120.5	121.5	74.5	75.5
#676767	122	75	104	121.5	122.5	74.5	75.5
#6A6A6A	123	75	107	122.5	123.5	74.5	75.5
#6B6B6B	124	75	108	123.5	124.5	74.5	75.5
#6A6A6A	125	75	107	124.5	125.5	74.5	75.5
#676767	126	75	104	125.5	126.5	74.5	75.5
#686868	127	75	105	126.5	127.5	74.5	75.5
#696969	128	75	106	127.5	128.5	74.5	75.5
#686868	129	75	105	128.5	129.5	74.5	75.5
#686868	130	75	105	129.5	130.5	74.5	75.5
#6C6C6C	131	75	109	130.5	131.5	74.5	75.5
#6C6C6C	132	75	109	131.5	132.5	74.5	75.5
#6A6A6A	133	75	107	132.5	133.5	74.5	75.5
#676767	134	75	104	133.5	134.5	74.5	75.5
#656565	135	75	102	134.5	135.5	74.5	75.5
#626262	136	75	99	135.5	136.5	74.5	75.5
#646464	137	75	101	136.5	137.5	74.5	75.5
#626262	138	75	99	137.5	138.5	74.5	75.5
#616161	139	75	98	138.5	139.5	74.5	75.5
#686868	0	74	105	-0.5	0.5	73.5	74.5
#878787	1	74	136	0.5	1.5	73.5	74.5
#838383	2	74	132	1.5	2.5	73.5	74.5
#858585	3	74	134	2.5	3.5	73.5	74.5
#878787	4	74	136	3.5	4.5	73.5	74.5
#8A8A8A	5	74	139	4.5	5.5	73.5	74.5
#8C8C8C	6	74	141	5.5	6.5	73.5	74.5
#8C8C8C	7	74	141	6.5	7.5	73.5	74.5
#8B8B8B	8	74	140	7.5	8.5	73.5	74.5
#888888	9	74	137	8.5	9.5	73.5	74.5
#888888	10	74	137	9.5	10.5	73.5	74.5
#868686	11	74	135	10.5	11.5	73.5	74.5
#858585	12	74	134	11.5	12.5	73.5	74.5
#868686	13	74	135	12.5	13.5	73.5	74.5
#888888	14	74	137	13.5	14.5	73.5	74.5
#878787	15	74	136	14.5	15.5	73.5	74.5
#848484	16	74	133	15.5	16.5	73.5	74.5
#848484	17	74	133	16.5	17.5	73.5	74.5
#838383	18	74	132	17.5	18.5	73.5	74.5
#818181	19	74	130	18.5	19.5	73.5	74.5
#818181	20	74	130	19.5	20.5	73.5	74.5
#818181	21	74	130	20.5	21.5	73.5	74.5
#818181	22	74	130	21.5	22.5	73.5	74.5
#818181	23	74	130	22.5	23.5	73.5	74.5
#808080	24	74	129	23.5	24.5	73.5	74.5
#7E7E7E	25	74	127	24.5	25.5	73.5	74.5
#818181	26	74	130	25.5	26.5	73.5	74.5
#7D7D7D	27	74	126	26.5	27.5	73.5	74.5
#7B7B7B	28	74	124	27.5	28.5	73.5	74.5
#838383	29	74	132	28.5	29.5	73.5	74.5
#848484	30	74	133	29.5	30.5	73.5	74.5
#858585	31	74	134	30.5	31.5	73.5	74.5
#797979	32	74	122	31.5	32.5	73.5	74.5
#707070	33	74	113	32.5	33.5	73.5	74.5
#6F6F6F	34	74	112	33.5	34.5	73.5	74.5
#6E6E6E	35	74	111	34.5	35.5	73.5	74.5
#6C6C6C	36	74	109	35.5	36.5	73.5	74.5
#6D6D6D	37	74	110	36.5	37.5	73.5	74.5
#636363	38	74	100	37.5	38.5	73.5	74.5
#606060	39	74	97	38.5	39.5	73.5	74.5
#5C5C5C	40	74	93	39.5	40.5	73.5	74.5
#595959	41	74	90	40.5	41.5	73.5	74.5
#555555	42	74	86	41.5	42.5	73.5	74.5
#565656	43	74	87	42.5	43.5	73.5	74.5
#575757	44	74	88	43.5	44.5	73.5	74.5
#5F5F5F	45	74	96	44.5	45.5	73.5	74.5
#646464	46	74	101	45.5	46.5	73.5	74.5
#616161	47	74	98	46.5	47.5	73.5	74.5
#5B5B5B	48	74	92	47.5	48.5	73.5	74.5
#5A5A5A	49	74	91	48.5	49.5	73.5	74.5
#565656	50	74	87	49.5	50.5	73.5	74.5
#5A5A5A	51	74	91	50.5	51.5	73.5	74.5
#5C5C5C	52	74	93	51.5	52.5	73.5	74.5
#585858	53	74	89	52.5	53.5	73.5	74.5
#5E5E5E	54	74	95	53.5	54.5	73.5	74.5
#666666	55	74	103	54.5	55.5	73.5	74.5
#686868	56	74	105	55.5	56.5	73.5	74.5
#6A6A6A	57	74	107	56.5	57.5	73.5	74.5
#6E6E6E	58	74	111	57.5	58.5	73.5	74.5
#767676	59	74	119	58.5	59.5	73.5	74.5
#787878	60	74	121	59.5	60.5	73.5	74.5
#797979	61	74	122	60.5	61.5	73.5	74.5
#777777	62	74	120	61.5	62.5	73.5	74.5
#747474	63	74	117	62.5	63.5	73.5	74.5
#767676	64	74	119	63.5	64.5	73.5	74.5
#767676	65	74	119	64.5	65.5	73.5	74.5
#7C7C7C	66	74	125	65.5	66.5	73.5	74.5
#7E7E7E	67	74	127	66.5	67.5	73.5	74.5
#7F7F7F	68	74	128	67.5	68.5	73.5	74.5
#838383	69	74	132	68.5	69.5	73.5	74.5
#848484	70	74	133	69.5	70.5	73.5	74.5
#858585	71	74	134	70.5	71.5	73.5	74.5
#868686	72	74	135	71.5	72.5	73.5	74.5
#848484	73	74	133	72.5	73.5	73.5	74.5
#818181	74	74	130	73.5	74.5	73.5	74.5
#808080	75	74	129	74.5	75.5	73.5	74.5
#7F7F7F	76	74	128	75.5	76.5	73.5	74.5
#7C7C7C	77	74	125	76.5	77.5	73.5	74.5
#7B7B7B	78	74	124	77.5	78.5	73.5	74.5
#737373	79	74	116	78.5	79.5	73.5	74.5
#696969	80	74	106	79.5	80.5	73.5	74.5
#676767	81	74	104	80.5	81.5	73.5	74.5
#676767	82	74	104	81.5	82.5	73.5	74.5
#656565	83	74	102	82.5	83.5	73.5	74.5
#646464	84	74	101	83.5	84.5	73.5	74.5
#5C5C5C	85	74	93	84.5	85.5	73.5	74.5
#555555	86	74	86	85.5	86.5	73.5	74.5
#464646	87	74	71	86.5	87.5	73.5	74.5
#2F2F2F	88	74	48	87.5	88.5	73.5	74.5
#313131	89	74	50	88.5	89.5	73.5	74.5
#2B2B2B	90	74	44	89.5	90.5	73.5	74.5
#292929	91	74	42	90.5	91.5	73.5	74.5
#363636	92	74	55	91.5	92.5	73.5	74.5
#434343	93	74	68	92.5	93.5	73.5	74.5
#3B3B3B	94	74	60	93.5	94.5	73.5	74.5
#3F3F3F	95	74	64	94.5	95.5	73.5	74.5
#3D3D3D	96	74	62	95.5	96.5	73.5	74.5
#454545	97	74	70	96.5	97.5	73.5	74.5
#505050	98	74	81	97.5	98.5	73.5	74.5
#4C4C4C	99	74	77	98.5	99.5	73.5	74.5
#4A4A4A	100	74	75	99.5	100.5	73.5	74.5
#494949	101	74	74	100.5	101.5	73.5	74.5
#4F4F4F	102	74	80	101.5	102.5	73.5	74.5
#4B4B4B	103	74	76	102.5	103.5	73.5	74.5
#474747	104	74	72	103.5	104.5	73.5	74.5
#494949	105	74	74	104.5	105.5	73.5	74.5
#4A4A4A	106	74	75	105.5	106.5	73.5	74.5
#555555	107	74	86	106.5	107.5	73.5	74.5
#5E5E5E	108	74	95	107.5	108.5	73.5	74.5
#5F5F5F	109	74	96	108.5	109.5	73.5	74.5
#666666	110	74	103	109.5	110.5	73.5	74.5
#6E6E6E	111	74	111	110.5	111.5	73.5	74.5
#6F6F6F	112	74	112	111.5	112.5	73.5	74.5
#707070	113	74	113	112.5	113.5	73.5	74.5
#656565	114	74	102	113.5	114.5	73.5	74.5
#626262	115	74	99	114.5	115.5	73.5	74.5
#636363	116	74	100	115.5	116.5	73.5	74.5
#636363	117	74	100	116.5	117.5	73.5	74.5
#656565	118	74	102	117.5	118.5	73.5	74.5
#666666	119	74	103	118.5	119.5	73.5	74.5
#676767	120	74	104	119.5	120.5	73.5	74.5
#676767	121	74	104	120.5	121.5	73.5	74.5
#696969	122	74	106	121.5	122.5	73.5	74.5
#6C6C6C	123	74	109	122.5	123.5	73.5	74.5
#6D6D6D	124	74	110	123.5	124.5	73.5	74.5
#6B6B6B	125	74	108	124.5	125.5	73.5	74.5
#696969	126	74	106	125.5	126.5	73.5	74.5
#686868	127	74	105	126.5	127.5	73.5	74.5
#6A6A6A	128	74	107	127.5	128.5	73.5	74.5
#6A6A6A	129	74	107	128.5	129.5	73.5	74.5
#696969	130	74	106	129.5	130.5	73.5	74.5
#6A6A6A	131	74	107	130.5	131.5	73.5	74.5
#707070	132	74	113	131.5	132.5	73.5	74.5
#6B6B6B	133	74	108	132.5	133.5	73.5	74.5
#666666	134	74	103	133.5	134.5	73.5	74.5
#676767	135	74	104	134.5	135.5	73.5	74.5
#646464	136	74	101	135.5	136.5	73.5	74.5
#626262	137	74	99	136.5	137.5	73.5	74.5
#626262	138	74	99	137.5	138.5	73.5	74.5
#626262	139	74	99	138.5	139.5	73.5	74.5
#676767	0	73	104	-0.5	0.5	72.5	73.5
#858585	1	73	134	0.5	1.5	72.5	73.5
#818181	2	73	130	1.5	2.5	72.5	73.5
#858585	3	73	134	2.5	3.5	72.5	73.5
#878787	4	73	136	3.5	4.5	72.5	73.5
#8A8A8A	5	73	139	4.5	5.5	72.5	73.5
#8C8C8C	6	73	141	5.5	6.5	72.5	73.5
#8B8B8B	7	73	140	6.5	7.5	72.5	73.5
#8B8B8B	8	73	140	7.5	8.5	72.5	73.5
#8A8A8A	9	73	139	8.5	9.5	72.5	73.5
#8A8A8A	10	73	139	9.5	10.5	72.5	73.5
#888888	11	73	137	10.5	11.5	72.5	73.5
#878787	12	73	136	11.5	12.5	72.5	73.5
#868686	13	73	135	12.5	13.5	72.5	73.5
#878787	14	73	136	13.5	14.5	72.5	73.5
#858585	15	73	134	14.5	15.5	72.5	73.5
#838383	16	73	132	15.5	16.5	72.5	73.5
#848484	17	73	133	16.5	17.5	72.5	73.5
#848484	18	73	133	17.5	18.5	72.5	73.5
#828282	19	73	131	18.5	19.5	72.5	73.5
#818181	20	73	130	19.5	20.5	72.5	73.5
#818181	21	73	130	20.5	21.5	72.5	73.5
#818181	22	73	130	21.5	22.5	72.5	73.5
#818181	23	73	130	22.5	23.5	72.5	73.5
#808080	24	73	129	23.5	24.5	72.5	73.5
#7E7E7E	25	73	127	24.5	25.5	72.5	73.5
#7E7E7E	26	73	127	25.5	26.5	72.5	73.5
#7C7C7C	27	73	125	26.5	27.5	72.5	73.5
#7D7D7D	28	73	126	27.5	28.5	72.5	73.5
#838383	29	73	132	28.5	29.5	72.5	73.5
#858585	30	73	134	29.5	30.5	72.5	73.5
#828282	31	73	131	30.5	31.5	72.5	73.5
#797979	32	73	122	31.5	32.5	72.5	73.5
#737373	33	73	116	32.5	33.5	72.5	73.5
#707070	34	73	113	33.5	34.5	72.5	73.5
#6B6B6B	35	73	108	34.5	35.5	72.5	73.5
#6A6A6A	36	73	107	35.5	36.5	72.5	73.5
#656565	37	73	102	36.5	37.5	72.5	73.5
#5F5F5F	38	73	96	37.5	38.5	72.5	73.5
#606060	39	73	97	38.5	39.5	72.5	73.5
#5C5C5C	40	73	93	39.5	40.5	72.5	73.5
#5D5D5D	41	73	94	40.5	41.5	72.5	73.5
#585858	42	73	89	41.5	42.5	72.5	73.5
#505050	43	73	81	42.5	43.5	72.5	73.5
#545454	44	73	85	43.5	44.5	72.5	73.5
#5C5C5C	45	73	93	44.5	45.5	72.5	73.5
#5E5E5E	46	73	95	45.5	46.5	72.5	73.5
#626262	47	73	99	46.5	47.5	72.5	73.5
#606060	48	73	97	47.5	48.5	72.5	73.5
#5B5B5B	49	73	92	48.5	49.5	72.5	73.5
#515151	50	73	82	49.5	50.5	72.5	73.5
#505050	51	73	81	50.5	51.5	72.5	73.5
#585858	52	73	89	51.5	52.5	72.5	73.5
#5E5E5E	53	73	95	52.5	53.5	72.5	73.5
#656565	54	73	102	53.5	54.5	72.5	73.5
#6A6A6A	55	73	107	54.5	55.5	72.5	73.5
#666666	56	73	103	55.5	56.5	72.5	73.5
#6B6B6B	57	73	108	56.5	57.5	72.5	73.5
#727272	58	73	115	57.5	58.5	72.5	73.5
#727272	59	73	115	58.5	59.5	72.5	73.5
#767676	60	73	119	59.5	60.5	72.5	73.5
#7B7B7B	61	73	124	60.5	61.5	72.5	73.5
#7A7A7A	62	73	123	61.5	62.5	72.5	73.5
#7A7A7A	63	73	123	62.5	63.5	72.5	73.5
#7E7E7E	64	73	127	63.5	64.5	72.5	73.5
#7C7C7C	65	73	125	64.5	65.5	72.5	73.5
#818181	66	73	130	65.5	66.5	72.5	73.5
#818181	67	73	130	66.5	67.5	72.5	73.5
#838383	68	73	132	67.5	68.5	72.5	73.5
#848484	69	73	133	68.5	69.5	72.5	73.5
#868686	70	73	135	69.5	70.5	72.5	73.5
#878787	71	73	136	70.5	71.5	72.5	73.5
#878787	72	73	136	71.5	72.5	72.5	73.5
#868686	73	73	135	72.5	73.5	72.5	73.5
#848484	74	73	133	73.5	74.5	72.5	73.5
#818181	75	73	130	74.5	75.5	72.5	73.5
#7D7D7D	76	73	126	75.5	76.5	72.5	73.5
#7A7A7A	77	73	123	76.5	77.5	72.5	73.5
#797979	78	73	122	77.5	78.5	72.5	73.5
#727272	79	73	115	78.5	79.5	72.5	73.5
#6D6D6D	80	73	110	79.5	80.5	72.5	73.5
#6B6B6B	81	73	108	80.5	81.5	72.5	73.5
#686868	82	73	105	81.5	82.5	72.5	73.5
#676767	83	73	104	82.5	83.5	72.5	73.5
#646464	84	73	101	83.5	84.5	72.5	73.5
#5B5B5B	85	73	92	84.5	85.5	72.5	73.5
#565656	86	73	87	85.5	86.5	72.5	73.5
#414141	87	73	66	86.5	87.5	72.5	73.5
#292929	88	73	42	87.5	88.5	72.5	73.5
#2C2C2C	89	73	45	88.5	89.5	72.5	73.5
#2C2C2C	90	73	45	89.5	90.5	72.5	73.5
#2A2A2A	91	73	43	90.5	91.5	72.5	73.5
#363636	92	73	55	91.5	92.5	72.5	73.5
#3A3A3A	93	73	59	92.5	93.5	72.5	73.5
#363636	94	73	55	93.5	94.5	72.5	73.5
#3C3C3C	95	73	61	94.5	95.5	72.5	73.5
#404040	96	73	65	95.5	96.5	72.5	73.5
#494949	97	73	74	96.5	97.5	72.5	73.5
#4D4D4D	98	73	78	97.5	98.5	72.5	73.5
#4A4A4A	99	73	75	98.5	99.5	72.5	73.5
#4B4B4B	100	73	76	99.5	100.5	72.5	73.5
#4C4C4C	101	73	77	100.5	101.5	72.5	73.5
#525252	102	73	83	101.5	102.5	72.5	73.5
#525252	103	73	83	102.5	103.5	72.5	73.5
#4E4E4E	104	73	79	103.5	104.5	72.5	73.5
#494949	105	73	74	104.5	105.5	72.5	73.5
#494949	106	73	74	105.5	106.5	72.5	73.5
#4E4E4E	107	73	79	106.5	107.5	72.5	73.5
#5E5E5E	108	73	95	107.5	108.5	72.5	73.5
#606060	109	73	97	108.5	109.5	72.5	73.5
#676767	110	73	104	109.5	110.5	72.5	73.5
#6F6F6F	111	73	112	110.5	111.5	72.5	73.5
#6F6F6F	112	73	112	111.5	112.5	72.5	73.5
#6F6F6F	113	73	112	112.5	113.5	72.5	73.5
#676767	114	73	104	113.5	114.5	72.5	73.5
#636363	115	73	100	114.5	115.5	72.5	73.5
#636363	116	73	100	115.5	116.5	72.5	73.5
#636363	117	73	100	116.5	117.5	72.5	73.5
#656565	118	73	102	117.5	118.5	72.5	73.5
#686868	119	73	105	118.5	119.5	72.5	73.5
#696969	120	73	106	119.5	120.5	72.5	73.5
#6A6A6A	121	73	107	120.5	121.5	72.5	73.5
#6C6C6C	122	73	109	121.5	122.5	72.5	73.5
#6D6D6D	123	73	110	122.5	123.5	72.5	73.5
#6C6C6C	124	73	109	123.5	124.5	72.5	73.5
#6C6C6C	125	73	109	124.5	125.5	72.5	73.5
#6A6A6A	126	73	107	125.5	126.5	72.5	73.5
#696969	127	73	106	126.5	127.5	72.5	73.5
#6A6A6A	128	73	107	127.5	128.5	72.5	73.5
#6A6A6A	129	73	107	128.5	129.5	72.5	73.5
#6C6C6C	130	73	109	129.5	130.5	72.5	73.5
#6E6E6E	131	73	111	130.5	131.5	72.5	73.5
#6F6F6F	132	73	112	131.5	132.5	72.5	73.5
#6B6B6B	133	73	108	132.5	133.5	72.5	73.5
#646464	134	73	101	133.5	134.5	72.5	73.5
#656565	135	73	102	134.5	135.5	72.5	73.5
#676767	136	73	104	135.5	136.5	72.5	73.5
#636363	137	73	100	136.5	137.5	72.5	73.5
#636363	138	73	100	137.5	138.5	72.5	73.5
#606060	139	73	97	138.5	139.5	72.5	73.5
#656565	0	72	102	-0.5	0.5	71.5	72.5
#848484	1	72	133	0.5	1.5	71.5	72.5
#828282	2	72	131	1.5	2.5	71.5	72.5
#858585	3	72	134	2.5	3.5	71.5	72.5
#888888	4	72	137	3.5	4.5	71.5	72.5
#898989	5	72	138	4.5	5.5	71.5	72.5
#898989	6	72	138	5.5	6.5	71.5	72.5
#898989	7	72	138	6.5	7.5	71.5	72.5
#898989	8	72	138	7.5	8.5	71.5	72.5
#8A8A8A	9	72	139	8.5	9.5	71.5	72.5
#8B8B8B	10	72	140	9.5	10.5	71.5	72.5
#8A8A8A	11	72	139	10.5	11.5	71.5	72.5
#878787	12	72	136	11.5	12.5	71.5	72.5
#868686	13	72	135	12.5	13.5	71.5	72.5
#868686	14	72	135	13.5	14.5	71.5	72.5
#848484	15	72	133	14.5	15.5	71.5	72.5
#838383	16	72	132	15.5	16.5	71.5	72.5
#838383	17	72	132	16.5	17.5	71.5	72.5
#848484	18	72	133	17.5	18.5	71.5	72.5
#828282	19	72	131	18.5	19.5	71.5	72.5
#808080	20	72	129	19.5	20.5	71.5	72.5
#828282	21	72	131	20.5	21.5	71.5	72.5
#828282	22	72	131	21.5	22.5	71.5	72.5
#828282	23	72	131	22.5	23.5	71.5	72.5
#808080	24	72	129	23.5	24.5	71.5	72.5
#7E7E7E	25	72	127	24.5	25.5	71.5	72.5
#7D7D7D	26	72	126	25.5	26.5	71.5	72.5
#7A7A7A	27	72	123	26.5	27.5	71.5	72.5
#7F7F7F	28	72	128	27.5	28.5	71.5	72.5
#838383	29	72	132	28.5	29.5	71.5	72.5
#858585	30	72	134	29.5	30.5	71.5	72.5
#808080	31	72	129	30.5	31.5	71.5	72.5
#7A7A7A	32	72	123	31.5	32.5	71.5	72.5
#727272	33	72	115	32.5	33.5	71.5	72.5
#6B6B6B	34	72	108	33.5	34.5	71.5	72.5
#646464	35	72	101	34.5	35.5	71.5	72.5
#636363	36	72	100	35.5	36.5	71.5	72.5
#5E5E5E	37	72	95	36.5	37.5	71.5	72.5
#616161	38	72	98	37.5	38.5	71.5	72.5
#616161	39	72	98	38.5	39.5	71.5	72.5
#595959	40	72	90	39.5	40.5	71.5	72.5
#545454	41	72	85	40.5	41.5	71.5	72.5
#515151	42	72	82	41.5	42.5	71.5	72.5
#4D4D4D	43	72	78	42.5	43.5	71.5	72.5
#4D4D4D	44	72	78	43.5	44.5	71.5	72.5
#4B4B4B	45	72	76	44.5	45.5	71.5	72.5
#4B4B4B	46	72	76	45.5	46.5	71.5	72.5
#515151	47	72	82	46.5	47.5	71.5	72.5
#5B5B5B	48	72	92	47.5	48.5	71.5	72.5
#4E4E4E	49	72	79	48.5	49.5	71.5	72.5
#3D3D3D	50	72	62	49.5	50.5	71.5	72.5
#353535	51	72	54	50.5	51.5	71.5	72.5
#414141	52	72	66	51.5	52.5	71.5	72.5
#525252	53	72	83	52.5	53.5	71.5	72.5
#5F5F5F	54	72	96	53.5	54.5	71.5	72.5
#6E6E6E	55	72	111	54.5	55.5	71.5	72.5
#6C6C6C	56	72	109	55.5	56.5	71.5	72.5
#6F6F6F	57	72	112	56.5	57.5	71.5	72.5
#6D6D6D	58	72	110	57.5	58.5	71.5	72.5
#686868	59	72	105	58.5	59.5	71.5	72.5
#747474	60	72	117	59.5	60.5	71.5	72.5
#787878	61	72	121	60.5	61.5	71.5	72.5
#7A7A7A	62	72	123	61.5	62.5	71.5	72.5
#7D7D7D	63	72	126	62.5	63.5	71.5	72.5
#7D7D7D	64	72	126	63.5	64.5	71.5	72.5
#7E7E7E	65	72	127	64.5	65.5	71.5	72.5
#828282	66	72	131	65.5	66.5	71.5	72.5
#818181	67	72	130	66.5	67.5	71.5	72.5
#858585	68	72	134	67.5	68.5	71.5	72.5
#848484	69	72	133	68.5	69.5	71.5	72.5
#878787	70	72	136	69.5	70.5	71.5	72.5
#888888	71	72	137	70.5	71.5	71.5	72.5
#888888	72	72	137	71.5	72.5	71.5	72.5
#868686	73	72	135	72.5	73.5	71.5	72.5
#848484	74	72	133	73.5	74.5	71.5	72.5
#808080	75	72	129	74.5	75.5	71.5	72.5
#7C7C7C	76	72	125	75.5	76.5	71.5	72.5
#7B7B7B	77	72	124	76.5	77.5	71.5	72.5
#797979	78	72	122	77.5	78.5	71.5	72.5
#747474	79	72	117	78.5	79.5	71.5	72.5
#6D6D6D	80	72	110	79.5	80.5	71.5	72.5
#696969	81	72	106	80.5	81.5	71.5	72.5
#666666	82	72	103	81.5	82.5	71.5	72.5
#666666	83	72	103	82.5	83.5	71.5	72.5
#616161	84	72	98	83.5	84.5	71.5	72.5
#5D5D5D	85	72	94	84.5	85.5	71.5	72.5
#585858	86	72	89	85.5	86.5	71.5	72.5
#404040	87	72	65	86.5	87.5	71.5	72.5
#2B2B2B	88	72	44	87.5	88.5	71.5	72.5
#2F2F2F	89	72	48	88.5	89.5	71.5	72.5
#313131	90	72	50	89.5	90.5	71.5	72.5
#313131	91	72	50	90.5	91.5	71.5	72.5
#3B3B3B	92	72	60	91.5	92.5	71.5	72.5
#353535	93	72	54	92.5	93.5	71.5	72.5
#333333	94	72	52	93.5	94.5	71.5	72.5
#414141	95	72	66	94.5	95.5	71.5	72.5
#474747	96	72	72	95.5	96.5	71.5	72.5
#424242	97	72	67	96.5	97.5	71.5	72.5
#4B4B4B	98	72	76	97.5	98.5	71.5	72.5
#4D4D4D	99	72	78	98.5	99.5	71.5	72.5
#505050	100	72	81	99.5	100.5	71.5	72.5
#515151	101	72	82	100.5	101.5	71.5	72.5
#525252	102	72	83	101.5	102.5	71.5	72.5
#515151	103	72	82	102.5	103.5	71.5	72.5
#545454	104	72	85	103.5	104.5	71.5	72.5
#515151	105	72	82	104.5	105.5	71.5	72.5
#4B4B4B	106	72	76	105.5	106.5	71.5	72.5
#4C4C4C	107	72	77	106.5	107.5	71.5	72.5
#595959	108	72	90	107.5	108.5	71.5	72.5
#626262	109	72	99	108.5	109.5	71.5	72.5
#6A6A6A	110	72	107	109.5	110.5	71.5	72.5
#707070	111	72	113	110.5	111.5	71.5	72.5
#707070	112	72	113	111.5	112.5	71.5	72.5
#6E6E6E	113	72	111	112.5	113.5	71.5	72.5
#686868	114	72	105	113.5	114.5	71.5	72.5
#636363	115	72	100	114.5	115.5	71.5	72.5
#636363	116	72	100	115.5	116.5	71.5	72.5
#646464	117	72	101	116.5	117.5	71.5	72.5
#666666	118	72	103	117.5	118.5	71.5	72.5
#6A6A6A	119	72	107	118.5	119.5	71.5	72.5
#6B6B6B	120	72	108	119.5	120.5	71.5	72.5
#6E6E6E	121	72	111	120.5	121.5	71.5	72.5
#6E6E6E	122	72	111	121.5	122.5	71.5	72.5
#6D6D6D	123	72	110	122.5	123.5	71.5	72.5
#6D6D6D	124	72	110	123.5	124.5	71.5	72.5
#6D6D6D	125	72	110	124.5	125.5	71.5	72.5
#696969	126	72	106	125.5	126.5	71.5	72.5
#666666	127	72	103	126.5	127.5	71.5	72.5
#666666	128	72	103	127.5	128.5	71.5	72.5
#666666	129	72	103	128.5	129.5	71.5	72.5
#676767	130	72	104	129.5	130.5	71.5	72.5
#6B6B6B	131	72	108	130.5	131.5	71.5	72.5
#6C6C6C	132	72	109	131.5	132.5	71.5	72.5
#6B6B6B	133	72	108	132.5	133.5	71.5	72.5
#646464	134	72	101	133.5	134.5	71.5	72.5
#646464	135	72	101	134.5	135.5	71.5	72.5
#6A6A6A	136	72	107	135.5	136.5	71.5	72.5
#646464	137	72	101	136.5	137.5	71.5	72.5
#636363	138	72	100	137.5	138.5	71.5	72.5
#616161	139	72	98	138.5	139.5	71.5	72.5
#656565	0	71	102	-0.5	0.5	70.5	71.5
#868686	1	71	135	0.5	1.5	70.5	71.5
#838383	2	71	132	1.5	2.5	70.5	71.5
#868686	3	71	135	2.5	3.5	70.5	71.5
#898989	4	71	138	3.5	4.5	70.5	71.5
#898989	5	71	138	4.5	5.5	70.5	71.5
#888888	6	71	137	5.5	6.5	70.5	71.5
#888888	7	71	137	6.5	7.5	70.5	71.5
#898989	8	71	138	7.5	8.5	70.5	71.5
#898989	9	71	138	8.5	9.5	70.5	71.5
#888888	10	71	137	9.5	10.5	70.5	71.5
#888888	11	71	137	10.5	11.5	70.5	71.5
#878787	12	71	136	11.5	12.5	70.5	71.5
#868686	13	71	135	12.5	13.5	70.5	71.5
#878787	14	71	136	13.5	14.5	70.5	71.5
#858585	15	71	134	14.5	15.5	70.5	71.5
#848484	16	71	133	15.5	16.5	70.5	71.5
#848484	17	71	133	16.5	17.5	70.5	71.5
#848484	18	71	133	17.5	18.5	70.5	71.5
#838383	19	71	132	18.5	19.5	70.5	71.5
#828282	20	71	131	19.5	20.5	70.5	71.5
#828282	21	71	131	20.5	21.5	70.5	71.5
#838383	22	71	132	21.5	22.5	70.5	71.5
#808080	23	71	129	22.5	23.5	70.5	71.5
#7F7F7F	24	71	128	23.5	24.5	70.5	71.5
#818181	25	71	130	24.5	25.5	70.5	71.5
#7F7F7F	26	71	128	25.5	26.5	70.5	71.5
#7C7C7C	27	71	125	26.5	27.5	70.5	71.5
#828282	28	71	131	27.5	28.5	70.5	71.5
#858585	29	71	134	28.5	29.5	70.5	71.5
#868686	30	71	135	29.5	30.5	70.5	71.5
#818181	31	71	130	30.5	31.5	70.5	71.5
#7A7A7A	32	71	123	31.5	32.5	70.5	71.5
#6E6E6E	33	71	111	32.5	33.5	70.5	71.5
#656565	34	71	102	33.5	34.5	70.5	71.5
#626262	35	71	99	34.5	35.5	70.5	71.5
#5E5E5E	36	71	95	35.5	36.5	70.5	71.5
#595959	37	71	90	36.5	37.5	70.5	71.5
#595959	38	71	90	37.5	38.5	70.5	71.5
#525252	39	71	83	38.5	39.5	70.5	71.5
#4B4B4B	40	71	76	39.5	40.5	70.5	71.5
#464646	41	71	71	40.5	41.5	70.5	71.5
#484848	42	71	73	41.5	42.5	70.5	71.5
#4D4D4D	43	71	78	42.5	43.5	70.5	71.5
#424242	44	71	67	43.5	44.5	70.5	71.5
#3C3C3C	45	71	61	44.5	45.5	70.5	71.5
#3B3B3B	46	71	60	45.5	46.5	70.5	71.5
#434343	47	71	68	46.5	47.5	70.5	71.5
#565656	48	71	87	47.5	48.5	70.5	71.5
#4C4C4C	49	71	77	48.5	49.5	70.5	71.5
#363636	50	71	55	49.5	50.5	70.5	71.5
#282828	51	71	41	50.5	51.5	70.5	71.5
#343434	52	71	53	51.5	52.5	70.5	71.5
#434343	53	71	68	52.5	53.5	70.5	71.5
#4D4D4D	54	71	78	53.5	54.5	70.5	71.5
#5F5F5F	55	71	96	54.5	55.5	70.5	71.5
#6C6C6C	56	71	109	55.5	56.5	70.5	71.5
#6B6B6B	57	71	108	56.5	57.5	70.5	71.5
#656565	58	71	102	57.5	58.5	70.5	71.5
#6D6D6D	59	71	110	58.5	59.5	70.5	71.5
#777777	60	71	120	59.5	60.5	70.5	71.5
#787878	61	71	121	60.5	61.5	70.5	71.5
#7E7E7E	62	71	127	61.5	62.5	70.5	71.5
#828282	63	71	131	62.5	63.5	70.5	71.5
#808080	64	71	129	63.5	64.5	70.5	71.5
#828282	65	71	131	64.5	65.5	70.5	71.5
#828282	66	71	131	65.5	66.5	70.5	71.5
#828282	67	71	131	66.5	67.5	70.5	71.5
#858585	68	71	134	67.5	68.5	70.5	71.5
#868686	69	71	135	68.5	69.5	70.5	71.5
#868686	70	71	135	69.5	70.5	70.5	71.5
#868686	71	71	135	70.5	71.5	70.5	71.5
#898989	72	71	138	71.5	72.5	70.5	71.5
#878787	73	71	136	72.5	73.5	70.5	71.5
#848484	74	71	133	73.5	74.5	70.5	71.5
#818181	75	71	130	74.5	75.5	70.5	71.5
#7F7F7F	76	71	128	75.5	76.5	70.5	71.5
#7E7E7E	77	71	127	76.5	77.5	70.5	71.5
#797979	78	71	122	77.5	78.5	70.5	71.5
#767676	79	71	119	78.5	79.5	70.5	71.5
#6E6E6E	80	71	111	79.5	80.5	70.5	71.5
#696969	81	71	106	80.5	81.5	70.5	71.5
#656565	82	71	102	81.5	82.5	70.5	71.5
#646464	83	71	101	82.5	83.5	70.5	71.5
#616161	84	71	98	83.5	84.5	70.5	71.5
#5D5D5D	85	71	94	84.5	85.5	70.5	71.5
#575757	86	71	88	85.5	86.5	70.5	71.5
#424242	87	71	67	86.5	87.5	70.5	71.5
#303030	88	71	49	87.5	88.5	70.5	71.5
#343434	89	71	53	88.5	89.5	70.5	71.5
#373737	90	71	56	89.5	90.5	70.5	71.5
#3E3E3E	91	71	63	90.5	91.5	70.5	71.5
#444444	92	71	69	91.5	92.5	70.5	71.5
#404040	93	71	65	92.5	93.5	70.5	71.5
#3D3D3D	94	71	62	93.5	94.5	70.5	71.5
#434343	95	71	68	94.5	95.5	70.5	71.5
#444444	96	71	69	95.5	96.5	70.5	71.5
#3B3B3B	97	71	60	96.5	97.5	70.5	71.5
#454545	98	71	70	97.5	98.5	70.5	71.5
#4D4D4D	99	71	78	98.5	99.5	70.5	71.5
#515151	100	71	82	99.5	100.5	70.5	71.5
#4D4D4D	101	71	78	100.5	101.5	70.5	71.5
#4D4D4D	102	71	78	101.5	102.5	70.5	71.5
#4D4D4D	103	71	78	102.5	103.5	70.5	71.5
#535353	104	71	84	103.5	104.5	70.5	71.5
#585858	105	71	89	104.5	105.5	70.5	71.5
#535353	106	71	84	105.5	106.5	70.5	71.5
#4F4F4F	107	71	80	106.5	107.5	70.5	71.5
#535353	108	71	84	107.5	108.5	70.5	71.5
#646464	109	71	101	108.5	109.5	70.5	71.5
#6B6B6B	110	71	108	109.5	110.5	70.5	71.5
#717171	111	71	114	110.5	111.5	70.5	71.5
#717171	112	71	114	111.5	112.5	70.5	71.5
#6E6E6E	113	71	111	112.5	113.5	70.5	71.5
#6A6A6A	114	71	107	113.5	114.5	70.5	71.5
#656565	115	71	102	114.5	115.5	70.5	71.5
#666666	116	71	103	115.5	116.5	70.5	71.5
#676767	117	71	104	116.5	117.5	70.5	71.5
#676767	118	71	104	117.5	118.5	70.5	71.5
#6B6B6B	119	71	108	118.5	119.5	70.5	71.5
#6E6E6E	120	71	111	119.5	120.5	70.5	71.5
#707070	121	71	113	120.5	121.5	70.5	71.5
#6F6F6F	122	71	112	121.5	122.5	70.5	71.5
#6F6F6F	123	71	112	122.5	123.5	70.5	71.5
#6F6F6F	124	71	112	123.5	124.5	70.5	71.5
#6D6D6D	125	71	110	124.5	125.5	70.5	71.5
#676767	126	71	104	125.5	126.5	70.5	71.5
#636363	127	71	100	126.5	127.5	70.5	71.5
#616161	128	71	98	127.5	128.5	70.5	71.5
#616161	129	71	98	128.5	129.5	70.5	71.5
#5F5F5F	130	71	96	129.5	130.5	70.5	71.5
#5F5F5F	131	71	96	130.5	131.5	70.5	71.5
#606060	132	71	97	131.5	132.5	70.5	71.5
#666666	133	71	103	132.5	133.5	70.5	71.5
#626262	134	71	99	133.5	134.5	70.5	71.5
#606060	135	71	97	134.5	135.5	70.5	71.5
#6A6A6A	136	71	107	135.5	136.5	70.5	71.5
#6A6A6A	137	71	107	136.5	137.5	70.5	71.5
#676767	138	71	104	137.5	138.5	70.5	71.5
#656565	139	71	102	138.5	139.5	70.5	71.5
#646464	0	70	101	-0.5	0.5	69.5	70.5
#858585	1	70	134	0.5	1.5	69.5	70.5
#848484	2	70	133	1.5	2.5	69.5	70.5
#888888	3	70	137	2.5	3.5	69.5	70.5
#8A8A8A	4	70	139	3.5	4.5	69.5	70.5
#898989	5	70	138	4.5	5.5	69.5	70.5
#898989	6	70	138	5.5	6.5	69.5	70.5
#898989	7	70	138	6.5	7.5	69.5	70.5
#888888	8	70	137	7.5	8.5	69.5	70.5
#888888	9	70	137	8.5	9.5	69.5	70.5
#888888	10	70	137	9.5	10.5	69.5	70.5
#888888	11	70	137	10.5	11.5	69.5	70.5
#888888	12	70	137	11.5	12.5	69.5	70.5
#868686	13	70	135	12.5	13.5	69.5	70.5
#868686	14	70	135	13.5	14.5	69.5	70.5
#858585	15	70	134	14.5	15.5	69.5	70.5
#848484	16	70	133	15.5	16.5	69.5	70.5
#858585	17	70	134	16.5	17.5	69.5	70.5
#848484	18	70	133	17.5	18.5	69.5	70.5
#838383	19	70	132	18.5	19.5	69.5	70.5
#838383	20	70	132	19.5	20.5	69.5	70.5
#838383	21	70	132	20.5	21.5	69.5	70.5
#838383	22	70	132	21.5	22.5	69.5	70.5
#818181	23	70	130	22.5	23.5	69.5	70.5
#818181	24	70	130	23.5	24.5	69.5	70.5
#828282	25	70	131	24.5	25.5	69.5	70.5
#7F7F7F	26	70	128	25.5	26.5	69.5	70.5
#7F7F7F	27	70	128	26.5	27.5	69.5	70.5
#858585	28	70	134	27.5	28.5	69.5	70.5
#878787	29	70	136	28.5	29.5	69.5	70.5
#878787	30	70	136	29.5	30.5	69.5	70.5
#808080	31	70	129	30.5	31.5	69.5	70.5
#797979	32	70	122	31.5	32.5	69.5	70.5
#6E6E6E	33	70	111	32.5	33.5	69.5	70.5
#696969	34	70	106	33.5	34.5	69.5	70.5
#656565	35	70	102	34.5	35.5	69.5	70.5
#5B5B5B	36	70	92	35.5	36.5	69.5	70.5
#545454	37	70	85	36.5	37.5	69.5	70.5
#515151	38	70	82	37.5	38.5	69.5	70.5
#4A4A4A	39	70	75	38.5	39.5	69.5	70.5
#454545	40	70	70	39.5	40.5	69.5	70.5
#434343	41	70	68	40.5	41.5	69.5	70.5
#484848	42	70	73	41.5	42.5	69.5	70.5
#4A4A4A	43	70	75	42.5	43.5	69.5	70.5
#3F3F3F	44	70	64	43.5	44.5	69.5	70.5
#3A3A3A	45	70	59	44.5	45.5	69.5	70.5
#383838	46	70	57	45.5	46.5	69.5	70.5
#3E3E3E	47	70	63	46.5	47.5	69.5	70.5
#4E4E4E	48	70	79	47.5	48.5	69.5	70.5
#4B4B4B	49	70	76	48.5	49.5	69.5	70.5
#3E3E3E	50	70	63	49.5	50.5	69.5	70.5
#383838	51	70	57	50.5	51.5	69.5	70.5
#454545	52	70	70	51.5	52.5	69.5	70.5
#4C4C4C	53	70	77	52.5	53.5	69.5	70.5
#505050	54	70	81	53.5	54.5	69.5	70.5
#5B5B5B	55	70	92	54.5	55.5	69.5	70.5
#656565	56	70	102	55.5	56.5	69.5	70.5
#575757	57	70	88	56.5	57.5	69.5	70.5
#5A5A5A	58	70	91	57.5	58.5	69.5	70.5
#6A6A6A	59	70	107	58.5	59.5	69.5	70.5
#737373	60	70	116	59.5	60.5	69.5	70.5
#7C7C7C	61	70	125	60.5	61.5	69.5	70.5
#858585	62	70	134	61.5	62.5	69.5	70.5
#858585	63	70	134	62.5	63.5	69.5	70.5
#838383	64	70	132	63.5	64.5	69.5	70.5
#868686	65	70	135	64.5	65.5	69.5	70.5
#868686	66	70	135	65.5	66.5	69.5	70.5
#878787	67	70	136	66.5	67.5	69.5	70.5
#868686	68	70	135	67.5	68.5	69.5	70.5
#888888	69	70	137	68.5	69.5	69.5	70.5
#868686	70	70	135	69.5	70.5	69.5	70.5
#838383	71	70	132	70.5	71.5	69.5	70.5
#848484	72	70	133	71.5	72.5	69.5	70.5
#828282	73	70	131	72.5	73.5	69.5	70.5
#818181	74	70	130	73.5	74.5	69.5	70.5
#7E7E7E	75	70	127	74.5	75.5	69.5	70.5
#818181	76	70	130	75.5	76.5	69.5	70.5
#7F7F7F	77	70	128	76.5	77.5	69.5	70.5
#7C7C7C	78	70	125	77.5	78.5	69.5	70.5
#797979	79	70	122	78.5	79.5	69.5	70.5
#747474	80	70	117	79.5	80.5	69.5	70.5
#707070	81	70	113	80.5	81.5	69.5	70.5
#6D6D6D	82	70	110	81.5	82.5	69.5	70.5
#686868	83	70	105	82.5	83.5	69.5	70.5
#636363	84	70	100	83.5	84.5	69.5	70.5
#5D5D5D	85	70	94	84.5	85.5	69.5	70.5
#555555	86	70	86	85.5	86.5	69.5	70.5
#464646	87	70	71	86.5	87.5	69.5	70.5
#373737	88	70	56	87.5	88.5	69.5	70.5
#373737	89	70	56	88.5	89.5	69.5	70.5
#3F3F3F	90	70	64	89.5	90.5	69.5	70.5
#454545	91	70	70	90.5	91.5	69.5	70.5
#494949	92	70	74	91.5	92.5	69.5	70.5
#434343	93	70	68	92.5	93.5	69.5	70.5
#3F3F3F	94	70	64	93.5	94.5	69.5	70.5
#414141	95	70	66	94.5	95.5	69.5	70.5
#383838	96	70	57	95.5	96.5	69.5	70.5
#363636	97	70	55	96.5	97.5	69.5	70.5
#414141	98	70	66	97.5	98.5	69.5	70.5
#484848	99	70	73	98.5	99.5	69.5	70.5
#4A4A4A	100	70	75	99.5	100.5	69.5	70.5
#494949	101	70	74	100.5	101.5	69.5	70.5
#4E4E4E	102	70	79	101.5	102.5	69.5	70.5
#4F4F4F	103	70	80	102.5	103.5	69.5	70.5
#555555	104	70	86	103.5	104.5	69.5	70.5
#5C5C5C	105	70	93	104.5	105.5	69.5	70.5
#5C5C5C	106	70	93	105.5	106.5	69.5	70.5
#585858	107	70	89	106.5	107.5	69.5	70.5
#515151	108	70	82	107.5	108.5	69.5	70.5
#646464	109	70	101	108.5	109.5	69.5	70.5
#6D6D6D	110	70	110	109.5	110.5	69.5	70.5
#727272	111	70	115	110.5	111.5	69.5	70.5
#737373	112	70	116	111.5	112.5	69.5	70.5
#6F6F6F	113	70	112	112.5	113.5	69.5	70.5
#6C6C6C	114	70	109	113.5	114.5	69.5	70.5
#676767	115	70	104	114.5	115.5	69.5	70.5
#676767	116	70	104	115.5	116.5	69.5	70.5
#676767	117	70	104	116.5	117.5	69.5	70.5
#696969	118	70	106	117.5	118.5	69.5	70.5
#6D6D6D	119	70	110	118.5	119.5	69.5	70.5
#6F6F6F	120	70	112	119.5	120.5	69.5	70.5
#707070	121	70	113	120.5	121.5	69.5	70.5
#717171	122	70	114	121.5	122.5	69.5	70.5
#717171	123	70	114	122.5	123.5	69.5	70.5
#6D6D6D	124	70	110	123.5	124.5	69.5	70.5
#6A6A6A	125	70	107	124.5	125.5	69.5	70.5
#646464	126	70	101	125.5	126.5	69.5	70.5
#606060	127	70	97	126.5	127.5	69.5	70.5
#5E5E5E	128	70	95	127.5	128.5	69.5	70.5
#606060	129	70	97	128.5	129.5	69.5	70.5
#616161	130	70	98	129.5	130.5	69.5	70.5
#606060	131	70	97	130.5	131.5	69.5	70.5
#5E5E5E	132	70	95	131.5	132.5	69.5	70.5
#616161	133	70	98	132.5	133.5	69.5	70.5
#646464	134	70	101	133.5	134.5	69.5	70.5
#5D5D5D	135	70	94	134.5	135.5	69.5	70.5
#5F5F5F	136	70	96	135.5	136.5	69.5	70.5
#656565	137	70	102	136.5	137.5	69.5	70.5
#6F6F6F	138	70	112	137.5	138.5	69.5	70.5
#6D6D6D	139	70	110	138.5	139.5	69.5	70.5
#646464	0	69	101	-0.5	0.5	68.5	69.5
#868686	1	69	135	0.5	1.5	68.5	69.5
#888888	2	69	137	1.5	2.5	68.5	69.5
#898989	3	69	138	2.5	3.5	68.5	69.5
#8B8B8B	4	69	140	3.5	4.5	68.5	69.5
#8A8A8A	5	69	139	4.5	5.5	68.5	69.5
#898989	6	69	138	5.5	6.5	68.5	69.5
#898989	7	69	138	6.5	7.5	68.5	69.5
#888888	8	69	137	7.5	8.5	68.5	69.5
#888888	9	69	137	8.5	9.5	68.5	69.5
#888888	10	69	137	9.5	10.5	68.5	69.5
#888888	11	69	137	10.5	11.5	68.5	69.5
#888888	12	69	137	11.5	12.5	68.5	69.5
#878787	13	69	136	12.5	13.5	68.5	69.5
#878787	14	69	136	13.5	14.5	68.5	69.5
#858585	15	69	134	14.5	15.5	68.5	69.5
#868686	16	69	135	15.5	16.5	68.5	69.5
#858585	17	69	134	16.5	17.5	68.5	69.5
#858585	18	69	134	17.5	18.5	68.5	69.5
#838383	19	69	132	18.5	19.5	68.5	69.5
#828282	20	69	131	19.5	20.5	68.5	69.5
#838383	21	69	132	20.5	21.5	68.5	69.5
#828282	22	69	131	21.5	22.5	68.5	69.5
#828282	23	69	131	22.5	23.5	68.5	69.5
#828282	24	69	131	23.5	24.5	68.5	69.5
#838383	25	69	132	24.5	25.5	68.5	69.5
#7E7E7E	26	69	127	25.5	26.5	68.5	69.5
#818181	27	69	130	26.5	27.5	68.5	69.5
#848484	28	69	133	27.5	28.5	68.5	69.5
#878787	29	69	136	28.5	29.5	68.5	69.5
#878787	30	69	136	29.5	30.5	68.5	69.5
#808080	31	69	129	30.5	31.5	68.5	69.5
#787878	32	69	121	31.5	32.5	68.5	69.5
#707070	33	69	113	32.5	33.5	68.5	69.5
#656565	34	69	102	33.5	34.5	68.5	69.5
#5A5A5A	35	69	91	34.5	35.5	68.5	69.5
#565656	36	69	87	35.5	36.5	68.5	69.5
#525252	37	69	83	36.5	37.5	68.5	69.5
#4E4E4E	38	69	79	37.5	38.5	68.5	69.5
#4C4C4C	39	69	77	38.5	39.5	68.5	69.5
#4B4B4B	40	69	76	39.5	40.5	68.5	69.5
#444444	41	69	69	40.5	41.5	68.5	69.5
#404040	42	69	65	41.5	42.5	68.5	69.5
#444444	43	69	69	42.5	43.5	68.5	69.5
#3A3A3A	44	69	59	43.5	44.5	68.5	69.5
#373737	45	69	56	44.5	45.5	68.5	69.5
#3F3F3F	46	69	64	45.5	46.5	68.5	69.5
#484848	47	69	73	46.5	47.5	68.5	69.5
#4B4B4B	48	69	76	47.5	48.5	68.5	69.5
#464646	49	69	71	48.5	49.5	68.5	69.5
#3E3E3E	50	69	63	49.5	50.5	68.5	69.5
#414141	51	69	66	50.5	51.5	68.5	69.5
#505050	52	69	81	51.5	52.5	68.5	69.5
#5B5B5B	53	69	92	52.5	53.5	68.5	69.5
#5D5D5D	54	69	94	53.5	54.5	68.5	69.5
#616161	55	69	98	54.5	55.5	68.5	69.5
#696969	56	69	106	55.5	56.5	68.5	69.5
#585858	57	69	89	56.5	57.5	68.5	69.5
#5A5A5A	58	69	91	57.5	58.5	68.5	69.5
#606060	59	69	97	58.5	59.5	68.5	69.5
#656565	60	69	102	59.5	60.5	68.5	69.5
#7C7C7C	61	69	125	60.5	61.5	68.5	69.5
#888888	62	69	137	61.5	62.5	68.5	69.5
#878787	63	69	136	62.5	63.5	68.5	69.5
#868686	64	69	135	63.5	64.5	68.5	69.5
#858585	65	69	134	64.5	65.5	68.5	69.5
#888888	66	69	137	65.5	66.5	68.5	69.5
#8A8A8A	67	69	139	66.5	67.5	68.5	69.5
#898989	68	69	138	67.5	68.5	68.5	69.5
#888888	69	69	137	68.5	69.5	68.5	69.5
#878787	70	69	136	69.5	70.5	68.5	69.5
#858585	71	69	134	70.5	71.5	68.5	69.5
#838383	72	69	132	71.5	72.5	68.5	69.5
#838383	73	69	132	72.5	73.5	68.5	69.5
#818181	74	69	130	73.5	74.5	68.5	69.5
#7D7D7D	75	69	126	74.5	75.5	68.5	69.5
#7F7F7F	76	69	128	75.5	76.5	68.5	69.5
#818181	77	69	130	76.5	77.5	68.5	69.5
#7F7F7F	78	69	128	77.5	78.5	68.5	69.5
#7C7C7C	79	69	125	78.5	79.5	68.5	69.5
#767676	80	69	119	79.5	80.5	68.5	69.5
#747474	81	69	117	80.5	81.5	68.5	69.5
#727272	82	69	115	81.5	82.5	68.5	69.5
#6E6E6E	83	69	111	82.5	83.5	68.5	69.5
#6A6A6A	84	69	107	83.5	84.5	68.5	69.5
#696969	85	69	106	84.5	85.5	68.5	69.5
#616161	86	69	98	85.5	86.5	68.5	69.5
#515151	87	69	82	86.5	87.5	68.5	69.5
#3E3E3E	88	69	63	87.5	88.5	68.5	69.5
#414141	89	69	66	88.5	89.5	68.5	69.5
#424242	90	69	67	89.5	90.5	68.5	69.5
#414141	91	69	66	90.5	91.5	68.5	69.5
#464646	92	69	71	91.5	92.5	68.5	69.5
#3F3F3F	93	69	64	92.5	93.5	68.5	69.5
#373737	94	69	56	93.5	94.5	68.5	69.5
#373737	95	69	56	94.5	95.5	68.5	69.5
#353535	96	69	54	95.5	96.5	68.5	69.5
#3E3E3E	97	69	63	96.5	97.5	68.5	69.5
#434343	98	69	68	97.5	98.5	68.5	69.5
#444444	99	69	69	98.5	99.5	68.5	69.5
#444444	100	69	69	99.5	100.5	68.5	69.5
#444444	101	69	69	100.5	101.5	68.5	69.5
#4A4A4A	102	69	75	101.5	102.5	68.5	69.5
#555555	103	69	86	102.5	103.5	68.5	69.5
#5A5A5A	104	69	91	103.5	104.5	68.5	69.5
#5D5D5D	105	69	94	104.5	105.5	68.5	69.5
#5D5D5D	106	69	94	105.5	106.5	68.5	69.5
#5F5F5F	107	69	96	106.5	107.5	68.5	69.5
#595959	108	69	90	107.5	108.5	68.5	69.5
#636363	109	69	100	108.5	109.5	68.5	69.5
#6E6E6E	110	69	111	109.5	110.5	68.5	69.5
#737373	111	69	116	110.5	111.5	68.5	69.5
#737373	112	69	116	111.5	112.5	68.5	69.5
#707070	113	69	113	112.5	113.5	68.5	69.5
#6D6D6D	114	69	110	113.5	114.5	68.5	69.5
#676767	115	69	104	114.5	115.5	68.5	69.5
#696969	116	69	106	115.5	116.5	68.5	69.5
#6A6A6A	117	69	107	116.5	117.5	68.5	69.5
#6C6C6C	118	69	109	117.5	118.5	68.5	69.5
#6D6D6D	119	69	110	118.5	119.5	68.5	69.5
#707070	120	69	113	119.5	120.5	68.5	69.5
#727272	121	69	115	120.5	121.5	68.5	69.5
#727272	122	69	115	121.5	122.5	68.5	69.5
#6E6E6E	123	69	111	122.5	123.5	68.5	69.5
#696969	124	69	106	123.5	124.5	68.5	69.5
#646464	125	69	101	124.5	125.5	68.5	69.5
#616161	126	69	98	125.5	126.5	68.5	69.5
#606060	127	69	97	126.5	127.5	68.5	69.5
#606060	128	69	97	127.5	128.5	68.5	69.5
#636363	129	69	100	128.5	129.5	68.5	69.5
#646464	130	69	101	129.5	130.5	68.5	69.5
#626262	131	69	99	130.5	131.5	68.5	69.5
#616161	132	69	98	131.5	132.5	68.5	69.5
#626262	133	69	99	132.5	133.5	68.5	69.5
#666666	134	69	103	133.5	134.5	68.5	69.5
#606060	135	69	97	134.5	135.5	68.5	69.5
#5C5C5C	136	69	93	135.5	136.5	68.5	69.5
#585858	137	69	89	136.5	137.5	68.5	69.5
#616161	138	69	98	137.5	138.5	68.5	69.5
#757575	139	69	118	138.5	139.5	68.5	69.5
#646464	0	68	101	-0.5	0.5	67.5	68.5
#878787	1	68	136	0.5	1.5	67.5	68.5
#888888	2	68	137	1.5	2.5	67.5	68.5
#8A8A8A	3	68	139	2.5	3.5	67.5	68.5
#8B8B8B	4	68	140	3.5	4.5	67.5	68.5
#8A8A8A	5	68	139	4.5	5.5	67.5	68.5
#888888	6	68	137	5.5	6.5	67.5	68.5
#8A8A8A	7	68	139	6.5	7.5	67.5	68.5
#888888	8	68	137	7.5	8.5	67.5	68.5
#878787	9	68	136	8.5	9.5	67.5	68.5
#898989	10	68	138	9.5	10.5	67.5	68.5
#888888	11	68	137	10.5	11.5	67.5	68.5
#878787	12	68	136	11.5	12.5	67.5	68.5
#888888	13	68	137	12.5	13.5	67.5	68.5
#878787	14	68	136	13.5	14.5	67.5	68.5
#878787	15	68	136	14.5	15.5	67.5	68.5
#868686	16	68	135	15.5	16.5	67.5	68.5
#858585	17	68	134	16.5	17.5	67.5	68.5
#848484	18	68	133	17.5	18.5	67.5	68.5
#848484	19	68	133	18.5	19.5	67.5	68.5
#848484	20	68	133	19.5	20.5	67.5	68.5
#838383	21	68	132	20.5	21.5	67.5	68.5
#828282	22	68	131	21.5	22.5	67.5	68.5
#818181	23	68	130	22.5	23.5	67.5	68.5
#838383	24	68	132	23.5	24.5	67.5	68.5
#828282	25	68	131	24.5	25.5	67.5	68.5
#808080	26	68	129	25.5	26.5	67.5	68.5
#838383	27	68	132	26.5	27.5	67.5	68.5
#868686	28	68	135	27.5	28.5	67.5	68.5
#888888	29	68	137	28.5	29.5	67.5	68.5
#858585	30	68	134	29.5	30.5	67.5	68.5
#7E7E7E	31	68	127	30.5	31.5	67.5	68.5
#7A7A7A	32	68	123	31.5	32.5	67.5	68.5
#696969	33	68	106	32.5	33.5	67.5	68.5
#585858	34	68	89	33.5	34.5	67.5	68.5
#565656	35	68	87	34.5	35.5	67.5	68.5
#535353	36	68	84	35.5	36.5	67.5	68.5
#4D4D4D	37	68	78	36.5	37.5	67.5	68.5
#4A4A4A	38	68	75	37.5	38.5	67.5	68.5
#484848	39	68	73	38.5	39.5	67.5	68.5
#4C4C4C	40	68	77	39.5	40.5	67.5	68.5
#444444	41	68	69	40.5	41.5	67.5	68.5
#3A3A3A	42	68	59	41.5	42.5	67.5	68.5
#444444	43	68	69	42.5	43.5	67.5	68.5
#3E3E3E	44	68	63	43.5	44.5	67.5	68.5
#383838	45	68	57	44.5	45.5	67.5	68.5
#3E3E3E	46	68	63	45.5	46.5	67.5	68.5
#484848	47	68	73	46.5	47.5	67.5	68.5
#4E4E4E	48	68	79	47.5	48.5	67.5	68.5
#464646	49	68	71	48.5	49.5	67.5	68.5
#383838	50	68	57	49.5	50.5	67.5	68.5
#3D3D3D	51	68	62	50.5	51.5	67.5	68.5
#535353	52	68	84	51.5	52.5	67.5	68.5
#6D6D6D	53	68	110	52.5	53.5	67.5	68.5
#6E6E6E	54	68	111	53.5	54.5	67.5	68.5
#676767	55	68	104	54.5	55.5	67.5	68.5
#6A6A6A	56	68	107	55.5	56.5	67.5	68.5
#666666	57	68	103	56.5	57.5	67.5	68.5
#626262	58	68	99	57.5	58.5	67.5	68.5
#5B5B5B	59	68	92	58.5	59.5	67.5	68.5
#616161	60	68	98	59.5	60.5	67.5	68.5
#7D7D7D	61	68	126	60.5	61.5	67.5	68.5
#888888	62	68	137	61.5	62.5	67.5	68.5
#898989	63	68	138	62.5	63.5	67.5	68.5
#898989	64	68	138	63.5	64.5	67.5	68.5
#888888	65	68	137	64.5	65.5	67.5	68.5
#888888	66	68	137	65.5	66.5	67.5	68.5
#8B8B8B	67	68	140	66.5	67.5	67.5	68.5
#8D8D8D	68	68	142	67.5	68.5	67.5	68.5
#8A8A8A	69	68	139	68.5	69.5	67.5	68.5
#898989	70	68	138	69.5	70.5	67.5	68.5
#878787	71	68	136	70.5	71.5	67.5	68.5
#868686	72	68	135	71.5	72.5	67.5	68.5
#878787	73	68	136	72.5	73.5	67.5	68.5
#858585	74	68	134	73.5	74.5	67.5	68.5
#848484	75	68	133	74.5	75.5	67.5	68.5
#818181	76	68	130	75.5	76.5	67.5	68.5
#828282	77	68	131	76.5	77.5	67.5	68.5
#808080	78	68	129	77.5	78.5	67.5	68.5
#7C7C7C	79	68	125	78.5	79.5	67.5	68.5
#787878	80	68	121	79.5	80.5	67.5	68.5
#747474	81	68	117	80.5	81.5	67.5	68.5
#727272	82	68	115	81.5	82.5	67.5	68.5
#6F6F6F	83	68	112	82.5	83.5	67.5	68.5
#6B6B6B	84	68	108	83.5	84.5	67.5	68.5
#6B6B6B	85	68	108	84.5	85.5	67.5	68.5
#666666	86	68	103	85.5	86.5	67.5	68.5
#5E5E5E	87	68	95	86.5	87.5	67.5	68.5
#535353	88	68	84	87.5	88.5	67.5	68.5
#535353	89	68	84	88.5	89.5	67.5	68.5
#505050	90	68	81	89.5	90.5	67.5	68.5
#4A4A4A	91	68	75	90.5	91.5	67.5	68.5
#414141	92	68	66	91.5	92.5	67.5	68.5
#333333	93	68	52	92.5	93.5	67.5	68.5
#2F2F2F	94	68	48	93.5	94.5	67.5	68.5
#333333	95	68	52	94.5	95.5	67.5	68.5
#3C3C3C	96	68	61	95.5	96.5	67.5	68.5
#404040	97	68	65	96.5	97.5	67.5	68.5
#444444	98	68	69	97.5	98.5	67.5	68.5
#444444	99	68	69	98.5	99.5	67.5	68.5
#404040	100	68	65	99.5	100.5	67.5	68.5
#3E3E3E	101	68	63	100.5	101.5	67.5	68.5
#444444	102	68	69	101.5	102.5	67.5	68.5
#525252	103	68	83	102.5	103.5	67.5	68.5
#5C5C5C	104	68	93	103.5	104.5	67.5	68.5
#5F5F5F	105	68	96	104.5	105.5	67.5	68.5
#616161	106	68	98	105.5	106.5	67.5	68.5
#646464	107	68	101	106.5	107.5	67.5	68.5
#666666	108	68	103	107.5	108.5	67.5	68.5
#656565	109	68	102	108.5	109.5	67.5	68.5
#707070	110	68	113	109.5	110.5	67.5	68.5
#747474	111	68	117	110.5	111.5	67.5	68.5
#747474	112	68	117	111.5	112.5	67.5	68.5
#707070	113	68	113	112.5	113.5	67.5	68.5
#6F6F6F	114	68	112	113.5	114.5	67.5	68.5
#696969	115	68	106	114.5	115.5	67.5	68.5
#6B6B6B	116	68	108	115.5	116.5	67.5	68.5
#6D6D6D	117	68	110	116.5	117.5	67.5	68.5
#6F6F6F	118	68	112	117.5	118.5	67.5	68.5
#6F6F6F	119	68	112	118.5	119.5	67.5	68.5
#737373	120	68	116	119.5	120.5	67.5	68.5
#737373	121	68	116	120.5	121.5	67.5	68.5
#707070	122	68	113	121.5	122.5	67.5	68.5
#696969	123	68	106	122.5	123.5	67.5	68.5
#656565	124	68	102	123.5	124.5	67.5	68.5
#626262	125	68	99	124.5	125.5	67.5	68.5
#616161	126	68	98	125.5	126.5	67.5	68.5
#616161	127	68	98	126.5	127.5	67.5	68.5
#626262	128	68	99	127.5	128.5	67.5	68.5
#646464	129	68	101	128.5	129.5	67.5	68.5
#666666	130	68	103	129.5	130.5	67.5	68.5
#646464	131	68	101	130.5	131.5	67.5	68.5
#646464	132	68	101	131.5	132.5	67.5	68.5
#626262	133	68	99	132.5	133.5	67.5	68.5
#676767	134	68	104	133.5	134.5	67.5	68.5
#636363	135	68	100	134.5	135.5	67.5	68.5
#5E5E5E	136	68	95	135.5	136.5	67.5	68.5
#5B5B5B	137	68	92	136.5	137.5	67.5	68.5
#585858	138	68	89	137.5	138.5	67.5	68.5
#676767	139	68	104	138.5	139.5	67.5	68.5
#656565	0	67	102	-0.5	0.5	66.5	67.5
#888888	1	67	137	0.5	1.5	66.5	67.5
#888888	2	67	137	1.5	2.5	66.5	67.5
#8A8A8A	3	67	139	2.5	3.5	66.5	67.5
#8A8A8A	4	67	139	3.5	4.5	66.5	67.5
#8A8A8A	5	67	139	4.5	5.5	66.5	67.5
#898989	6	67	138	5.5	6.5	66.5	67.5
#8B8B8B	7	67	140	6.5	7.5	66.5	67.5
#888888	8	67	137	7.5	8.5	66.5	67.5
#888888	9	67	137	8.5	9.5	66.5	67.5
#888888	10	67	137	9.5	10.5	66.5	67.5
#888888	11	67	137	10.5	11.5	66.5	67.5
#888888	12	67	137	11.5	12.5	66.5	67.5
#898989	13	67	138	12.5	13.5	66.5	67.5
#898989	14	67	138	13.5	14.5	66.5	67.5
#898989	15	67	138	14.5	15.5	66.5	67.5
#888888	16	67	137	15.5	16.5	66.5	67.5
#878787	17	67	136	16.5	17.5	66.5	67.5
#868686	18	67	135	17.5	18.5	66.5	67.5
#858585	19	67	134	18.5	19.5	66.5	67.5
#858585	20	67	134	19.5	20.5	66.5	67.5
#848484	21	67	133	20.5	21.5	66.5	67.5
#828282	22	67	131	21.5	22.5	66.5	67.5
#818181	23	67	130	22.5	23.5	66.5	67.5
#848484	24	67	133	23.5	24.5	66.5	67.5
#818181	25	67	130	24.5	25.5	66.5	67.5
#808080	26	67	129	25.5	26.5	66.5	67.5
#848484	27	67	133	26.5	27.5	66.5	67.5
#878787	28	67	136	27.5	28.5	66.5	67.5
#888888	29	67	137	28.5	29.5	66.5	67.5
#838383	30	67	132	29.5	30.5	66.5	67.5
#7F7F7F	31	67	128	30.5	31.5	66.5	67.5
#747474	32	67	117	31.5	32.5	66.5	67.5
#5E5E5E	33	67	95	32.5	33.5	66.5	67.5
#565656	34	67	87	33.5	34.5	66.5	67.5
#545454	35	67	85	34.5	35.5	66.5	67.5
#505050	36	67	81	35.5	36.5	66.5	67.5
#4F4F4F	37	67	80	36.5	37.5	66.5	67.5
#4A4A4A	38	67	75	37.5	38.5	66.5	67.5
#424242	39	67	67	38.5	39.5	66.5	67.5
#3C3C3C	40	67	61	39.5	40.5	66.5	67.5
#3B3B3B	41	67	60	40.5	41.5	66.5	67.5
#3C3C3C	42	67	61	41.5	42.5	66.5	67.5
#434343	43	67	68	42.5	43.5	66.5	67.5
#383838	44	67	57	43.5	44.5	66.5	67.5
#353535	45	67	54	44.5	45.5	66.5	67.5
#3A3A3A	46	67	59	45.5	46.5	66.5	67.5
#3D3D3D	47	67	62	46.5	47.5	66.5	67.5
#4B4B4B	48	67	76	47.5	48.5	66.5	67.5
#464646	49	67	71	48.5	49.5	66.5	67.5
#373737	50	67	56	49.5	50.5	66.5	67.5
#393939	51	67	58	50.5	51.5	66.5	67.5
#545454	52	67	85	51.5	52.5	66.5	67.5
#757575	53	67	118	52.5	53.5	66.5	67.5
#717171	54	67	114	53.5	54.5	66.5	67.5
#6C6C6C	55	67	109	54.5	55.5	66.5	67.5
#6A6A6A	56	67	107	55.5	56.5	66.5	67.5
#686868	57	67	105	56.5	57.5	66.5	67.5
#606060	58	67	97	57.5	58.5	66.5	67.5
#5B5B5B	59	67	92	58.5	59.5	66.5	67.5
#636363	60	67	100	59.5	60.5	66.5	67.5
#797979	61	67	122	60.5	61.5	66.5	67.5
#858585	62	67	134	61.5	62.5	66.5	67.5
#898989	63	67	138	62.5	63.5	66.5	67.5
#8A8A8A	64	67	139	63.5	64.5	66.5	67.5
#8B8B8B	65	67	140	64.5	65.5	66.5	67.5
#8B8B8B	66	67	140	65.5	66.5	66.5	67.5
#8C8C8C	67	67	141	66.5	67.5	66.5	67.5
#8D8D8D	68	67	142	67.5	68.5	66.5	67.5
#8D8D8D	69	67	142	68.5	69.5	66.5	67.5
#8A8A8A	70	67	139	69.5	70.5	66.5	67.5
#888888	71	67	137	70.5	71.5	66.5	67.5
#868686	72	67	135	71.5	72.5	66.5	67.5
#898989	73	67	138	72.5	73.5	66.5	67.5
#878787	74	67	136	73.5	74.5	66.5	67.5
#858585	75	67	134	74.5	75.5	66.5	67.5
#828282	76	67	131	75.5	76.5	66.5	67.5
#838383	77	67	132	76.5	77.5	66.5	67.5
#818181	78	67	130	77.5	78.5	66.5	67.5
#7D7D7D	79	67	126	78.5	79.5	66.5	67.5
#797979	80	67	122	79.5	80.5	66.5	67.5
#747474	81	67	117	80.5	81.5	66.5	67.5
#727272	82	67	115	81.5	82.5	66.5	67.5
#6F6F6F	83	67	112	82.5	83.5	66.5	67.5
#6A6A6A	84	67	107	83.5	84.5	66.5	67.5
#676767	85	67	104	84.5	85.5	66.5	67.5
#646464	86	67	101	85.5	86.5	66.5	67.5
#5F5F5F	87	67	96	86.5	87.5	66.5	67.5
#5A5A5A	88	67	91	87.5	88.5	66.5	67.5
#5B5B5B	89	67	92	88.5	89.5	66.5	67.5
#5A5A5A	90	67	91	89.5	90.5	66.5	67.5
#4B4B4B	91	67	76	90.5	91.5	66.5	67.5
#404040	92	67	65	91.5	92.5	66.5	67.5
#3E3E3E	93	67	63	92.5	93.5	66.5	67.5
#3C3C3C	94	67	61	93.5	94.5	66.5	67.5
#353535	95	67	54	94.5	95.5	66.5	67.5
#383838	96	67	57	95.5	96.5	66.5	67.5
#3B3B3B	97	67	60	96.5	97.5	66.5	67.5
#444444	98	67	69	97.5	98.5	66.5	67.5
#494949	99	67	74	98.5	99.5	66.5	67.5
#404040	100	67	65	99.5	100.5	66.5	67.5
#3F3F3F	101	67	64	100.5	101.5	66.5	67.5
#414141	102	67	66	101.5	102.5	66.5	67.5
#484848	103	67	73	102.5	103.5	66.5	67.5
#565656	104	67	87	103.5	104.5	66.5	67.5
#616161	105	67	98	104.5	105.5	66.5	67.5
#616161	106	67	98	105.5	106.5	66.5	67.5
#646464	107	67	101	106.5	107.5	66.5	67.5
#666666	108	67	103	107.5	108.5	66.5	67.5
#666666	109	67	103	108.5	109.5	66.5	67.5
#707070	110	67	113	109.5	110.5	66.5	67.5
#757575	111	67	118	110.5	111.5	66.5	67.5
#747474	112	67	117	111.5	112.5	66.5	67.5
#717171	113	67	114	112.5	113.5	66.5	67.5
#717171	114	67	114	113.5	114.5	66.5	67.5
#6A6A6A	115	67	107	114.5	115.5	66.5	67.5
#6B6B6B	116	67	108	115.5	116.5	66.5	67.5
#6F6F6F	117	67	112	116.5	117.5	66.5	67.5
#717171	118	67	114	117.5	118.5	66.5	67.5
#737373	119	67	116	118.5	119.5	66.5	67.5
#737373	120	67	116	119.5	120.5	66.5	67.5
#707070	121	67	113	120.5	121.5	66.5	67.5
#6B6B6B	122	67	108	121.5	122.5	66.5	67.5
#666666	123	67	103	122.5	123.5	66.5	67.5
#666666	124	67	103	123.5	124.5	66.5	67.5
#656565	125	67	102	124.5	125.5	66.5	67.5
#646464	126	67	101	125.5	126.5	66.5	67.5
#646464	127	67	101	126.5	127.5	66.5	67.5
#636363	128	67	100	127.5	128.5	66.5	67.5
#656565	129	67	102	128.5	129.5	66.5	67.5
#676767	130	67	104	129.5	130.5	66.5	67.5
#666666	131	67	103	130.5	131.5	66.5	67.5
#666666	132	67	103	131.5	132.5	66.5	67.5
#636363	133	67	100	132.5	133.5	66.5	67.5
#676767	134	67	104	133.5	134.5	66.5	67.5
#656565	135	67	102	134.5	135.5	66.5	67.5
#5F5F5F	136	67	96	135.5	136.5	66.5	67.5
#5D5D5D	137	67	94	136.5	137.5	66.5	67.5
#595959	138	67	90	137.5	138.5	66.5	67.5
#595959	139	67	90	138.5	139.5	66.5	67.5
#656565	0	66	102	-0.5	0.5	65.5	66.5
#888888	1	66	137	0.5	1.5	65.5	66.5
#8A8A8A	2	66	139	1.5	2.5	65.5	66.5
#8A8A8A	3	66	139	2.5	3.5	65.5	66.5
#8A8A8A	4	66	139	3.5	4.5	65.5	66.5
#8A8A8A	5	66	139	4.5	5.5	65.5	66.5
#8A8A8A	6	66	139	5.5	6.5	65.5	66.5
#8B8B8B	7	66	140	6.5	7.5	65.5	66.5
#8B8B8B	8	66	140	7.5	8.5	65.5	66.5
#898989	9	66	138	8.5	9.5	65.5	66.5
#888888	10	66	137	9.5	10.5	65.5	66.5
#888888	11	66	137	10.5	11.5	65.5	66.5
#898989	12	66	138	11.5	12.5	65.5	66.5
#898989	13	66	138	12.5	13.5	65.5	66.5
#8A8A8A	14	66	139	13.5	14.5	65.5	66.5
#8A8A8A	15	66	139	14.5	15.5	65.5	66.5
#898989	16	66	138	15.5	16.5	65.5	66.5
#888888	17	66	137	16.5	17.5	65.5	66.5
#878787	18	66	136	17.5	18.5	65.5	66.5
#858585	19	66	134	18.5	19.5	65.5	66.5
#858585	20	66	134	19.5	20.5	65.5	66.5
#848484	21	66	133	20.5	21.5	65.5	66.5
#818181	22	66	130	21.5	22.5	65.5	66.5
#848484	23	66	133	22.5	23.5	65.5	66.5
#848484	24	66	133	23.5	24.5	65.5	66.5
#828282	25	66	131	24.5	25.5	65.5	66.5
#838383	26	66	132	25.5	26.5	65.5	66.5
#878787	27	66	136	26.5	27.5	65.5	66.5
#898989	28	66	138	27.5	28.5	65.5	66.5
#878787	29	66	136	28.5	29.5	65.5	66.5
#838383	30	66	132	29.5	30.5	65.5	66.5
#7C7C7C	31	66	125	30.5	31.5	65.5	66.5
#6B6B6B	32	66	108	31.5	32.5	65.5	66.5
#616161	33	66	98	32.5	33.5	65.5	66.5
#585858	34	66	89	33.5	34.5	65.5	66.5
#555555	35	66	86	34.5	35.5	65.5	66.5
#4F4F4F	36	66	80	35.5	36.5	65.5	66.5
#4D4D4D	37	66	78	36.5	37.5	65.5	66.5
#474747	38	66	72	37.5	38.5	65.5	66.5
#3F3F3F	39	66	64	38.5	39.5	65.5	66.5
#373737	40	66	56	39.5	40.5	65.5	66.5
#3C3C3C	41	66	61	40.5	41.5	65.5	66.5
#454545	42	66	70	41.5	42.5	65.5	66.5
#474747	43	66	72	42.5	43.5	65.5	66.5
#474747	44	66	72	43.5	44.5	65.5	66.5
#494949	45	66	74	44.5	45.5	65.5	66.5
#4A4A4A	46	66	75	45.5	46.5	65.5	66.5
#484848	47	66	73	46.5	47.5	65.5	66.5
#525252	48	66	83	47.5	48.5	65.5	66.5
#5B5B5B	49	66	92	48.5	49.5	65.5	66.5
#555555	50	66	86	49.5	50.5	65.5	66.5
#4C4C4C	51	66	77	50.5	51.5	65.5	66.5
#545454	52	66	85	51.5	52.5	65.5	66.5
#666666	53	66	103	52.5	53.5	65.5	66.5
#6A6A6A	54	66	107	53.5	54.5	65.5	66.5
#707070	55	66	113	54.5	55.5	65.5	66.5
#696969	56	66	106	55.5	56.5	65.5	66.5
#636363	57	66	100	56.5	57.5	65.5	66.5
#606060	58	66	97	57.5	58.5	65.5	66.5
#606060	59	66	97	58.5	59.5	65.5	66.5
#686868	60	66	105	59.5	60.5	65.5	66.5
#777777	61	66	120	60.5	61.5	65.5	66.5
#858585	62	66	134	61.5	62.5	65.5	66.5
#898989	63	66	138	62.5	63.5	65.5	66.5
#898989	64	66	138	63.5	64.5	65.5	66.5
#898989	65	66	138	64.5	65.5	65.5	66.5
#898989	66	66	138	65.5	66.5	65.5	66.5
#8A8A8A	67	66	139	66.5	67.5	65.5	66.5
#8C8C8C	68	66	141	67.5	68.5	65.5	66.5
#8E8E8E	69	66	143	68.5	69.5	65.5	66.5
#8B8B8B	70	66	140	69.5	70.5	65.5	66.5
#898989	71	66	138	70.5	71.5	65.5	66.5
#8A8A8A	72	66	139	71.5	72.5	65.5	66.5
#888888	73	66	137	72.5	73.5	65.5	66.5
#858585	74	66	134	73.5	74.5	65.5	66.5
#848484	75	66	133	74.5	75.5	65.5	66.5
#828282	76	66	131	75.5	76.5	65.5	66.5
#858585	77	66	134	76.5	77.5	65.5	66.5
#828282	78	66	131	77.5	78.5	65.5	66.5
#7E7E7E	79	66	127	78.5	79.5	65.5	66.5
#7B7B7B	80	66	124	79.5	80.5	65.5	66.5
#747474	81	66	117	80.5	81.5	65.5	66.5
#717171	82	66	114	81.5	82.5	65.5	66.5
#707070	83	66	113	82.5	83.5	65.5	66.5
#6D6D6D	84	66	110	83.5	84.5	65.5	66.5
#686868	85	66	105	84.5	85.5	65.5	66.5
#656565	86	66	102	85.5	86.5	65.5	66.5
#5D5D5D	87	66	94	86.5	87.5	65.5	66.5
#5A5A5A	88	66	91	87.5	88.5	65.5	66.5
#5D5D5D	89	66	94	88.5	89.5	65.5	66.5
#525252	90	66	83	89.5	90.5	65.5	66.5
#454545	91	66	70	90.5	91.5	65.5	66.5
#424242	92	66	67	91.5	92.5	65.5	66.5
#484848	93	66	73	92.5	93.5	65.5	66.5
#454545	94	66	70	93.5	94.5	65.5	66.5
#3A3A3A	95	66	59	94.5	95.5	65.5	66.5
#383838	96	66	57	95.5	96.5	65.5	66.5
#353535	97	66	54	96.5	97.5	65.5	66.5
#424242	98	66	67	97.5	98.5	65.5	66.5
#434343	99	66	68	98.5	99.5	65.5	66.5
#3A3A3A	100	66	59	99.5	100.5	65.5	66.5
#3E3E3E	101	66	63	100.5	101.5	65.5	66.5
#404040	102	66	65	101.5	102.5	65.5	66.5
#424242	103	66	67	102.5	103.5	65.5	66.5
#4A4A4A	104	66	75	103.5	104.5	65.5	66.5
#585858	105	66	89	104.5	105.5	65.5	66.5
#5F5F5F	106	66	96	105.5	106.5	65.5	66.5
#606060	107	66	97	106.5	107.5	65.5	66.5
#636363	108	66	100	107.5	108.5	65.5	66.5
#656565	109	66	102	108.5	109.5	65.5	66.5
#6E6E6E	110	66	111	109.5	110.5	65.5	66.5
#757575	111	66	118	110.5	111.5	65.5	66.5
#767676	112	66	119	111.5	112.5	65.5	66.5
#737373	113	66	116	112.5	113.5	65.5	66.5
#717171	114	66	114	113.5	114.5	65.5	66.5
#6B6B6B	115	66	108	114.5	115.5	65.5	66.5
#6F6F6F	116	66	112	115.5	116.5	65.5	66.5
#707070	117	66	113	116.5	117.5	65.5	66.5
#727272	118	66	115	117.5	118.5	65.5	66.5
#737373	119	66	116	118.5	119.5	65.5	66.5
#707070	120	66	113	119.5	120.5	65.5	66.5
#6D6D6D	121	66	110	120.5	121.5	65.5	66.5
#696969	122	66	106	121.5	122.5	65.5	66.5
#686868	123	66	105	122.5	123.5	65.5	66.5
#686868	124	66	105	123.5	124.5	65.5	66.5
#676767	125	66	104	124.5	125.5	65.5	66.5
#646464	126	66	101	125.5	126.5	65.5	66.5
#646464	127	66	101	126.5	127.5	65.5	66.5
#636363	128	66	100	127.5	128.5	65.5	66.5
#656565	129	66	102	128.5	129.5	65.5	66.5
#676767	130	66	104	129.5	130.5	65.5	66.5
#666666	131	66	103	130.5	131.5	65.5	66.5
#676767	132	66	104	131.5	132.5	65.5	66.5
#646464	133	66	101	132.5	133.5	65.5	66.5
#666666	134	66	103	133.5	134.5	65.5	66.5
#686868	135	66	105	134.5	135.5	65.5	66.5
#606060	136	66	97	135.5	136.5	65.5	66.5
#5D5D5D	137	66	94	136.5	137.5	65.5	66.5
#5B5B5B	138	66	92	137.5	138.5	65.5	66.5
#5A5A5A	139	66	91	138.5	139.5	65.5	66.5
#656565	0	65	102	-0.5	0.5	64.5	65.5
#898989	1	65	138	0.5	1.5	64.5	65.5
#888888	2	65	137	1.5	2.5	64.5	65.5
#8A8A8A	3	65	139	2.5	3.5	64.5	65.5
#8C8C8C	4	65	141	3.5	4.5	64.5	65.5
#8C8C8C	5	65	141	4.5	5.5	64.5	65.5
#8C8C8C	6	65	141	5.5	6.5	64.5	65.5
#8A8A8A	7	65	139	6.5	7.5	64.5	65.5
#8C8C8C	8	65	141	7.5	8.5	64.5	65.5
#8B8B8B	9	65	140	8.5	9.5	64.5	65.5
#898989	10	65	138	9.5	10.5	64.5	65.5
#898989	11	65	138	10.5	11.5	64.5	65.5
#898989	12	65	138	11.5	12.5	64.5	65.5
#898989	13	65	138	12.5	13.5	64.5	65.5
#8B8B8B	14	65	140	13.5	14.5	64.5	65.5
#8B8B8B	15	65	140	14.5	15.5	64.5	65.5
#8B8B8B	16	65	140	15.5	16.5	64.5	65.5
#888888	17	65	137	16.5	17.5	64.5	65.5
#888888	18	65	137	17.5	18.5	64.5	65.5
#878787	19	65	136	18.5	19.5	64.5	65.5
#868686	20	65	135	19.5	20.5	64.5	65.5
#858585	21	65	134	20.5	21.5	64.5	65.5
#838383	22	65	132	21.5	22.5	64.5	65.5
#868686	23	65	135	22.5	23.5	64.5	65.5
#858585	24	65	134	23.5	24.5	64.5	65.5
#838383	25	65	132	24.5	25.5	64.5	65.5
#858585	26	65	134	25.5	26.5	64.5	65.5
#898989	27	65	138	26.5	27.5	64.5	65.5
#8B8B8B	28	65	140	27.5	28.5	64.5	65.5
#888888	29	65	137	28.5	29.5	64.5	65.5
#828282	30	65	131	29.5	30.5	64.5	65.5
#737373	31	65	116	30.5	31.5	64.5	65.5
#6A6A6A	32	65	107	31.5	32.5	64.5	65.5
#646464	33	65	101	32.5	33.5	64.5	65.5
#595959	34	65	90	33.5	34.5	64.5	65.5
#545454	35	65	85	34.5	35.5	64.5	65.5
#555555	36	65	86	35.5	36.5	64.5	65.5
#505050	37	65	81	36.5	37.5	64.5	65.5
#505050	38	65	81	37.5	38.5	64.5	65.5
#4F4F4F	39	65	80	38.5	39.5	64.5	65.5
#4F4F4F	40	65	80	39.5	40.5	64.5	65.5
#555555	41	65	86	40.5	41.5	64.5	65.5
#585858	42	65	89	41.5	42.5	64.5	65.5
#5A5A5A	43	65	91	42.5	43.5	64.5	65.5
#5D5D5D	44	65	94	43.5	44.5	64.5	65.5
#5C5C5C	45	65	93	44.5	45.5	64.5	65.5
#585858	46	65	89	45.5	46.5	64.5	65.5
#5D5D5D	47	65	94	46.5	47.5	64.5	65.5
#656565	48	65	102	47.5	48.5	64.5	65.5
#6B6B6B	49	65	108	48.5	49.5	64.5	65.5
#646464	50	65	101	49.5	50.5	64.5	65.5
#606060	51	65	97	50.5	51.5	64.5	65.5
#606060	52	65	97	51.5	52.5	64.5	65.5
#656565	53	65	102	52.5	53.5	64.5	65.5
#6D6D6D	54	65	110	53.5	54.5	64.5	65.5
#727272	55	65	115	54.5	55.5	64.5	65.5
#6D6D6D	56	65	110	55.5	56.5	64.5	65.5
#676767	57	65	104	56.5	57.5	64.5	65.5
#676767	58	65	104	57.5	58.5	64.5	65.5
#676767	59	65	104	58.5	59.5	64.5	65.5
#6E6E6E	60	65	111	59.5	60.5	64.5	65.5
#7E7E7E	61	65	127	60.5	61.5	64.5	65.5
#8A8A8A	62	65	139	61.5	62.5	64.5	65.5
#8A8A8A	63	65	139	62.5	63.5	64.5	65.5
#898989	64	65	138	63.5	64.5	64.5	65.5
#898989	65	65	138	64.5	65.5	64.5	65.5
#878787	66	65	136	65.5	66.5	64.5	65.5
#8A8A8A	67	65	139	66.5	67.5	64.5	65.5
#8D8D8D	68	65	142	67.5	68.5	64.5	65.5
#8D8D8D	69	65	142	68.5	69.5	64.5	65.5
#8B8B8B	70	65	140	69.5	70.5	64.5	65.5
#898989	71	65	138	70.5	71.5	64.5	65.5
#8A8A8A	72	65	139	71.5	72.5	64.5	65.5
#898989	73	65	138	72.5	73.5	64.5	65.5
#868686	74	65	135	73.5	74.5	64.5	65.5
#838383	75	65	132	74.5	75.5	64.5	65.5
#828282	76	65	131	75.5	76.5	64.5	65.5
#838383	77	65	132	76.5	77.5	64.5	65.5
#828282	78	65	131	77.5	78.5	64.5	65.5
#7D7D7D	79	65	126	78.5	79.5	64.5	65.5
#7A7A7A	80	65	123	79.5	80.5	64.5	65.5
#737373	81	65	116	80.5	81.5	64.5	65.5
#6F6F6F	82	65	112	81.5	82.5	64.5	65.5
#6F6F6F	83	65	112	82.5	83.5	64.5	65.5
#707070	84	65	113	83.5	84.5	64.5	65.5
#6C6C6C	85	65	109	84.5	85.5	64.5	65.5
#676767	86	65	104	85.5	86.5	64.5	65.5
#5D5D5D	87	65	94	86.5	87.5	64.5	65.5
#5A5A5A	88	65	91	87.5	88.5	64.5	65.5
#565656	89	65	87	88.5	89.5	64.5	65.5
#464646	90	65	71	89.5	90.5	64.5	65.5
#454545	91	65	70	90.5	91.5	64.5	65.5
#4C4C4C	92	65	77	91.5	92.5	64.5	65.5
#434343	93	65	68	92.5	93.5	64.5	65.5
#3B3B3B	94	65	60	93.5	94.5	64.5	65.5
#3A3A3A	95	65	59	94.5	95.5	64.5	65.5
#3F3F3F	96	65	64	95.5	96.5	64.5	65.5
#404040	97	65	65	96.5	97.5	64.5	65.5
#4A4A4A	98	65	75	97.5	98.5	64.5	65.5
#424242	99	65	67	98.5	99.5	64.5	65.5
#3E3E3E	100	65	63	99.5	100.5	64.5	65.5
#424242	101	65	67	100.5	101.5	64.5	65.5
#424242	102	65	67	101.5	102.5	64.5	65.5
#424242	103	65	67	102.5	103.5	64.5	65.5
#454545	104	65	70	103.5	104.5	64.5	65.5
#4F4F4F	105	65	80	104.5	105.5	64.5	65.5
#606060	106	65	97	105.5	106.5	64.5	65.5
#616161	107	65	98	106.5	107.5	64.5	65.5
#626262	108	65	99	107.5	108.5	64.5	65.5
#676767	109	65	104	108.5	109.5	64.5	65.5
#6F6F6F	110	65	112	109.5	110.5	64.5	65.5
#777777	111	65	120	110.5	111.5	64.5	65.5
#777777	112	65	120	111.5	112.5	64.5	65.5
#747474	113	65	117	112.5	113.5	64.5	65.5
#737373	114	65	116	113.5	114.5	64.5	65.5
#6F6F6F	115	65	112	114.5	115.5	64.5	65.5
#707070	116	65	113	115.5	116.5	64.5	65.5
#717171	117	65	114	116.5	117.5	64.5	65.5
#737373	118	65	116	117.5	118.5	64.5	65.5
#707070	119	65	113	118.5	119.5	64.5	65.5
#6D6D6D	120	65	110	119.5	120.5	64.5	65.5
#696969	121	65	106	120.5	121.5	64.5	65.5
#686868	122	65	105	121.5	122.5	64.5	65.5
#6A6A6A	123	65	107	122.5	123.5	64.5	65.5
#696969	124	65	106	123.5	124.5	64.5	65.5
#686868	125	65	105	124.5	125.5	64.5	65.5
#666666	126	65	103	125.5	126.5	64.5	65.5
#656565	127	65	102	126.5	127.5	64.5	65.5
#656565	128	65	102	127.5	128.5	64.5	65.5
#656565	129	65	102	128.5	129.5	64.5	65.5
#666666	130	65	103	129.5	130.5	64.5	65.5
#676767	131	65	104	130.5	131.5	64.5	65.5
#676767	132	65	104	131.5	132.5	64.5	65.5
#656565	133	65	102	132.5	133.5	64.5	65.5
#636363	134	65	100	133.5	134.5	64.5	65.5
#676767	135	65	104	134.5	135.5	64.5	65.5
#626262	136	65	99	135.5	136.5	64.5	65.5
#5E5E5E	137	65	95	136.5	137.5	64.5	65.5
#5B5B5B	138	65	92	137.5	138.5	64.5	65.5
#595959	139	65	90	138.5	139.5	64.5	65.5
#656565	0	64	102	-0.5	0.5	63.5	64.5
#888888	1	64	137	0.5	1.5	63.5	64.5
#878787	2	64	136	1.5	2.5	63.5	64.5
#8A8A8A	3	64	139	2.5	3.5	63.5	64.5
#8B8B8B	4	64	140	3.5	4.5	63.5	64.5
#8C8C8C	5	64	141	4.5	5.5	63.5	64.5
#8B8B8B	6	64	140	5.5	6.5	63.5	64.5
#8B8B8B	7	64	140	6.5	7.5	63.5	64.5
#8C8C8C	8	64	141	7.5	8.5	63.5	64.5
#8B8B8B	9	64	140	8.5	9.5	63.5	64.5
#8B8B8B	10	64	140	9.5	10.5	63.5	64.5
#8B8B8B	11	64	140	10.5	11.5	63.5	64.5
#898989	12	64	138	11.5	12.5	63.5	64.5
#898989	13	64	138	12.5	13.5	63.5	64.5
#8C8C8C	14	64	141	13.5	14.5	63.5	64.5
#8B8B8B	15	64	140	14.5	15.5	63.5	64.5
#8A8A8A	16	64	139	15.5	16.5	63.5	64.5
#898989	17	64	138	16.5	17.5	63.5	64.5
#878787	18	64	136	17.5	18.5	63.5	64.5
#868686	19	64	135	18.5	19.5	63.5	64.5
#858585	20	64	134	19.5	20.5	63.5	64.5
#858585	21	64	134	20.5	21.5	63.5	64.5
#868686	22	64	135	21.5	22.5	63.5	64.5
#868686	23	64	135	22.5	23.5	63.5	64.5
#858585	24	64	134	23.5	24.5	63.5	64.5
#848484	25	64	133	24.5	25.5	63.5	64.5
#878787	26	64	136	25.5	26.5	63.5	64.5
#8B8B8B	27	64	140	26.5	27.5	63.5	64.5
#8A8A8A	28	64	139	27.5	28.5	63.5	64.5
#878787	29	64	136	28.5	29.5	63.5	64.5
#7B7B7B	30	64	124	29.5	30.5	63.5	64.5
#6D6D6D	31	64	110	30.5	31.5	63.5	64.5
#666666	32	64	103	31.5	32.5	63.5	64.5
#636363	33	64	100	32.5	33.5	63.5	64.5
#5F5F5F	34	64	96	33.5	34.5	63.5	64.5
#5B5B5B	35	64	92	34.5	35.5	63.5	64.5
#5F5F5F	36	64	96	35.5	36.5	63.5	64.5
#606060	37	64	97	36.5	37.5	63.5	64.5
#616161	38	64	98	37.5	38.5	63.5	64.5
#5B5B5B	39	64	92	38.5	39.5	63.5	64.5
#555555	40	64	86	39.5	40.5	63.5	64.5
#525252	41	64	83	40.5	41.5	63.5	64.5
#545454	42	64	85	41.5	42.5	63.5	64.5
#555555	43	64	86	42.5	43.5	63.5	64.5
#606060	44	64	97	43.5	44.5	63.5	64.5
#676767	45	64	104	44.5	45.5	63.5	64.5
#656565	46	64	102	45.5	46.5	63.5	64.5
#626262	47	64	99	46.5	47.5	63.5	64.5
#6A6A6A	48	64	107	47.5	48.5	63.5	64.5
#737373	49	64	116	48.5	49.5	63.5	64.5
#646464	50	64	101	49.5	50.5	63.5	64.5
#636363	51	64	100	50.5	51.5	63.5	64.5
#656565	52	64	102	51.5	52.5	63.5	64.5
#6C6C6C	53	64	109	52.5	53.5	63.5	64.5
#717171	54	64	114	53.5	54.5	63.5	64.5
#707070	55	64	113	54.5	55.5	63.5	64.5
#6E6E6E	56	64	111	55.5	56.5	63.5	64.5
#6F6F6F	57	64	112	56.5	57.5	63.5	64.5
#6D6D6D	58	64	110	57.5	58.5	63.5	64.5
#6F6F6F	59	64	112	58.5	59.5	63.5	64.5
#787878	60	64	121	59.5	60.5	63.5	64.5
#858585	61	64	134	60.5	61.5	63.5	64.5
#8B8B8B	62	64	140	61.5	62.5	63.5	64.5
#8B8B8B	63	64	140	62.5	63.5	63.5	64.5
#8B8B8B	64	64	140	63.5	64.5	63.5	64.5
#898989	65	64	138	64.5	65.5	63.5	64.5
#898989	66	64	138	65.5	66.5	63.5	64.5
#8B8B8B	67	64	140	66.5	67.5	63.5	64.5
#8E8E8E	68	64	143	67.5	68.5	63.5	64.5
#8E8E8E	69	64	143	68.5	69.5	63.5	64.5
#8C8C8C	70	64	141	69.5	70.5	63.5	64.5
#8C8C8C	71	64	141	70.5	71.5	63.5	64.5
#8A8A8A	72	64	139	71.5	72.5	63.5	64.5
#898989	73	64	138	72.5	73.5	63.5	64.5
#868686	74	64	135	73.5	74.5	63.5	64.5
#828282	75	64	131	74.5	75.5	63.5	64.5
#818181	76	64	130	75.5	76.5	63.5	64.5
#808080	77	64	129	76.5	77.5	63.5	64.5
#7B7B7B	78	64	124	77.5	78.5	63.5	64.5
#767676	79	64	119	78.5	79.5	63.5	64.5
#727272	80	64	115	79.5	80.5	63.5	64.5
#6E6E6E	81	64	111	80.5	81.5	63.5	64.5
#6B6B6B	82	64	108	81.5	82.5	63.5	64.5
#686868	83	64	105	82.5	83.5	63.5	64.5
#666666	84	64	103	83.5	84.5	63.5	64.5
#626262	85	64	99	84.5	85.5	63.5	64.5
#5A5A5A	86	64	91	85.5	86.5	63.5	64.5
#494949	87	64	74	86.5	87.5	63.5	64.5
#424242	88	64	67	87.5	88.5	63.5	64.5
#464646	89	64	71	88.5	89.5	63.5	64.5
#4D4D4D	90	64	78	89.5	90.5	63.5	64.5
#525252	91	64	83	90.5	91.5	63.5	64.5
#4B4B4B	92	64	76	91.5	92.5	63.5	64.5
#444444	93	64	69	92.5	93.5	63.5	64.5
#3F3F3F	94	64	64	93.5	94.5	63.5	64.5
#3D3D3D	95	64	62	94.5	95.5	63.5	64.5
#414141	96	64	66	95.5	96.5	63.5	64.5
#434343	97	64	68	96.5	97.5	63.5	64.5
#515151	98	64	82	97.5	98.5	63.5	64.5
#515151	99	64	82	98.5	99.5	63.5	64.5
#454545	100	64	70	99.5	100.5	63.5	64.5
#414141	101	64	66	100.5	101.5	63.5	64.5
#3F3F3F	102	64	64	101.5	102.5	63.5	64.5
#404040	103	64	65	102.5	103.5	63.5	64.5
#464646	104	64	71	103.5	104.5	63.5	64.5
#4D4D4D	105	64	78	104.5	105.5	63.5	64.5
#565656	106	64	87	105.5	106.5	63.5	64.5
#626262	107	64	99	106.5	107.5	63.5	64.5
#646464	108	64	101	107.5	108.5	63.5	64.5
#666666	109	64	103	108.5	109.5	63.5	64.5
#717171	110	64	114	109.5	110.5	63.5	64.5
#787878	111	64	121	110.5	111.5	63.5	64.5
#777777	112	64	120	111.5	112.5	63.5	64.5
#747474	113	64	117	112.5	113.5	63.5	64.5
#737373	114	64	116	113.5	114.5	63.5	64.5
#707070	115	64	113	114.5	115.5	63.5	64.5
#707070	116	64	113	115.5	116.5	63.5	64.5
#727272	117	64	115	116.5	117.5	63.5	64.5
#737373	118	64	116	117.5	118.5	63.5	64.5
#6F6F6F	119	64	112	118.5	119.5	63.5	64.5
#6B6B6B	120	64	108	119.5	120.5	63.5	64.5
#696969	121	64	106	120.5	121.5	63.5	64.5
#6A6A6A	122	64	107	121.5	122.5	63.5	64.5
#6A6A6A	123	64	107	122.5	123.5	63.5	64.5
#6B6B6B	124	64	108	123.5	124.5	63.5	64.5
#696969	125	64	106	124.5	125.5	63.5	64.5
#676767	126	64	104	125.5	126.5	63.5	64.5
#666666	127	64	103	126.5	127.5	63.5	64.5
#656565	128	64	102	127.5	128.5	63.5	64.5
#656565	129	64	102	128.5	129.5	63.5	64.5
#666666	130	64	103	129.5	130.5	63.5	64.5
#676767	131	64	104	130.5	131.5	63.5	64.5
#666666	132	64	103	131.5	132.5	63.5	64.5
#656565	133	64	102	132.5	133.5	63.5	64.5
#616161	134	64	98	133.5	134.5	63.5	64.5
#666666	135	64	103	134.5	135.5	63.5	64.5
#666666	136	64	103	135.5	136.5	63.5	64.5
#626262	137	64	99	136.5	137.5	63.5	64.5
#5E5E5E	138	64	95	137.5	138.5	63.5	64.5
#5B5B5B	139	64	92	138.5	139.5	63.5	64.5
#656565	0	63	102	-0.5	0.5	62.5	63.5
#888888	1	63	137	0.5	1.5	62.5	63.5
#888888	2	63	137	1.5	2.5	62.5	63.5
#888888	3	63	137	2.5	3.5	62.5	63.5
#8C8C8C	4	63	141	3.5	4.5	62.5	63.5
#8D8D8D	5	63	142	4.5	5.5	62.5	63.5
#8D8D8D	6	63	142	5.5	6.5	62.5	63.5
#8B8B8B	7	63	140	6.5	7.5	62.5	63.5
#8C8C8C	8	63	141	7.5	8.5	62.5	63.5
#8B8B8B	9	63	140	8.5	9.5	62.5	63.5
#8B8B8B	10	63	140	9.5	10.5	62.5	63.5
#8A8A8A	11	63	139	10.5	11.5	62.5	63.5
#8A8A8A	12	63	139	11.5	12.5	62.5	63.5
#8A8A8A	13	63	139	12.5	13.5	62.5	63.5
#8C8C8C	14	63	141	13.5	14.5	62.5	63.5
#8B8B8B	15	63	140	14.5	15.5	62.5	63.5
#8A8A8A	16	63	139	15.5	16.5	62.5	63.5
#898989	17	63	138	16.5	17.5	62.5	63.5
#888888	18	63	137	17.5	18.5	62.5	63.5
#878787	19	63	136	18.5	19.5	62.5	63.5
#868686	20	63	135	19.5	20.5	62.5	63.5
#868686	21	63	135	20.5	21.5	62.5	63.5
#878787	22	63	136	21.5	22.5	62.5	63.5
#878787	23	63	136	22.5	23.5	62.5	63.5
#848484	24	63	133	23.5	24.5	62.5	63.5
#848484	25	63	133	24.5	25.5	62.5	63.5
#898989	26	63	138	25.5	26.5	62.5	63.5
#8B8B8B	27	63	140	26.5	27.5	62.5	63.5
#8B8B8B	28	63	140	27.5	28.5	62.5	63.5
#858585	29	63	134	28.5	29.5	62.5	63.5
#737373	30	63	116	29.5	30.5	62.5	63.5
#686868	31	63	105	30.5	31.5	62.5	63.5
#686868	32	63	105	31.5	32.5	62.5	63.5
#6A6A6A	33	63	107	32.5	33.5	62.5	63.5
#676767	34	63	104	33.5	34.5	62.5	63.5
#606060	35	63	97	34.5	35.5	62.5	63.5
#5F5F5F	36	63	96	35.5	36.5	62.5	63.5
#636363	37	63	100	36.5	37.5	62.5	63.5
#5E5E5E	38	63	95	37.5	38.5	62.5	63.5
#565656	39	63	87	38.5	39.5	62.5	63.5
#4E4E4E	40	63	79	39.5	40.5	62.5	63.5
#4F4F4F	41	63	80	40.5	41.5	62.5	63.5
#505050	42	63	81	41.5	42.5	62.5	63.5
#4A4A4A	43	63	75	42.5	43.5	62.5	63.5
#585858	44	63	89	43.5	44.5	62.5	63.5
#6A6A6A	45	63	107	44.5	45.5	62.5	63.5
#676767	46	63	104	45.5	46.5	62.5	63.5
#606060	47	63	97	46.5	47.5	62.5	63.5
#696969	48	63	106	47.5	48.5	62.5	63.5
#747474	49	63	117	48.5	49.5	62.5	63.5
#6D6D6D	50	63	110	49.5	50.5	62.5	63.5
#6B6B6B	51	63	108	50.5	51.5	62.5	63.5
#6D6D6D	52	63	110	51.5	52.5	62.5	63.5
#6E6E6E	53	63	111	52.5	53.5	62.5	63.5
#6F6F6F	54	63	112	53.5	54.5	62.5	63.5
#6E6E6E	55	63	111	54.5	55.5	62.5	63.5
#6C6C6C	56	63	109	55.5	56.5	62.5	63.5
#737373	57	63	116	56.5	57.5	62.5	63.5
#737373	58	63	116	57.5	58.5	62.5	63.5
#777777	59	63	120	58.5	59.5	62.5	63.5
#828282	60	63	131	59.5	60.5	62.5	63.5
#8C8C8C	61	63	141	60.5	61.5	62.5	63.5
#8A8A8A	62	63	139	61.5	62.5	62.5	63.5
#8E8E8E	63	63	143	62.5	63.5	62.5	63.5
#8C8C8C	64	63	141	63.5	64.5	62.5	63.5
#8B8B8B	65	63	140	64.5	65.5	62.5	63.5
#8A8A8A	66	63	139	65.5	66.5	62.5	63.5
#8C8C8C	67	63	141	66.5	67.5	62.5	63.5
#8F8F8F	68	63	144	67.5	68.5	62.5	63.5
#8F8F8F	69	63	144	68.5	69.5	62.5	63.5
#8D8D8D	70	63	142	69.5	70.5	62.5	63.5
#8D8D8D	71	63	142	70.5	71.5	62.5	63.5
#8D8D8D	72	63	142	71.5	72.5	62.5	63.5
#888888	73	63	137	72.5	73.5	62.5	63.5
#868686	74	63	135	73.5	74.5	62.5	63.5
#848484	75	63	133	74.5	75.5	62.5	63.5
#7F7F7F	76	63	128	75.5	76.5	62.5	63.5
#7C7C7C	77	63	125	76.5	77.5	62.5	63.5
#7A7A7A	78	63	123	77.5	78.5	62.5	63.5
#757575	79	63	118	78.5	79.5	62.5	63.5
#707070	80	63	113	79.5	80.5	62.5	63.5
#707070	81	63	113	80.5	81.5	62.5	63.5
#6E6E6E	82	63	111	81.5	82.5	62.5	63.5
#676767	83	63	104	82.5	83.5	62.5	63.5
#626262	84	63	99	83.5	84.5	62.5	63.5
#5F5F5F	85	63	96	84.5	85.5	62.5	63.5
#565656	86	63	87	85.5	86.5	62.5	63.5
#3D3D3D	87	63	62	86.5	87.5	62.5	63.5
#323232	88	63	51	87.5	88.5	62.5	63.5
#3A3A3A	89	63	59	88.5	89.5	62.5	63.5
#4B4B4B	90	63	76	89.5	90.5	62.5	63.5
#555555	91	63	86	90.5	91.5	62.5	63.5
#494949	92	63	74	91.5	92.5	62.5	63.5
#444444	93	63	69	92.5	93.5	62.5	63.5
#444444	94	63	69	93.5	94.5	62.5	63.5
#464646	95	63	71	94.5	95.5	62.5	63.5
#464646	96	63	71	95.5	96.5	62.5	63.5
#454545	97	63	70	96.5	97.5	62.5	63.5
#4B4B4B	98	63	76	97.5	98.5	62.5	63.5
#535353	99	63	84	98.5	99.5	62.5	63.5
#595959	100	63	90	99.5	100.5	62.5	63.5
#4D4D4D	101	63	78	100.5	101.5	62.5	63.5
#3F3F3F	102	63	64	101.5	102.5	62.5	63.5
#424242	103	63	67	102.5	103.5	62.5	63.5
#4A4A4A	104	63	75	103.5	104.5	62.5	63.5
#535353	105	63	84	104.5	105.5	62.5	63.5
#535353	106	63	84	105.5	106.5	62.5	63.5
#5C5C5C	107	63	93	106.5	107.5	62.5	63.5
#666666	108	63	103	107.5	108.5	62.5	63.5
#656565	109	63	102	108.5	109.5	62.5	63.5
#717171	110	63	114	109.5	110.5	62.5	63.5
#7A7A7A	111	63	123	110.5	111.5	62.5	63.5
#787878	112	63	121	111.5	112.5	62.5	63.5
#767676	113	63	119	112.5	113.5	62.5	63.5
#737373	114	63	116	113.5	114.5	62.5	63.5
#717171	115	63	114	114.5	115.5	62.5	63.5
#717171	116	63	114	115.5	116.5	62.5	63.5
#727272	117	63	115	116.5	117.5	62.5	63.5
#707070	118	63	113	117.5	118.5	62.5	63.5
#6D6D6D	119	63	110	118.5	119.5	62.5	63.5
#6A6A6A	120	63	107	119.5	120.5	62.5	63.5
#6A6A6A	121	63	107	120.5	121.5	62.5	63.5
#6A6A6A	122	63	107	121.5	122.5	62.5	63.5
#6C6C6C	123	63	109	122.5	123.5	62.5	63.5
#6B6B6B	124	63	108	123.5	124.5	62.5	63.5
#6A6A6A	125	63	107	124.5	125.5	62.5	63.5
#686868	126	63	105	125.5	126.5	62.5	63.5
#676767	127	63	104	126.5	127.5	62.5	63.5
#666666	128	63	103	127.5	128.5	62.5	63.5
#656565	129	63	102	128.5	129.5	62.5	63.5
#666666	130	63	103	129.5	130.5	62.5	63.5
#646464	131	63	101	130.5	131.5	62.5	63.5
#646464	132	63	101	131.5	132.5	62.5	63.5
#646464	133	63	101	132.5	133.5	62.5	63.5
#636363	134	63	100	133.5	134.5	62.5	63.5
#656565	135	63	102	134.5	135.5	62.5	63.5
#696969	136	63	106	135.5	136.5	62.5	63.5
#636363	137	63	100	136.5	137.5	62.5	63.5
#616161	138	63	98	137.5	138.5	62.5	63.5
#5E5E5E	139	63	95	138.5	139.5	62.5	63.5
#646464	0	62	101	-0.5	0.5	61.5	62.5
#888888	1	62	137	0.5	1.5	61.5	62.5
#898989	2	62	138	1.5	2.5	61.5	62.5
#898989	3	62	138	2.5	3.5	61.5	62.5
#8E8E8E	4	62	143	3.5	4.5	61.5	62.5
#8E8E8E	5	62	143	4.5	5.5	61.5	62.5
#8C8C8C	6	62	141	5.5	6.5	61.5	62.5
#8C8C8C	7	62	141	6.5	7.5	61.5	62.5
#8D8D8D	8	62	142	7.5	8.5	61.5	62.5
#8B8B8B	9	62	140	8.5	9.5	61.5	62.5
#8B8B8B	10	62	140	9.5	10.5	61.5	62.5
#8A8A8A	11	62	139	10.5	11.5	61.5	62.5
#8A8A8A	12	62	139	11.5	12.5	61.5	62.5
#8C8C8C	13	62	141	12.5	13.5	61.5	62.5
#8E8E8E	14	62	143	13.5	14.5	61.5	62.5
#8D8D8D	15	62	142	14.5	15.5	61.5	62.5
#8A8A8A	16	62	139	15.5	16.5	61.5	62.5
#898989	17	62	138	16.5	17.5	61.5	62.5
#898989	18	62	138	17.5	18.5	61.5	62.5
#898989	19	62	138	18.5	19.5	61.5	62.5
#868686	20	62	135	19.5	20.5	61.5	62.5
#888888	21	62	137	20.5	21.5	61.5	62.5
#898989	22	62	138	21.5	22.5	61.5	62.5
#878787	23	62	136	22.5	23.5	61.5	62.5
#858585	24	62	134	23.5	24.5	61.5	62.5
#878787	25	62	136	24.5	25.5	61.5	62.5
#8B8B8B	26	62	140	25.5	26.5	61.5	62.5
#8D8D8D	27	62	142	26.5	27.5	61.5	62.5
#8B8B8B	28	62	140	27.5	28.5	61.5	62.5
#818181	29	62	130	28.5	29.5	61.5	62.5
#6F6F6F	30	62	112	29.5	30.5	61.5	62.5
#686868	31	62	105	30.5	31.5	61.5	62.5
#707070	32	62	113	31.5	32.5	61.5	62.5
#6E6E6E	33	62	111	32.5	33.5	61.5	62.5
#696969	34	62	106	33.5	34.5	61.5	62.5
#636363	35	62	100	34.5	35.5	61.5	62.5
#5B5B5B	36	62	92	35.5	36.5	61.5	62.5
#5D5D5D	37	62	94	36.5	37.5	61.5	62.5
#565656	38	62	87	37.5	38.5	61.5	62.5
#525252	39	62	83	38.5	39.5	61.5	62.5
#4C4C4C	40	62	77	39.5	40.5	61.5	62.5
#4D4D4D	41	62	78	40.5	41.5	61.5	62.5
#4C4C4C	42	62	77	41.5	42.5	61.5	62.5
#494949	43	62	74	42.5	43.5	61.5	62.5
#525252	44	62	83	43.5	44.5	61.5	62.5
#616161	45	62	98	44.5	45.5	61.5	62.5
#636363	46	62	100	45.5	46.5	61.5	62.5
#5D5D5D	47	62	94	46.5	47.5	61.5	62.5
#626262	48	62	99	47.5	48.5	61.5	62.5
#6C6C6C	49	62	109	48.5	49.5	61.5	62.5
#6C6C6C	50	62	109	49.5	50.5	61.5	62.5
#737373	51	62	116	50.5	51.5	61.5	62.5
#7A7A7A	52	62	123	51.5	52.5	61.5	62.5
#737373	53	62	116	52.5	53.5	61.5	62.5
#707070	54	62	113	53.5	54.5	61.5	62.5
#6F6F6F	55	62	112	54.5	55.5	61.5	62.5
#6E6E6E	56	62	111	55.5	56.5	61.5	62.5
#757575	57	62	118	56.5	57.5	61.5	62.5
#777777	58	62	120	57.5	58.5	61.5	62.5
#808080	59	62	129	58.5	59.5	61.5	62.5
#888888	60	62	137	59.5	60.5	61.5	62.5
#8E8E8E	61	62	143	60.5	61.5	61.5	62.5
#8D8D8D	62	62	142	61.5	62.5	61.5	62.5
#8E8E8E	63	62	143	62.5	63.5	61.5	62.5
#8B8B8B	64	62	140	63.5	64.5	61.5	62.5
#8B8B8B	65	62	140	64.5	65.5	61.5	62.5
#8D8D8D	66	62	142	65.5	66.5	61.5	62.5
#8F8F8F	67	62	144	66.5	67.5	61.5	62.5
#8F8F8F	68	62	144	67.5	68.5	61.5	62.5
#8F8F8F	69	62	144	68.5	69.5	61.5	62.5
#8C8C8C	70	62	141	69.5	70.5	61.5	62.5
#8D8D8D	71	62	142	70.5	71.5	61.5	62.5
#8D8D8D	72	62	142	71.5	72.5	61.5	62.5
#8A8A8A	73	62	139	72.5	73.5	61.5	62.5
#888888	74	62	137	73.5	74.5	61.5	62.5
#868686	75	62	135	74.5	75.5	61.5	62.5
#838383	76	62	132	75.5	76.5	61.5	62.5
#7D7D7D	77	62	126	76.5	77.5	61.5	62.5
#7B7B7B	78	62	124	77.5	78.5	61.5	62.5
#747474	79	62	117	78.5	79.5	61.5	62.5
#6D6D6D	80	62	110	79.5	80.5	61.5	62.5
#6B6B6B	81	62	108	80.5	81.5	61.5	62.5
#6A6A6A	82	62	107	81.5	82.5	61.5	62.5
#666666	83	62	103	82.5	83.5	61.5	62.5
#616161	84	62	98	83.5	84.5	61.5	62.5
#5D5D5D	85	62	94	84.5	85.5	61.5	62.5
#525252	86	62	83	85.5	86.5	61.5	62.5
#3F3F3F	87	62	64	86.5	87.5	61.5	62.5
#3B3B3B	88	62	60	87.5	88.5	61.5	62.5
#404040	89	62	65	88.5	89.5	61.5	62.5
#414141	90	62	66	89.5	90.5	61.5	62.5
#3B3B3B	91	62	60	90.5	91.5	61.5	62.5
#383838	92	62	57	91.5	92.5	61.5	62.5
#3E3E3E	93	62	63	92.5	93.5	61.5	62.5
#404040	94	62	65	93.5	94.5	61.5	62.5
#484848	95	62	73	94.5	95.5	61.5	62.5
#4C4C4C	96	62	77	95.5	96.5	61.5	62.5
#4D4D4D	97	62	78	96.5	97.5	61.5	62.5
#535353	98	62	84	97.5	98.5	61.5	62.5
#525252	99	62	83	98.5	99.5	61.5	62.5
#565656	100	62	87	99.5	100.5	61.5	62.5
#595959	101	62	90	100.5	101.5	61.5	62.5
#535353	102	62	84	101.5	102.5	61.5	62.5
#484848	103	62	73	102.5	103.5	61.5	62.5
#4A4A4A	104	62	75	103.5	104.5	61.5	62.5
#545454	105	62	85	104.5	105.5	61.5	62.5
#535353	106	62	84	105.5	106.5	61.5	62.5
#565656	107	62	87	106.5	107.5	61.5	62.5
#666666	108	62	103	107.5	108.5	61.5	62.5
#676767	109	62	104	108.5	109.5	61.5	62.5
#737373	110	62	116	109.5	110.5	61.5	62.5
#7A7A7A	111	62	123	110.5	111.5	61.5	62.5
#797979	112	62	122	111.5	112.5	61.5	62.5
#777777	113	62	120	112.5	113.5	61.5	62.5
#737373	114	62	116	113.5	114.5	61.5	62.5
#717171	115	62	114	114.5	115.5	61.5	62.5
#727272	116	62	115	115.5	116.5	61.5	62.5
#727272	117	62	115	116.5	117.5	61.5	62.5
#6E6E6E	118	62	111	117.5	118.5	61.5	62.5
#6A6A6A	119	62	107	118.5	119.5	61.5	62.5
#6C6C6C	120	62	109	119.5	120.5	61.5	62.5
#6C6C6C	121	62	109	120.5	121.5	61.5	62.5
#6B6B6B	122	62	108	121.5	122.5	61.5	62.5
#6B6B6B	123	62	108	122.5	123.5	61.5	62.5
#6A6A6A	124	62	107	123.5	124.5	61.5	62.5
#6A6A6A	125	62	107	124.5	125.5	61.5	62.5
#6A6A6A	126	62	107	125.5	126.5	61.5	62.5
#696969	127	62	106	126.5	127.5	61.5	62.5
#686868	128	62	105	127.5	128.5	61.5	62.5
#656565	129	62	102	128.5	129.5	61.5	62.5
#656565	130	62	102	129.5	130.5	61.5	62.5
#646464	131	62	101	130.5	131.5	61.5	62.5
#646464	132	62	101	131.5	132.5	61.5	62.5
#656565	133	62	102	132.5	133.5	61.5	62.5
#666666	134	62	103	133.5	134.5	61.5	62.5
#646464	135	62	101	134.5	135.5	61.5	62.5
#696969	136	62	106	135.5	136.5	61.5	62.5
#696969	137	62	106	136.5	137.5	61.5	62.5
#636363	138	62	100	137.5	138.5	61.5	62.5
#616161	139	62	98	138.5	139.5	61.5	62.5
#656565	0	61	102	-0.5	0.5	60.5	61.5
#888888	1	61	137	0.5	1.5	60.5	61.5
#898989	2	61	138	1.5	2.5	60.5	61.5
#8B8B8B	3	61	140	2.5	3.5	60.5	61.5
#8E8E8E	4	61	143	3.5	4.5	60.5	61.5
#8E8E8E	5	61	143	4.5	5.5	60.5	61.5
#8E8E8E	6	61	143	5.5	6.5	60.5	61.5
#8D8D8D	7	61	142	6.5	7.5	60.5	61.5
#8F8F8F	8	61	144	7.5	8.5	60.5	61.5
#8D8D8D	9	61	142	8.5	9.5	60.5	61.5
#8D8D8D	10	61	142	9.5	10.5	60.5	61.5
#8D8D8D	11	61	142	10.5	11.5	60.5	61.5
#8C8C8C	12	61	141	11.5	12.5	60.5	61.5
#8D8D8D	13	61	142	12.5	13.5	60.5	61.5
#8E8E8E	14	61	143	13.5	14.5	60.5	61.5
#8D8D8D	15	61	142	14.5	15.5	60.5	61.5
#8C8C8C	16	61	141	15.5	16.5	60.5	61.5
#8B8B8B	17	61	140	16.5	17.5	60.5	61.5
#8A8A8A	18	61	139	17.5	18.5	60.5	61.5
#8A8A8A	19	61	139	18.5	19.5	60.5	61.5
#898989	20	61	138	19.5	20.5	60.5	61.5
#8A8A8A	21	61	139	20.5	21.5	60.5	61.5
#8A8A8A	22	61	139	21.5	22.5	60.5	61.5
#898989	23	61	138	22.5	23.5	60.5	61.5
#878787	24	61	136	23.5	24.5	60.5	61.5
#8A8A8A	25	61	139	24.5	25.5	60.5	61.5
#8D8D8D	26	61	142	25.5	26.5	60.5	61.5
#8E8E8E	27	61	143	26.5	27.5	60.5	61.5
#888888	28	61	137	27.5	28.5	60.5	61.5
#7C7C7C	29	61	125	28.5	29.5	60.5	61.5
#717171	30	61	114	29.5	30.5	60.5	61.5
#6C6C6C	31	61	109	30.5	31.5	60.5	61.5
#707070	32	61	113	31.5	32.5	60.5	61.5
#707070	33	61	113	32.5	33.5	60.5	61.5
#6B6B6B	34	61	108	33.5	34.5	60.5	61.5
#636363	35	61	100	34.5	35.5	60.5	61.5
#5B5B5B	36	61	92	35.5	36.5	60.5	61.5
#565656	37	61	87	36.5	37.5	60.5	61.5
#545454	38	61	85	37.5	38.5	60.5	61.5
#515151	39	61	82	38.5	39.5	60.5	61.5
#4F4F4F	40	61	80	39.5	40.5	60.5	61.5
#484848	41	61	73	40.5	41.5	60.5	61.5
#4C4C4C	42	61	77	41.5	42.5	60.5	61.5
#565656	43	61	87	42.5	43.5	60.5	61.5
#585858	44	61	89	43.5	44.5	60.5	61.5
#5E5E5E	45	61	95	44.5	45.5	60.5	61.5
#5D5D5D	46	61	94	45.5	46.5	60.5	61.5
#535353	47	61	84	46.5	47.5	60.5	61.5
#545454	48	61	85	47.5	48.5	60.5	61.5
#616161	49	61	98	48.5	49.5	60.5	61.5
#626262	50	61	99	49.5	50.5	60.5	61.5
#696969	51	61	106	50.5	51.5	60.5	61.5
#717171	52	61	114	51.5	52.5	60.5	61.5
#6D6D6D	53	61	110	52.5	53.5	60.5	61.5
#727272	54	61	115	53.5	54.5	60.5	61.5
#727272	55	61	115	54.5	55.5	60.5	61.5
#707070	56	61	113	55.5	56.5	60.5	61.5
#797979	57	61	122	56.5	57.5	60.5	61.5
#818181	58	61	130	57.5	58.5	60.5	61.5
#878787	59	61	136	58.5	59.5	60.5	61.5
#8B8B8B	60	61	140	59.5	60.5	60.5	61.5
#8D8D8D	61	61	142	60.5	61.5	60.5	61.5
#8F8F8F	62	61	144	61.5	62.5	60.5	61.5
#909090	63	61	145	62.5	63.5	60.5	61.5
#8C8C8C	64	61	141	63.5	64.5	60.5	61.5
#8E8E8E	65	61	143	64.5	65.5	60.5	61.5
#909090	66	61	145	65.5	66.5	60.5	61.5
#909090	67	61	145	66.5	67.5	60.5	61.5
#929292	68	61	147	67.5	68.5	60.5	61.5
#909090	69	61	145	68.5	69.5	60.5	61.5
#8E8E8E	70	61	143	69.5	70.5	60.5	61.5
#8E8E8E	71	61	143	70.5	71.5	60.5	61.5
#8D8D8D	72	61	142	71.5	72.5	60.5	61.5
#8B8B8B	73	61	140	72.5	73.5	60.5	61.5
#898989	74	61	138	73.5	74.5	60.5	61.5
#898989	75	61	138	74.5	75.5	60.5	61.5
#888888	76	61	137	75.5	76.5	60.5	61.5
#7E7E7E	77	61	127	76.5	77.5	60.5	61.5
#7C7C7C	78	61	125	77.5	78.5	60.5	61.5
#767676	79	61	119	78.5	79.5	60.5	61.5
#6C6C6C	80	61	109	79.5	80.5	60.5	61.5
#676767	81	61	104	80.5	81.5	60.5	61.5
#636363	82	61	100	81.5	82.5	60.5	61.5
#616161	83	61	98	82.5	83.5	60.5	61.5
#616161	84	61	98	83.5	84.5	60.5	61.5
#595959	85	61	90	84.5	85.5	60.5	61.5
#484848	86	61	73	85.5	86.5	60.5	61.5
#3A3A3A	87	61	59	86.5	87.5	60.5	61.5
#363636	88	61	55	87.5	88.5	60.5	61.5
#383838	89	61	57	88.5	89.5	60.5	61.5
#333333	90	61	52	89.5	90.5	60.5	61.5
#2B2B2B	91	61	44	90.5	91.5	60.5	61.5
#2E2E2E	92	61	47	91.5	92.5	60.5	61.5
#393939	93	61	58	92.5	93.5	60.5	61.5
#3C3C3C	94	61	61	93.5	94.5	60.5	61.5
#464646	95	61	71	94.5	95.5	60.5	61.5
#4B4B4B	96	61	76	95.5	96.5	60.5	61.5
#4B4B4B	97	61	76	96.5	97.5	60.5	61.5
#535353	98	61	84	97.5	98.5	60.5	61.5
#595959	99	61	90	98.5	99.5	60.5	61.5
#565656	100	61	87	99.5	100.5	60.5	61.5
#575757	101	61	88	100.5	101.5	60.5	61.5
#565656	102	61	87	101.5	102.5	60.5	61.5
#515151	103	61	82	102.5	103.5	60.5	61.5
#4C4C4C	104	61	77	103.5	104.5	60.5	61.5
#4C4C4C	105	61	77	104.5	105.5	60.5	61.5
#515151	106	61	82	105.5	106.5	60.5	61.5
#535353	107	61	84	106.5	107.5	60.5	61.5
#626262	108	61	99	107.5	108.5	60.5	61.5
#6C6C6C	109	61	109	108.5	109.5	60.5	61.5
#747474	110	61	117	109.5	110.5	60.5	61.5
#7E7E7E	111	61	127	110.5	111.5	60.5	61.5
#7A7A7A	112	61	123	111.5	112.5	60.5	61.5
#777777	113	61	120	112.5	113.5	60.5	61.5
#737373	114	61	116	113.5	114.5	60.5	61.5
#717171	115	61	114	114.5	115.5	60.5	61.5
#727272	116	61	115	115.5	116.5	60.5	61.5
#707070	117	61	113	116.5	117.5	60.5	61.5
#6B6B6B	118	61	108	117.5	118.5	60.5	61.5
#6B6B6B	119	61	108	118.5	119.5	60.5	61.5
#6D6D6D	120	61	110	119.5	120.5	60.5	61.5
#6E6E6E	121	61	111	120.5	121.5	60.5	61.5
#6D6D6D	122	61	110	121.5	122.5	60.5	61.5
#6D6D6D	123	61	110	122.5	123.5	60.5	61.5
#6C6C6C	124	61	109	123.5	124.5	60.5	61.5
#6B6B6B	125	61	108	124.5	125.5	60.5	61.5
#6B6B6B	126	61	108	125.5	126.5	60.5	61.5
#696969	127	61	106	126.5	127.5	60.5	61.5
#696969	128	61	106	127.5	128.5	60.5	61.5
#676767	129	61	104	128.5	129.5	60.5	61.5
#656565	130	61	102	129.5	130.5	60.5	61.5
#656565	131	61	102	130.5	131.5	60.5	61.5
#646464	132	61	101	131.5	132.5	60.5	61.5
#666666	133	61	103	132.5	133.5	60.5	61.5
#666666	134	61	103	133.5	134.5	60.5	61.5
#656565	135	61	102	134.5	135.5	60.5	61.5
#676767	136	61	104	135.5	136.5	60.5	61.5
#6C6C6C	137	61	109	136.5	137.5	60.5	61.5
#676767	138	61	104	137.5	138.5	60.5	61.5
#636363	139	61	100	138.5	139.5	60.5	61.5
#646464	0	60	101	-0.5	0.5	59.5	60.5
#898989	1	60	138	0.5	1.5	59.5	60.5
#8B8B8B	2	60	140	1.5	2.5	59.5	60.5
#8B8B8B	3	60	140	2.5	3.5	59.5	60.5
#8E8E8E	4	60	143	3.5	4.5	59.5	60.5
#909090	5	60	145	4.5	5.5	59.5	60.5
#909090	6	60	145	5.5	6.5	59.5	60.5
#909090	7	60	145	6.5	7.5	59.5	60.5
#8F8F8F	8	60	144	7.5	8.5	59.5	60.5
#8E8E8E	9	60	143	8.5	9.5	59.5	60.5
#8E8E8E	10	60	143	9.5	10.5	59.5	60.5
#8D8D8D	11	60	142	10.5	11.5	59.5	60.5
#8D8D8D	12	60	142	11.5	12.5	59.5	60.5
#8D8D8D	13	60	142	12.5	13.5	59.5	60.5
#8E8E8E	14	60	143	13.5	14.5	59.5	60.5
#8E8E8E	15	60	143	14.5	15.5	59.5	60.5
#8D8D8D	16	60	142	15.5	16.5	59.5	60.5
#8B8B8B	17	60	140	16.5	17.5	59.5	60.5
#8A8A8A	18	60	139	17.5	18.5	59.5	60.5
#8B8B8B	19	60	140	18.5	19.5	59.5	60.5
#8B8B8B	20	60	140	19.5	20.5	59.5	60.5
#8C8C8C	21	60	141	20.5	21.5	59.5	60.5
#8C8C8C	22	60	141	21.5	22.5	59.5	60.5
#8B8B8B	23	60	140	22.5	23.5	59.5	60.5
#898989	24	60	138	23.5	24.5	59.5	60.5
#8D8D8D	25	60	142	24.5	25.5	59.5	60.5
#8D8D8D	26	60	142	25.5	26.5	59.5	60.5
#8D8D8D	27	60	142	26.5	27.5	59.5	60.5
#848484	28	60	133	27.5	28.5	59.5	60.5
#7D7D7D	29	60	126	28.5	29.5	59.5	60.5
#747474	30	60	117	29.5	30.5	59.5	60.5
#6D6D6D	31	60	110	30.5	31.5	59.5	60.5
#727272	32	60	115	31.5	32.5	59.5	60.5
#727272	33	60	115	32.5	33.5	59.5	60.5
#6D6D6D	34	60	110	33.5	34.5	59.5	60.5
#656565	35	60	102	34.5	35.5	59.5	60.5
#5F5F5F	36	60	96	35.5	36.5	59.5	60.5
#565656	37	60	87	36.5	37.5	59.5	60.5
#515151	38	60	82	37.5	38.5	59.5	60.5
#4D4D4D	39	60	78	38.5	39.5	59.5	60.5
#505050	40	60	81	39.5	40.5	59.5	60.5
#525252	41	60	83	40.5	41.5	59.5	60.5
#535353	42	60	84	41.5	42.5	59.5	60.5
#555555	43	60	86	42.5	43.5	59.5	60.5
#585858	44	60	89	43.5	44.5	59.5	60.5
#5F5F5F	45	60	96	44.5	45.5	59.5	60.5
#5C5C5C	46	60	93	45.5	46.5	59.5	60.5
#505050	47	60	81	46.5	47.5	59.5	60.5
#4F4F4F	48	60	80	47.5	48.5	59.5	60.5
#575757	49	60	88	48.5	49.5	59.5	60.5
#5A5A5A	50	60	91	49.5	50.5	59.5	60.5
#5E5E5E	51	60	95	50.5	51.5	59.5	60.5
#5F5F5F	52	60	96	51.5	52.5	59.5	60.5
#5F5F5F	53	60	96	52.5	53.5	59.5	60.5
#6B6B6B	54	60	108	53.5	54.5	59.5	60.5
#737373	55	60	116	54.5	55.5	59.5	60.5
#6D6D6D	56	60	110	55.5	56.5	59.5	60.5
#737373	57	60	116	56.5	57.5	59.5	60.5
#7A7A7A	58	60	123	57.5	58.5	59.5	60.5
#868686	59	60	135	58.5	59.5	59.5	60.5
#8E8E8E	60	60	143	59.5	60.5	59.5	60.5
#8D8D8D	61	60	142	60.5	61.5	59.5	60.5
#909090	62	60	145	61.5	62.5	59.5	60.5
#909090	63	60	145	62.5	63.5	59.5	60.5
#909090	64	60	145	63.5	64.5	59.5	60.5
#909090	65	60	145	64.5	65.5	59.5	60.5
#909090	66	60	145	65.5	66.5	59.5	60.5
#929292	67	60	147	66.5	67.5	59.5	60.5
#939393	68	60	148	67.5	68.5	59.5	60.5
#919191	69	60	146	68.5	69.5	59.5	60.5
#8F8F8F	70	60	144	69.5	70.5	59.5	60.5
#8F8F8F	71	60	144	70.5	71.5	59.5	60.5
#8D8D8D	72	60	142	71.5	72.5	59.5	60.5
#8B8B8B	73	60	140	72.5	73.5	59.5	60.5
#8A8A8A	74	60	139	73.5	74.5	59.5	60.5
#8B8B8B	75	60	140	74.5	75.5	59.5	60.5
#8A8A8A	76	60	139	75.5	76.5	59.5	60.5
#828282	77	60	131	76.5	77.5	59.5	60.5
#7D7D7D	78	60	126	77.5	78.5	59.5	60.5
#787878	79	60	121	78.5	79.5	59.5	60.5
#6F6F6F	80	60	112	79.5	80.5	59.5	60.5
#676767	81	60	104	80.5	81.5	59.5	60.5
#636363	82	60	100	81.5	82.5	59.5	60.5
#616161	83	60	98	82.5	83.5	59.5	60.5
#606060	84	60	97	83.5	84.5	59.5	60.5
#535353	85	60	84	84.5	85.5	59.5	60.5
#3F3F3F	86	60	64	85.5	86.5	59.5	60.5
#373737	87	60	56	86.5	87.5	59.5	60.5
#323232	88	60	51	87.5	88.5	59.5	60.5
#343434	89	60	53	88.5	89.5	59.5	60.5
#2E2E2E	90	60	47	89.5	90.5	59.5	60.5
#272727	91	60	40	90.5	91.5	59.5	60.5
#292929	92	60	42	91.5	92.5	59.5	60.5
#303030	93	60	49	92.5	93.5	59.5	60.5
#353535	94	60	54	93.5	94.5	59.5	60.5
#424242	95	60	67	94.5	95.5	59.5	60.5
#424242	96	60	67	95.5	96.5	59.5	60.5
#3F3F3F	97	60	64	96.5	97.5	59.5	60.5
#4C4C4C	98	60	77	97.5	98.5	59.5	60.5
#5B5B5B	99	60	92	98.5	99.5	59.5	60.5
#595959	100	60	90	99.5	100.5	59.5	60.5
#575757	101	60	88	100.5	101.5	59.5	60.5
#575757	102	60	88	101.5	102.5	59.5	60.5
#595959	103	60	90	102.5	103.5	59.5	60.5
#585858	104	60	89	103.5	104.5	59.5	60.5
#515151	105	60	82	104.5	105.5	59.5	60.5
#4F4F4F	106	60	80	105.5	106.5	59.5	60.5
#535353	107	60	84	106.5	107.5	59.5	60.5
#5E5E5E	108	60	95	107.5	108.5	59.5	60.5
#6E6E6E	109	60	111	108.5	109.5	59.5	60.5
#777777	110	60	120	109.5	110.5	59.5	60.5
#7E7E7E	111	60	127	110.5	111.5	59.5	60.5
#7B7B7B	112	60	124	111.5	112.5	59.5	60.5
#797979	113	60	122	112.5	113.5	59.5	60.5
#757575	114	60	118	113.5	114.5	59.5	60.5
#747474	115	60	117	114.5	115.5	59.5	60.5
#717171	116	60	114	115.5	116.5	59.5	60.5
#6D6D6D	117	60	110	116.5	117.5	59.5	60.5
#6C6C6C	118	60	109	117.5	118.5	59.5	60.5
#6E6E6E	119	60	111	118.5	119.5	59.5	60.5
#6E6E6E	120	60	111	119.5	120.5	59.5	60.5
#6E6E6E	121	60	111	120.5	121.5	59.5	60.5
#6E6E6E	122	60	111	121.5	122.5	59.5	60.5
#6F6F6F	123	60	112	122.5	123.5	59.5	60.5
#6D6D6D	124	60	110	123.5	124.5	59.5	60.5
#6D6D6D	125	60	110	124.5	125.5	59.5	60.5
#6C6C6C	126	60	109	125.5	126.5	59.5	60.5
#6A6A6A	127	60	107	126.5	127.5	59.5	60.5
#696969	128	60	106	127.5	128.5	59.5	60.5
#676767	129	60	104	128.5	129.5	59.5	60.5
#676767	130	60	104	129.5	130.5	59.5	60.5
#686868	131	60	105	130.5	131.5	59.5	60.5
#666666	132	60	103	131.5	132.5	59.5	60.5
#676767	133	60	104	132.5	133.5	59.5	60.5
#676767	134	60	104	133.5	134.5	59.5	60.5
#686868	135	60	105	134.5	135.5	59.5	60.5
#676767	136	60	104	135.5	136.5	59.5	60.5
#686868	137	60	105	136.5	137.5	59.5	60.5
#6D6D6D	138	60	110	137.5	138.5	59.5	60.5
#676767	139	60	104	138.5	139.5	59.5	60.5
#646464	0	59	101	-0.5	0.5	58.5	59.5
#8A8A8A	1	59	139	0.5	1.5	58.5	59.5
#8D8D8D	2	59	142	1.5	2.5	58.5	59.5
#8D8D8D	3	59	142	2.5	3.5	58.5	59.5
#8F8F8F	4	59	144	3.5	4.5	58.5	59.5
#919191	5	59	146	4.5	5.5	58.5	59.5
#8F8F8F	6	59	144	5.5	6.5	58.5	59.5
#909090	7	59	145	6.5	7.5	58.5	59.5
#909090	8	59	145	7.5	8.5	58.5	59.5
#8F8F8F	9	59	144	8.5	9.5	58.5	59.5
#909090	10	59	145	9.5	10.5	58.5	59.5
#8E8E8E	11	59	143	10.5	11.5	58.5	59.5
#8E8E8E	12	59	143	11.5	12.5	58.5	59.5
#8E8E8E	13	59	143	12.5	13.5	58.5	59.5
#8E8E8E	14	59	143	13.5	14.5	58.5	59.5
#8E8E8E	15	59	143	14.5	15.5	58.5	59.5
#8D8D8D	16	59	142	15.5	16.5	58.5	59.5
#8B8B8B	17	59	140	16.5	17.5	58.5	59.5
#8C8C8C	18	59	141	17.5	18.5	58.5	59.5
#8B8B8B	19	59	140	18.5	19.5	58.5	59.5
#8C8C8C	20	59	141	19.5	20.5	58.5	59.5
#8C8C8C	21	59	141	20.5	21.5	58.5	59.5
#8C8C8C	22	59	141	21.5	22.5	58.5	59.5
#8B8B8B	23	59	140	22.5	23.5	58.5	59.5
#898989	24	59	138	23.5	24.5	58.5	59.5
#8D8D8D	25	59	142	24.5	25.5	58.5	59.5
#8F8F8F	26	59	144	25.5	26.5	58.5	59.5
#8B8B8B	27	59	140	26.5	27.5	58.5	59.5
#828282	28	59	131	27.5	28.5	58.5	59.5
#7F7F7F	29	59	128	28.5	29.5	58.5	59.5
#767676	30	59	119	29.5	30.5	58.5	59.5
#6D6D6D	31	59	110	30.5	31.5	58.5	59.5
#717171	32	59	114	31.5	32.5	58.5	59.5
#717171	33	59	114	32.5	33.5	58.5	59.5
#6C6C6C	34	59	109	33.5	34.5	58.5	59.5
#636363	35	59	100	34.5	35.5	58.5	59.5
#5D5D5D	36	59	94	35.5	36.5	58.5	59.5
#595959	37	59	90	36.5	37.5	58.5	59.5
#555555	38	59	86	37.5	38.5	58.5	59.5
#505050	39	59	81	38.5	39.5	58.5	59.5
#525252	40	59	83	39.5	40.5	58.5	59.5
#535353	41	59	84	40.5	41.5	58.5	59.5
#4B4B4B	42	59	76	41.5	42.5	58.5	59.5
#3F3F3F	43	59	64	42.5	43.5	58.5	59.5
#424242	44	59	67	43.5	44.5	58.5	59.5
#4E4E4E	45	59	79	44.5	45.5	58.5	59.5
#5C5C5C	46	59	93	45.5	46.5	58.5	59.5
#505050	47	59	81	46.5	47.5	58.5	59.5
#4B4B4B	48	59	76	47.5	48.5	58.5	59.5
#444444	49	59	69	48.5	49.5	58.5	59.5
#4A4A4A	50	59	75	49.5	50.5	58.5	59.5
#555555	51	59	86	50.5	51.5	58.5	59.5
#5E5E5E	52	59	95	51.5	52.5	58.5	59.5
#626262	53	59	99	52.5	53.5	58.5	59.5
#6A6A6A	54	59	107	53.5	54.5	58.5	59.5
#757575	55	59	118	54.5	55.5	58.5	59.5
#737373	56	59	116	55.5	56.5	58.5	59.5
#757575	57	59	118	56.5	57.5	58.5	59.5
#787878	58	59	121	57.5	58.5	58.5	59.5
#818181	59	59	130	58.5	59.5	58.5	59.5
#8C8C8C	60	59	141	59.5	60.5	58.5	59.5
#8E8E8E	61	59	143	60.5	61.5	58.5	59.5
#909090	62	59	145	61.5	62.5	58.5	59.5
#929292	63	59	147	62.5	63.5	58.5	59.5
#919191	64	59	146	63.5	64.5	58.5	59.5
#919191	65	59	146	64.5	65.5	58.5	59.5
#919191	66	59	146	65.5	66.5	58.5	59.5
#929292	67	59	147	66.5	67.5	58.5	59.5
#949494	68	59	149	67.5	68.5	58.5	59.5
#929292	69	59	147	68.5	69.5	58.5	59.5
#909090	70	59	145	69.5	70.5	58.5	59.5
#8F8F8F	71	59	144	70.5	71.5	58.5	59.5
#8C8C8C	72	59	141	71.5	72.5	58.5	59.5
#8C8C8C	73	59	141	72.5	73.5	58.5	59.5
#8C8C8C	74	59	141	73.5	74.5	58.5	59.5
#8B8B8B	75	59	140	74.5	75.5	58.5	59.5
#8B8B8B	76	59	140	75.5	76.5	58.5	59.5
#868686	77	59	135	76.5	77.5	58.5	59.5
#828282	78	59	131	77.5	78.5	58.5	59.5
#7D7D7D	79	59	126	78.5	79.5	58.5	59.5
#747474	80	59	117	79.5	80.5	58.5	59.5
#6B6B6B	81	59	108	80.5	81.5	58.5	59.5
#666666	82	59	103	81.5	82.5	58.5	59.5
#636363	83	59	100	82.5	83.5	58.5	59.5
#5F5F5F	84	59	96	83.5	84.5	58.5	59.5
#4C4C4C	85	59	77	84.5	85.5	58.5	59.5
#3D3D3D	86	59	62	85.5	86.5	58.5	59.5
#393939	87	59	58	86.5	87.5	58.5	59.5
#373737	88	59	56	87.5	88.5	58.5	59.5
#3C3C3C	89	59	61	88.5	89.5	58.5	59.5
#373737	90	59	56	89.5	90.5	58.5	59.5
#353535	91	59	54	90.5	91.5	58.5	59.5
#303030	92	59	49	91.5	92.5	58.5	59.5
#323232	93	59	51	92.5	93.5	58.5	59.5
#343434	94	59	53	93.5	94.5	58.5	59.5
#383838	95	59	57	94.5	95.5	58.5	59.5
#373737	96	59	56	95.5	96.5	58.5	59.5
#3D3D3D	97	59	62	96.5	97.5	58.5	59.5
#484848	98	59	73	97.5	98.5	58.5	59.5
#555555	99	59	86	98.5	99.5	58.5	59.5
#5B5B5B	100	59	92	99.5	100.5	58.5	59.5
#575757	101	59	88	100.5	101.5	58.5	59.5
#5C5C5C	102	59	93	101.5	102.5	58.5	59.5
#5D5D5D	103	59	94	102.5	103.5	58.5	59.5
#5B5B5B	104	59	92	103.5	104.5	58.5	59.5
#595959	105	59	90	104.5	105.5	58.5	59.5
#515151	106	59	82	105.5	106.5	58.5	59.5
#545454	107	59	85	106.5	107.5	58.5	59.5
#5D5D5D	108	59	94	107.5	108.5	58.5	59.5
#6F6F6F	109	59	112	108.5	109.5	58.5	59.5
#7B7B7B	110	59	124	109.5	110.5	58.5	59.5
#7E7E7E	111	59	127	110.5	111.5	58.5	59.5
#7C7C7C	112	59	125	111.5	112.5	58.5	59.5
#797979	113	59	122	112.5	113.5	58.5	59.5
#757575	114	59	118	113.5	114.5	58.5	59.5
#737373	115	59	116	114.5	115.5	58.5	59.5
#6D6D6D	116	59	110	115.5	116.5	58.5	59.5
#6D6D6D	117	59	110	116.5	117.5	58.5	59.5
#6E6E6E	118	59	111	117.5	118.5	58.5	59.5
#6E6E6E	119	59	111	118.5	119.5	58.5	59.5
#6E6E6E	120	59	111	119.5	120.5	58.5	59.5
#6F6F6F	121	59	112	120.5	121.5	58.5	59.5
#6F6F6F	122	59	112	121.5	122.5	58.5	59.5
#6E6E6E	123	59	111	122.5	123.5	58.5	59.5
#6E6E6E	124	59	111	123.5	124.5	58.5	59.5
#6E6E6E	125	59	111	124.5	125.5	58.5	59.5
#6D6D6D	126	59	110	125.5	126.5	58.5	59.5
#6B6B6B	127	59	108	126.5	127.5	58.5	59.5
#6B6B6B	128	59	108	127.5	128.5	58.5	59.5
#696969	129	59	106	128.5	129.5	58.5	59.5
#696969	130	59	106	129.5	130.5	58.5	59.5
#686868	131	59	105	130.5	131.5	58.5	59.5
#676767	132	59	104	131.5	132.5	58.5	59.5
#696969	133	59	106	132.5	133.5	58.5	59.5
#696969	134	59	106	133.5	134.5	58.5	59.5
#696969	135	59	106	134.5	135.5	58.5	59.5
#686868	136	59	105	135.5	136.5	58.5	59.5
#676767	137	59	104	136.5	137.5	58.5	59.5
#6B6B6B	138	59	108	137.5	138.5	58.5	59.5
#6D6D6D	139	59	110	138.5	139.5	58.5	59.5
#646464	0	58	101	-0.5	0.5	57.5	58.5
#8D8D8D	1	58	142	0.5	1.5	57.5	58.5
#8D8D8D	2	58	142	1.5	2.5	57.5	58.5
#8C8C8C	3	58	141	2.5	3.5	57.5	58.5
#909090	4	58	145	3.5	4.5	57.5	58.5
#919191	5	58	146	4.5	5.5	57.5	58.5
#909090	6	58	145	5.5	6.5	57.5	58.5
#929292	7	58	147	6.5	7.5	57.5	58.5
#929292	8	58	147	7.5	8.5	57.5	58.5
#909090	9	58	145	8.5	9.5	57.5	58.5
#909090	10	58	145	9.5	10.5	57.5	58.5
#909090	11	58	145	10.5	11.5	57.5	58.5
#909090	12	58	145	11.5	12.5	57.5	58.5
#8F8F8F	13	58	144	12.5	13.5	57.5	58.5
#8F8F8F	14	58	144	13.5	14.5	57.5	58.5
#8E8E8E	15	58	143	14.5	15.5	57.5	58.5
#8D8D8D	16	58	142	15.5	16.5	57.5	58.5
#8D8D8D	17	58	142	16.5	17.5	57.5	58.5
#8D8D8D	18	58	142	17.5	18.5	57.5	58.5
#8D8D8D	19	58	142	18.5	19.5	57.5	58.5
#8E8E8E	20	58	143	19.5	20.5	57.5	58.5
#8D8D8D	21	58	142	20.5	21.5	57.5	58.5
#8C8C8C	22	58	141	21.5	22.5	57.5	58.5
#8C8C8C	23	58	141	22.5	23.5	57.5	58.5
#8D8D8D	24	58	142	23.5	24.5	57.5	58.5
#909090	25	58	145	24.5	25.5	57.5	58.5
#909090	26	58	145	25.5	26.5	57.5	58.5
#888888	27	58	137	26.5	27.5	57.5	58.5
#848484	28	58	133	27.5	28.5	57.5	58.5
#828282	29	58	131	28.5	29.5	57.5	58.5
#7B7B7B	30	58	124	29.5	30.5	57.5	58.5
#727272	31	58	115	30.5	31.5	57.5	58.5
#707070	32	58	113	31.5	32.5	57.5	58.5
#6F6F6F	33	58	112	32.5	33.5	57.5	58.5
#666666	34	58	103	33.5	34.5	57.5	58.5
#616161	35	58	98	34.5	35.5	57.5	58.5
#606060	36	58	97	35.5	36.5	57.5	58.5
#595959	37	58	90	36.5	37.5	57.5	58.5
#565656	38	58	87	37.5	38.5	57.5	58.5
#525252	39	58	83	38.5	39.5	57.5	58.5
#575757	40	58	88	39.5	40.5	57.5	58.5
#4C4C4C	41	58	77	40.5	41.5	57.5	58.5
#424242	42	58	67	41.5	42.5	57.5	58.5
#404040	43	58	65	42.5	43.5	57.5	58.5
#454545	44	58	70	43.5	44.5	57.5	58.5
#515151	45	58	82	44.5	45.5	57.5	58.5
#5E5E5E	46	58	95	45.5	46.5	57.5	58.5
#555555	47	58	86	46.5	47.5	57.5	58.5
#494949	48	58	74	47.5	48.5	57.5	58.5
#454545	49	58	70	48.5	49.5	57.5	58.5
#505050	50	58	81	49.5	50.5	57.5	58.5
#555555	51	58	86	50.5	51.5	57.5	58.5
#656565	52	58	102	51.5	52.5	57.5	58.5
#676767	53	58	104	52.5	53.5	57.5	58.5
#6C6C6C	54	58	109	53.5	54.5	57.5	58.5
#757575	55	58	118	54.5	55.5	57.5	58.5
#757575	56	58	118	55.5	56.5	57.5	58.5
#777777	57	58	120	56.5	57.5	57.5	58.5
#797979	58	58	122	57.5	58.5	57.5	58.5
#7E7E7E	59	58	127	58.5	59.5	57.5	58.5
#888888	60	58	137	59.5	60.5	57.5	58.5
#8F8F8F	61	58	144	60.5	61.5	57.5	58.5
#929292	62	58	147	61.5	62.5	57.5	58.5
#929292	63	58	147	62.5	63.5	57.5	58.5
#909090	64	58	145	63.5	64.5	57.5	58.5
#919191	65	58	146	64.5	65.5	57.5	58.5
#929292	66	58	147	65.5	66.5	57.5	58.5
#939393	67	58	148	66.5	67.5	57.5	58.5
#959595	68	58	150	67.5	68.5	57.5	58.5
#939393	69	58	148	68.5	69.5	57.5	58.5
#909090	70	58	145	69.5	70.5	57.5	58.5
#909090	71	58	145	70.5	71.5	57.5	58.5
#909090	72	58	145	71.5	72.5	57.5	58.5
#8F8F8F	73	58	144	72.5	73.5	57.5	58.5
#8E8E8E	74	58	143	73.5	74.5	57.5	58.5
#8C8C8C	75	58	141	74.5	75.5	57.5	58.5
#8C8C8C	76	58	141	75.5	76.5	57.5	58.5
#888888	77	58	137	76.5	77.5	57.5	58.5
#878787	78	58	136	77.5	78.5	57.5	58.5
#838383	79	58	132	78.5	79.5	57.5	58.5
#7D7D7D	80	58	126	79.5	80.5	57.5	58.5
#787878	81	58	121	80.5	81.5	57.5	58.5
#717171	82	58	114	81.5	82.5	57.5	58.5
#6D6D6D	83	58	110	82.5	83.5	57.5	58.5
#626262	84	58	99	83.5	84.5	57.5	58.5
#474747	85	58	72	84.5	85.5	57.5	58.5
#3B3B3B	86	58	60	85.5	86.5	57.5	58.5
#3E3E3E	87	58	63	86.5	87.5	57.5	58.5
#414141	88	58	66	87.5	88.5	57.5	58.5
#3E3E3E	89	58	63	88.5	89.5	57.5	58.5
#343434	90	58	53	89.5	90.5	57.5	58.5
#333333	91	58	52	90.5	91.5	57.5	58.5
#323232	92	58	51	91.5	92.5	57.5	58.5
#393939	93	58	58	92.5	93.5	57.5	58.5
#383838	94	58	57	93.5	94.5	57.5	58.5
#353535	95	58	54	94.5	95.5	57.5	58.5
#363636	96	58	55	95.5	96.5	57.5	58.5
#3C3C3C	97	58	61	96.5	97.5	57.5	58.5
#454545	98	58	70	97.5	98.5	57.5	58.5
#545454	99	58	85	98.5	99.5	57.5	58.5
#565656	100	58	87	99.5	100.5	57.5	58.5
#515151	101	58	82	100.5	101.5	57.5	58.5
#595959	102	58	90	101.5	102.5	57.5	58.5
#606060	103	58	97	102.5	103.5	57.5	58.5
#5F5F5F	104	58	96	103.5	104.5	57.5	58.5
#5A5A5A	105	58	91	104.5	105.5	57.5	58.5
#595959	106	58	90	105.5	106.5	57.5	58.5
#575757	107	58	88	106.5	107.5	57.5	58.5
#5E5E5E	108	58	95	107.5	108.5	57.5	58.5
#6E6E6E	109	58	111	108.5	109.5	57.5	58.5
#7F7F7F	110	58	128	109.5	110.5	57.5	58.5
#808080	111	58	129	110.5	111.5	57.5	58.5
#7D7D7D	112	58	126	111.5	112.5	57.5	58.5
#797979	113	58	122	112.5	113.5	57.5	58.5
#767676	114	58	119	113.5	114.5	57.5	58.5
#707070	115	58	113	114.5	115.5	57.5	58.5
#6D6D6D	116	58	110	115.5	116.5	57.5	58.5
#6E6E6E	117	58	111	116.5	117.5	57.5	58.5
#6F6F6F	118	58	112	117.5	118.5	57.5	58.5
#707070	119	58	113	118.5	119.5	57.5	58.5
#6F6F6F	120	58	112	119.5	120.5	57.5	58.5
#6F6F6F	121	58	112	120.5	121.5	57.5	58.5
#707070	122	58	113	121.5	122.5	57.5	58.5
#707070	123	58	113	122.5	123.5	57.5	58.5
#6E6E6E	124	58	111	123.5	124.5	57.5	58.5
#6F6F6F	125	58	112	124.5	125.5	57.5	58.5
#6D6D6D	126	58	110	125.5	126.5	57.5	58.5
#6D6D6D	127	58	110	126.5	127.5	57.5	58.5
#6C6C6C	128	58	109	127.5	128.5	57.5	58.5
#6A6A6A	129	58	107	128.5	129.5	57.5	58.5
#6A6A6A	130	58	107	129.5	130.5	57.5	58.5
#6A6A6A	131	58	107	130.5	131.5	57.5	58.5
#6A6A6A	132	58	107	131.5	132.5	57.5	58.5
#6A6A6A	133	58	107	132.5	133.5	57.5	58.5
#6A6A6A	134	58	107	133.5	134.5	57.5	58.5
#696969	135	58	106	134.5	135.5	57.5	58.5
#696969	136	58	106	135.5	136.5	57.5	58.5
#696969	137	58	106	136.5	137.5	57.5	58.5
#686868	138	58	105	137.5	138.5	57.5	58.5
#6C6C6C	139	58	109	138.5	139.5	57.5	58.5
#656565	0	57	102	-0.5	0.5	56.5	57.5
#8D8D8D	1	57	142	0.5	1.5	56.5	57.5
#8C8C8C	2	57	141	1.5	2.5	56.5	57.5
#8D8D8D	3	57	142	2.5	3.5	56.5	57.5
#909090	4	57	145	3.5	4.5	56.5	57.5
#929292	5	57	147	4.5	5.5	56.5	57.5
#929292	6	57	147	5.5	6.5	56.5	57.5
#939393	7	57	148	6.5	7.5	56.5	57.5
#949494	8	57	149	7.5	8.5	56.5	57.5
#929292	9	57	147	8.5	9.5	56.5	57.5
#919191	10	57	146	9.5	10.5	56.5	57.5
#929292	11	57	147	10.5	11.5	56.5	57.5
#919191	12	57	146	11.5	12.5	56.5	57.5
#8E8E8E	13	57	143	12.5	13.5	56.5	57.5
#8F8F8F	14	57	144	13.5	14.5	56.5	57.5
#8E8E8E	15	57	143	14.5	15.5	56.5	57.5
#8C8C8C	16	57	141	15.5	16.5	56.5	57.5
#8D8D8D	17	57	142	16.5	17.5	56.5	57.5
#8E8E8E	18	57	143	17.5	18.5	56.5	57.5
#8D8D8D	19	57	142	18.5	19.5	56.5	57.5
#8F8F8F	20	57	144	19.5	20.5	56.5	57.5
#8F8F8F	21	57	144	20.5	21.5	56.5	57.5
#8D8D8D	22	57	142	21.5	22.5	56.5	57.5
#8B8B8B	23	57	140	22.5	23.5	56.5	57.5
#919191	24	57	146	23.5	24.5	56.5	57.5
#929292	25	57	147	24.5	25.5	56.5	57.5
#8F8F8F	26	57	144	25.5	26.5	56.5	57.5
#848484	27	57	133	26.5	27.5	56.5	57.5
#828282	28	57	131	27.5	28.5	56.5	57.5
#838383	29	57	132	28.5	29.5	56.5	57.5
#808080	30	57	129	29.5	30.5	56.5	57.5
#7A7A7A	31	57	123	30.5	31.5	56.5	57.5
#747474	32	57	117	31.5	32.5	56.5	57.5
#6A6A6A	33	57	107	32.5	33.5	56.5	57.5
#636363	34	57	100	33.5	34.5	56.5	57.5
#676767	35	57	104	34.5	35.5	56.5	57.5
#5E5E5E	36	57	95	35.5	36.5	56.5	57.5
#515151	37	57	82	36.5	37.5	56.5	57.5
#555555	38	57	86	37.5	38.5	56.5	57.5
#525252	39	57	83	38.5	39.5	56.5	57.5
#454545	40	57	70	39.5	40.5	56.5	57.5
#3C3C3C	41	57	61	40.5	41.5	56.5	57.5
#444444	42	57	69	41.5	42.5	56.5	57.5
#484848	43	57	73	42.5	43.5	56.5	57.5
#505050	44	57	81	43.5	44.5	56.5	57.5
#606060	45	57	97	44.5	45.5	56.5	57.5
#636363	46	57	100	45.5	46.5	56.5	57.5
#575757	47	57	88	46.5	47.5	56.5	57.5
#535353	48	57	84	47.5	48.5	56.5	57.5
#535353	49	57	84	48.5	49.5	56.5	57.5
#5F5F5F	50	57	96	49.5	50.5	56.5	57.5
#606060	51	57	97	50.5	51.5	56.5	57.5
#656565	52	57	102	51.5	52.5	56.5	57.5
#626262	53	57	99	52.5	53.5	56.5	57.5
#6A6A6A	54	57	107	53.5	54.5	56.5	57.5
#767676	55	57	119	54.5	55.5	56.5	57.5
#777777	56	57	120	55.5	56.5	56.5	57.5
#7A7A7A	57	57	123	56.5	57.5	56.5	57.5
#7D7D7D	58	57	126	57.5	58.5	56.5	57.5
#7F7F7F	59	57	128	58.5	59.5	56.5	57.5
#828282	60	57	131	59.5	60.5	56.5	57.5
#8B8B8B	61	57	140	60.5	61.5	56.5	57.5
#929292	62	57	147	61.5	62.5	56.5	57.5
#919191	63	57	146	62.5	63.5	56.5	57.5
#909090	64	57	145	63.5	64.5	56.5	57.5
#959595	65	57	150	64.5	65.5	56.5	57.5
#959595	66	57	150	65.5	66.5	56.5	57.5
#969696	67	57	151	66.5	67.5	56.5	57.5
#979797	68	57	152	67.5	68.5	56.5	57.5
#959595	69	57	150	68.5	69.5	56.5	57.5
#939393	70	57	148	69.5	70.5	56.5	57.5
#929292	71	57	147	70.5	71.5	56.5	57.5
#929292	72	57	147	71.5	72.5	56.5	57.5
#929292	73	57	147	72.5	73.5	56.5	57.5
#909090	74	57	145	73.5	74.5	56.5	57.5
#8F8F8F	75	57	144	74.5	75.5	56.5	57.5
#8E8E8E	76	57	143	75.5	76.5	56.5	57.5
#8A8A8A	77	57	139	76.5	77.5	56.5	57.5
#888888	78	57	137	77.5	78.5	56.5	57.5
#848484	79	57	133	78.5	79.5	56.5	57.5
#808080	80	57	129	79.5	80.5	56.5	57.5
#7E7E7E	81	57	127	80.5	81.5	56.5	57.5
#797979	82	57	122	81.5	82.5	56.5	57.5
#787878	83	57	121	82.5	83.5	56.5	57.5
#6C6C6C	84	57	109	83.5	84.5	56.5	57.5
#585858	85	57	89	84.5	85.5	56.5	57.5
#4E4E4E	86	57	79	85.5	86.5	56.5	57.5
#505050	87	57	81	86.5	87.5	56.5	57.5
#494949	88	57	74	87.5	88.5	56.5	57.5
#393939	89	57	58	88.5	89.5	56.5	57.5
#343434	90	57	53	89.5	90.5	56.5	57.5
#333333	91	57	52	90.5	91.5	56.5	57.5
#333333	92	57	52	91.5	92.5	56.5	57.5
#3A3A3A	93	57	59	92.5	93.5	56.5	57.5
#383838	94	57	57	93.5	94.5	56.5	57.5
#333333	95	57	52	94.5	95.5	56.5	57.5
#383838	96	57	57	95.5	96.5	56.5	57.5
#414141	97	57	66	96.5	97.5	56.5	57.5
#434343	98	57	68	97.5	98.5	56.5	57.5
#515151	99	57	82	98.5	99.5	56.5	57.5
#515151	100	57	82	99.5	100.5	56.5	57.5
#4E4E4E	101	57	79	100.5	101.5	56.5	57.5
#565656	102	57	87	101.5	102.5	56.5	57.5
#5D5D5D	103	57	94	102.5	103.5	56.5	57.5
#616161	104	57	98	103.5	104.5	56.5	57.5
#5E5E5E	105	57	95	104.5	105.5	56.5	57.5
#606060	106	57	97	105.5	106.5	56.5	57.5
#5D5D5D	107	57	94	106.5	107.5	56.5	57.5
#5E5E5E	108	57	95	107.5	108.5	56.5	57.5
#6C6C6C	109	57	109	108.5	109.5	56.5	57.5
#818181	110	57	130	109.5	110.5	56.5	57.5
#808080	111	57	129	110.5	111.5	56.5	57.5
#7E7E7E	112	57	127	111.5	112.5	56.5	57.5
#7A7A7A	113	57	123	112.5	113.5	56.5	57.5
#747474	114	57	117	113.5	114.5	56.5	57.5
#6E6E6E	115	57	111	114.5	115.5	56.5	57.5
#6E6E6E	116	57	111	115.5	116.5	56.5	57.5
#6E6E6E	117	57	111	116.5	117.5	56.5	57.5
#707070	118	57	113	117.5	118.5	56.5	57.5
#707070	119	57	113	118.5	119.5	56.5	57.5
#707070	120	57	113	119.5	120.5	56.5	57.5
#707070	121	57	113	120.5	121.5	56.5	57.5
#707070	122	57	113	121.5	122.5	56.5	57.5
#717171	123	57	114	122.5	123.5	56.5	57.5
#6F6F6F	124	57	112	123.5	124.5	56.5	57.5
#6E6E6E	125	57	111	124.5	125.5	56.5	57.5
#6F6F6F	126	57	112	125.5	126.5	56.5	57.5
#6E6E6E	127	57	111	126.5	127.5	56.5	57.5
#6B6B6B	128	57	108	127.5	128.5	56.5	57.5
#6B6B6B	129	57	108	128.5	129.5	56.5	57.5
#6A6A6A	130	57	107	129.5	130.5	56.5	57.5
#6B6B6B	131	57	108	130.5	131.5	56.5	57.5
#6C6C6C	132	57	109	131.5	132.5	56.5	57.5
#6C6C6C	133	57	109	132.5	133.5	56.5	57.5
#6B6B6B	134	57	108	133.5	134.5	56.5	57.5
#6A6A6A	135	57	107	134.5	135.5	56.5	57.5
#696969	136	57	106	135.5	136.5	56.5	57.5
#6A6A6A	137	57	107	136.5	137.5	56.5	57.5
#696969	138	57	106	137.5	138.5	56.5	57.5
#686868	139	57	105	138.5	139.5	56.5	57.5
#686868	0	56	105	-0.5	0.5	55.5	56.5
#8D8D8D	1	56	142	0.5	1.5	55.5	56.5
#8A8A8A	2	56	139	1.5	2.5	55.5	56.5
#8D8D8D	3	56	142	2.5	3.5	55.5	56.5
#919191	4	56	146	3.5	4.5	55.5	56.5
#929292	5	56	147	4.5	5.5	55.5	56.5
#929292	6	56	147	5.5	6.5	55.5	56.5
#939393	7	56	148	6.5	7.5	55.5	56.5
#929292	8	56	147	7.5	8.5	55.5	56.5
#939393	9	56	148	8.5	9.5	55.5	56.5
#919191	10	56	146	9.5	10.5	55.5	56.5
#939393	11	56	148	10.5	11.5	55.5	56.5
#919191	12	56	146	11.5	12.5	55.5	56.5
#8E8E8E	13	56	143	12.5	13.5	55.5	56.5
#8F8F8F	14	56	144	13.5	14.5	55.5	56.5
#909090	15	56	145	14.5	15.5	55.5	56.5
#8F8F8F	16	56	144	15.5	16.5	55.5	56.5
#8E8E8E	17	56	143	16.5	17.5	55.5	56.5
#8E8E8E	18	56	143	17.5	18.5	55.5	56.5
#8F8F8F	19	56	144	18.5	19.5	55.5	56.5
#909090	20	56	145	19.5	20.5	55.5	56.5
#8F8F8F	21	56	144	20.5	21.5	55.5	56.5
#8E8E8E	22	56	143	21.5	22.5	55.5	56.5
#8F8F8F	23	56	144	22.5	23.5	55.5	56.5
#929292	24	56	147	23.5	24.5	55.5	56.5
#929292	25	56	147	24.5	25.5	55.5	56.5
#8E8E8E	26	56	143	25.5	26.5	55.5	56.5
#848484	27	56	133	26.5	27.5	55.5	56.5
#828282	28	56	131	27.5	28.5	55.5	56.5
#818181	29	56	130	28.5	29.5	55.5	56.5
#7F7F7F	30	56	128	29.5	30.5	55.5	56.5
#747474	31	56	117	30.5	31.5	55.5	56.5
#727272	32	56	115	31.5	32.5	55.5	56.5
#6D6D6D	33	56	110	32.5	33.5	55.5	56.5
#6D6D6D	34	56	110	33.5	34.5	55.5	56.5
#6A6A6A	35	56	107	34.5	35.5	55.5	56.5
#585858	36	56	89	35.5	36.5	55.5	56.5
#515151	37	56	82	36.5	37.5	55.5	56.5
#545454	38	56	85	37.5	38.5	55.5	56.5
#4D4D4D	39	56	78	38.5	39.5	55.5	56.5
#424242	40	56	67	39.5	40.5	55.5	56.5
#383838	41	56	57	40.5	41.5	55.5	56.5
#393939	42	56	58	41.5	42.5	55.5	56.5
#464646	43	56	71	42.5	43.5	55.5	56.5
#515151	44	56	82	43.5	44.5	55.5	56.5
#5E5E5E	45	56	95	44.5	45.5	55.5	56.5
#646464	46	56	101	45.5	46.5	55.5	56.5
#5B5B5B	47	56	92	46.5	47.5	55.5	56.5
#575757	48	56	88	47.5	48.5	55.5	56.5
#494949	49	56	74	48.5	49.5	55.5	56.5
#5D5D5D	50	56	94	49.5	50.5	55.5	56.5
#636363	51	56	100	50.5	51.5	55.5	56.5
#616161	52	56	98	51.5	52.5	55.5	56.5
#656565	53	56	102	52.5	53.5	55.5	56.5
#6D6D6D	54	56	110	53.5	54.5	55.5	56.5
#777777	55	56	120	54.5	55.5	55.5	56.5
#777777	56	56	120	55.5	56.5	55.5	56.5
#7B7B7B	57	56	124	56.5	57.5	55.5	56.5
#808080	58	56	129	57.5	58.5	55.5	56.5
#838383	59	56	132	58.5	59.5	55.5	56.5
#838383	60	56	132	59.5	60.5	55.5	56.5
#878787	61	56	136	60.5	61.5	55.5	56.5
#919191	62	56	146	61.5	62.5	55.5	56.5
#909090	63	56	145	62.5	63.5	55.5	56.5
#919191	64	56	146	63.5	64.5	55.5	56.5
#939393	65	56	148	64.5	65.5	55.5	56.5
#959595	66	56	150	65.5	66.5	55.5	56.5
#989898	67	56	153	66.5	67.5	55.5	56.5
#989898	68	56	153	67.5	68.5	55.5	56.5
#959595	69	56	150	68.5	69.5	55.5	56.5
#969696	70	56	151	69.5	70.5	55.5	56.5
#949494	71	56	149	70.5	71.5	55.5	56.5
#919191	72	56	146	71.5	72.5	55.5	56.5
#919191	73	56	146	72.5	73.5	55.5	56.5
#929292	74	56	147	73.5	74.5	55.5	56.5
#909090	75	56	145	74.5	75.5	55.5	56.5
#8F8F8F	76	56	144	75.5	76.5	55.5	56.5
#8C8C8C	77	56	141	76.5	77.5	55.5	56.5
#898989	78	56	138	77.5	78.5	55.5	56.5
#848484	79	56	133	78.5	79.5	55.5	56.5
#7E7E7E	80	56	127	79.5	80.5	55.5	56.5
#7C7C7C	81	56	125	80.5	81.5	55.5	56.5
#777777	82	56	120	81.5	82.5	55.5	56.5
#737373	83	56	116	82.5	83.5	55.5	56.5
#727272	84	56	115	83.5	84.5	55.5	56.5
#686868	85	56	105	84.5	85.5	55.5	56.5
#616161	86	56	98	85.5	86.5	55.5	56.5
#5A5A5A	87	56	91	86.5	87.5	55.5	56.5
#4C4C4C	88	56	77	87.5	88.5	55.5	56.5
#404040	89	56	65	88.5	89.5	55.5	56.5
#3D3D3D	90	56	62	89.5	90.5	55.5	56.5
#363636	91	56	55	90.5	91.5	55.5	56.5
#353535	92	56	54	91.5	92.5	55.5	56.5
#393939	93	56	58	92.5	93.5	55.5	56.5
#373737	94	56	56	93.5	94.5	55.5	56.5
#323232	95	56	51	94.5	95.5	55.5	56.5
#393939	96	56	58	95.5	96.5	55.5	56.5
#414141	97	56	66	96.5	97.5	55.5	56.5
#424242	98	56	67	97.5	98.5	55.5	56.5
#494949	99	56	74	98.5	99.5	55.5	56.5
#4D4D4D	100	56	78	99.5	100.5	55.5	56.5
#4D4D4D	101	56	78	100.5	101.5	55.5	56.5
#505050	102	56	81	101.5	102.5	55.5	56.5
#585858	103	56	89	102.5	103.5	55.5	56.5
#5E5E5E	104	56	95	103.5	104.5	55.5	56.5
#646464	105	56	101	104.5	105.5	55.5	56.5
#636363	106	56	100	105.5	106.5	55.5	56.5
#656565	107	56	102	106.5	107.5	55.5	56.5
#626262	108	56	99	107.5	108.5	55.5	56.5
#6C6C6C	109	56	109	108.5	109.5	55.5	56.5
#818181	110	56	130	109.5	110.5	55.5	56.5
#808080	111	56	129	110.5	111.5	55.5	56.5
#7E7E7E	112	56	127	111.5	112.5	55.5	56.5
#777777	113	56	120	112.5	113.5	55.5	56.5
#717171	114	56	114	113.5	114.5	55.5	56.5
#717171	115	56	114	114.5	115.5	55.5	56.5
#707070	116	56	113	115.5	116.5	55.5	56.5
#717171	117	56	114	116.5	117.5	55.5	56.5
#707070	118	56	113	117.5	118.5	55.5	56.5
#717171	119	56	114	118.5	119.5	55.5	56.5
#717171	120	56	114	119.5	120.5	55.5	56.5
#707070	121	56	113	120.5	121.5	55.5	56.5
#717171	122	56	114	121.5	122.5	55.5	56.5
#717171	123	56	114	122.5	123.5	55.5	56.5
#707070	124	56	113	123.5	124.5	55.5	56.5
#717171	125	56	114	124.5	125.5	55.5	56.5
#707070	126	56	113	125.5	126.5	55.5	56.5
#707070	127	56	113	126.5	127.5	55.5	56.5
#6C6C6C	128	56	109	127.5	128.5	55.5	56.5
#6A6A6A	129	56	107	128.5	129.5	55.5	56.5
#6A6A6A	130	56	107	129.5	130.5	55.5	56.5
#6A6A6A	131	56	107	130.5	131.5	55.5	56.5
#6C6C6C	132	56	109	131.5	132.5	55.5	56.5
#6D6D6D	133	56	110	132.5	133.5	55.5	56.5
#6D6D6D	134	56	110	133.5	134.5	55.5	56.5
#6C6C6C	135	56	109	134.5	135.5	55.5	56.5
#6B6B6B	136	56	108	135.5	136.5	55.5	56.5
#696969	137	56	106	136.5	137.5	55.5	56.5
#6A6A6A	138	56	107	137.5	138.5	55.5	56.5
#696969	139	56	106	138.5	139.5	55.5	56.5
#696969	0	55	106	-0.5	0.5	54.5	55.5
#8E8E8E	1	55	143	0.5	1.5	54.5	55.5
#8B8B8B	2	55	140	1.5	2.5	54.5	55.5
#8E8E8E	3	55	143	2.5	3.5	54.5	55.5
#919191	4	55	146	3.5	4.5	54.5	55.5
#929292	5	55	147	4.5	5.5	54.5	55.5
#929292	6	55	147	5.5	6.5	54.5	55.5
#959595	7	55	150	6.5	7.5	54.5	55.5
#959595	8	55	150	7.5	8.5	54.5	55.5
#959595	9	55	150	8.5	9.5	54.5	55.5
#939393	10	55	148	9.5	10.5	54.5	55.5
#949494	11	55	149	10.5	11.5	54.5	55.5
#929292	12	55	147	11.5	12.5	54.5	55.5
#909090	13	55	145	12.5	13.5	54.5	55.5
#909090	14	55	145	13.5	14.5	54.5	55.5
#909090	15	55	145	14.5	15.5	54.5	55.5
#919191	16	55	146	15.5	16.5	54.5	55.5
#8F8F8F	17	55	144	16.5	17.5	54.5	55.5
#8E8E8E	18	55	143	17.5	18.5	54.5	55.5
#909090	19	55	145	18.5	19.5	54.5	55.5
#919191	20	55	146	19.5	20.5	54.5	55.5
#909090	21	55	145	20.5	21.5	54.5	55.5
#8E8E8E	22	55	143	21.5	22.5	54.5	55.5
#909090	23	55	145	22.5	23.5	54.5	55.5
#939393	24	55	148	23.5	24.5	54.5	55.5
#939393	25	55	148	24.5	25.5	54.5	55.5
#8C8C8C	26	55	141	25.5	26.5	54.5	55.5
#848484	27	55	133	26.5	27.5	54.5	55.5
#838383	28	55	132	27.5	28.5	54.5	55.5
#838383	29	55	132	28.5	29.5	54.5	55.5
#7A7A7A	30	55	123	29.5	30.5	54.5	55.5
#6B6B6B	31	55	108	30.5	31.5	54.5	55.5
#6A6A6A	32	55	107	31.5	32.5	54.5	55.5
#696969	33	55	106	32.5	33.5	54.5	55.5
#676767	34	55	104	33.5	34.5	54.5	55.5
#606060	35	55	97	34.5	35.5	54.5	55.5
#565656	36	55	87	35.5	36.5	54.5	55.5
#555555	37	55	86	36.5	37.5	54.5	55.5
#555555	38	55	86	37.5	38.5	54.5	55.5
#4C4C4C	39	55	77	38.5	39.5	54.5	55.5
#434343	40	55	68	39.5	40.5	54.5	55.5
#3C3C3C	41	55	61	40.5	41.5	54.5	55.5
#353535	42	55	54	41.5	42.5	54.5	55.5
#454545	43	55	70	42.5	43.5	54.5	55.5
#565656	44	55	87	43.5	44.5	54.5	55.5
#5A5A5A	45	55	91	44.5	45.5	54.5	55.5
#606060	46	55	97	45.5	46.5	54.5	55.5
#5F5F5F	47	55	96	46.5	47.5	54.5	55.5
#535353	48	55	84	47.5	48.5	54.5	55.5
#494949	49	55	74	48.5	49.5	54.5	55.5
#5A5A5A	50	55	91	49.5	50.5	54.5	55.5
#6A6A6A	51	55	107	50.5	51.5	54.5	55.5
#6F6F6F	52	55	112	51.5	52.5	54.5	55.5
#707070	53	55	113	52.5	53.5	54.5	55.5
#737373	54	55	116	53.5	54.5	54.5	55.5
#7A7A7A	55	55	123	54.5	55.5	54.5	55.5
#7A7A7A	56	55	123	55.5	56.5	54.5	55.5
#7D7D7D	57	55	126	56.5	57.5	54.5	55.5
#838383	58	55	132	57.5	58.5	54.5	55.5
#888888	59	55	137	58.5	59.5	54.5	55.5
#898989	60	55	138	59.5	60.5	54.5	55.5
#8A8A8A	61	55	139	60.5	61.5	54.5	55.5
#929292	62	55	147	61.5	62.5	54.5	55.5
#939393	63	55	148	62.5	63.5	54.5	55.5
#939393	64	55	148	63.5	64.5	54.5	55.5
#939393	65	55	148	64.5	65.5	54.5	55.5
#949494	66	55	149	65.5	66.5	54.5	55.5
#979797	67	55	152	66.5	67.5	54.5	55.5
#979797	68	55	152	67.5	68.5	54.5	55.5
#959595	69	55	150	68.5	69.5	54.5	55.5
#969696	70	55	151	69.5	70.5	54.5	55.5
#959595	71	55	150	70.5	71.5	54.5	55.5
#929292	72	55	147	71.5	72.5	54.5	55.5
#929292	73	55	147	72.5	73.5	54.5	55.5
#929292	74	55	147	73.5	74.5	54.5	55.5
#919191	75	55	146	74.5	75.5	54.5	55.5
#8F8F8F	76	55	144	75.5	76.5	54.5	55.5
#8D8D8D	77	55	142	76.5	77.5	54.5	55.5
#8A8A8A	78	55	139	77.5	78.5	54.5	55.5
#848484	79	55	133	78.5	79.5	54.5	55.5
#7E7E7E	80	55	127	79.5	80.5	54.5	55.5
#7A7A7A	81	55	123	80.5	81.5	54.5	55.5
#767676	82	55	119	81.5	82.5	54.5	55.5
#6F6F6F	83	55	112	82.5	83.5	54.5	55.5
#707070	84	55	113	83.5	84.5	54.5	55.5
#6A6A6A	85	55	107	84.5	85.5	54.5	55.5
#636363	86	55	100	85.5	86.5	54.5	55.5
#585858	87	55	89	86.5	87.5	54.5	55.5
#484848	88	55	73	87.5	88.5	54.5	55.5
#404040	89	55	65	88.5	89.5	54.5	55.5
#404040	90	55	65	89.5	90.5	54.5	55.5
#404040	91	55	65	90.5	91.5	54.5	55.5
#363636	92	55	55	91.5	92.5	54.5	55.5
#313131	93	55	50	92.5	93.5	54.5	55.5
#343434	94	55	53	93.5	94.5	54.5	55.5
#333333	95	55	52	94.5	95.5	54.5	55.5
#3B3B3B	96	55	60	95.5	96.5	54.5	55.5
#434343	97	55	68	96.5	97.5	54.5	55.5
#494949	98	55	74	97.5	98.5	54.5	55.5
#454545	99	55	70	98.5	99.5	54.5	55.5
#474747	100	55	72	99.5	100.5	54.5	55.5
#464646	101	55	71	100.5	101.5	54.5	55.5
#4B4B4B	102	55	76	101.5	102.5	54.5	55.5
#575757	103	55	88	102.5	103.5	54.5	55.5
#5F5F5F	104	55	96	103.5	104.5	54.5	55.5
#666666	105	55	103	104.5	105.5	54.5	55.5
#696969	106	55	106	105.5	106.5	54.5	55.5
#686868	107	55	105	106.5	107.5	54.5	55.5
#656565	108	55	102	107.5	108.5	54.5	55.5
#6F6F6F	109	55	112	108.5	109.5	54.5	55.5
#828282	110	55	131	109.5	110.5	54.5	55.5
#808080	111	55	129	110.5	111.5	54.5	55.5
#7D7D7D	112	55	126	111.5	112.5	54.5	55.5
#737373	113	55	116	112.5	113.5	54.5	55.5
#737373	114	55	116	113.5	114.5	54.5	55.5
#717171	115	55	114	114.5	115.5	54.5	55.5
#717171	116	55	114	115.5	116.5	54.5	55.5
#727272	117	55	115	116.5	117.5	54.5	55.5
#727272	118	55	115	117.5	118.5	54.5	55.5
#737373	119	55	116	118.5	119.5	54.5	55.5
#727272	120	55	115	119.5	120.5	54.5	55.5
#727272	121	55	115	120.5	121.5	54.5	55.5
#717171	122	55	114	121.5	122.5	54.5	55.5
#707070	123	55	113	122.5	123.5	54.5	55.5
#717171	124	55	114	123.5	124.5	54.5	55.5
#727272	125	55	115	124.5	125.5	54.5	55.5
#707070	126	55	113	125.5	126.5	54.5	55.5
#6F6F6F	127	55	112	126.5	127.5	54.5	55.5
#6D6D6D	128	55	110	127.5	128.5	54.5	55.5
#6A6A6A	129	55	107	128.5	129.5	54.5	55.5
#6B6B6B	130	55	108	129.5	130.5	54.5	55.5
#6B6B6B	131	55	108	130.5	131.5	54.5	55.5
#6D6D6D	132	55	110	131.5	132.5	54.5	55.5
#6D6D6D	133	55	110	132.5	133.5	54.5	55.5
#6D6D6D	134	55	110	133.5	134.5	54.5	55.5
#6E6E6E	135	55	111	134.5	135.5	54.5	55.5
#6D6D6D	136	55	110	135.5	136.5	54.5	55.5
#6A6A6A	137	55	107	136.5	137.5	54.5	55.5
#696969	138	55	106	137.5	138.5	54.5	55.5
#696969	139	55	106	138.5	139.5	54.5	55.5
#696969	0	54	106	-0.5	0.5	53.5	54.5
#8D8D8D	1	54	142	0.5	1.5	53.5	54.5
#8C8C8C	2	54	141	1.5	2.5	53.5	54.5
#8E8E8E	3	54	143	2.5	3.5	53.5	54.5
#919191	4	54	146	3.5	4.5	53.5	54.5
#939393	5	54	148	4.5	5.5	53.5	54.5
#939393	6	54	148	5.5	6.5	53.5	54.5
#959595	7	54	150	6.5	7.5	53.5	54.5
#969696	8	54	151	7.5	8.5	53.5	54.5
#959595	9	54	150	8.5	9.5	53.5	54.5
#949494	10	54	149	9.5	10.5	53.5	54.5
#949494	11	54	149	10.5	11.5	53.5	54.5
#949494	12	54	149	11.5	12.5	53.5	54.5
#929292	13	54	147	12.5	13.5	53.5	54.5
#919191	14	54	146	13.5	14.5	53.5	54.5
#919191	15	54	146	14.5	15.5	53.5	54.5
#919191	16	54	146	15.5	16.5	53.5	54.5
#909090	17	54	145	16.5	17.5	53.5	54.5
#909090	18	54	145	17.5	18.5	53.5	54.5
#919191	19	54	146	18.5	19.5	53.5	54.5
#919191	20	54	146	19.5	20.5	53.5	54.5
#919191	21	54	146	20.5	21.5	53.5	54.5
#909090	22	54	145	21.5	22.5	53.5	54.5
#939393	23	54	148	22.5	23.5	53.5	54.5
#949494	24	54	149	23.5	24.5	53.5	54.5
#949494	25	54	149	24.5	25.5	53.5	54.5
#8C8C8C	26	54	141	25.5	26.5	53.5	54.5
#868686	27	54	135	26.5	27.5	53.5	54.5
#878787	28	54	136	27.5	28.5	53.5	54.5
#808080	29	54	129	28.5	29.5	53.5	54.5
#737373	30	54	116	29.5	30.5	53.5	54.5
#696969	31	54	106	30.5	31.5	53.5	54.5
#6A6A6A	32	54	107	31.5	32.5	53.5	54.5
#656565	33	54	102	32.5	33.5	53.5	54.5
#5E5E5E	34	54	95	33.5	34.5	53.5	54.5
#595959	35	54	90	34.5	35.5	53.5	54.5
#555555	36	54	86	35.5	36.5	53.5	54.5
#575757	37	54	88	36.5	37.5	53.5	54.5
#545454	38	54	85	37.5	38.5	53.5	54.5
#505050	39	54	81	38.5	39.5	53.5	54.5
#4A4A4A	40	54	75	39.5	40.5	53.5	54.5
#464646	41	54	71	40.5	41.5	53.5	54.5
#494949	42	54	74	41.5	42.5	53.5	54.5
#595959	43	54	90	42.5	43.5	53.5	54.5
#616161	44	54	98	43.5	44.5	53.5	54.5
#5D5D5D	45	54	94	44.5	45.5	53.5	54.5
#676767	46	54	104	45.5	46.5	53.5	54.5
#717171	47	54	114	46.5	47.5	53.5	54.5
#616161	48	54	98	47.5	48.5	53.5	54.5
#676767	49	54	104	48.5	49.5	53.5	54.5
#6C6C6C	50	54	109	49.5	50.5	53.5	54.5
#717171	51	54	114	50.5	51.5	53.5	54.5
#7B7B7B	52	54	124	51.5	52.5	53.5	54.5
#787878	53	54	121	52.5	53.5	53.5	54.5
#797979	54	54	122	53.5	54.5	53.5	54.5
#7B7B7B	55	54	124	54.5	55.5	53.5	54.5
#7D7D7D	56	54	126	55.5	56.5	53.5	54.5
#838383	57	54	132	56.5	57.5	53.5	54.5
#888888	58	54	137	57.5	58.5	53.5	54.5
#8F8F8F	59	54	144	58.5	59.5	53.5	54.5
#919191	60	54	146	59.5	60.5	53.5	54.5
#909090	61	54	145	60.5	61.5	53.5	54.5
#959595	62	54	150	61.5	62.5	53.5	54.5
#969696	63	54	151	62.5	63.5	53.5	54.5
#969696	64	54	151	63.5	64.5	53.5	54.5
#969696	65	54	151	64.5	65.5	53.5	54.5
#959595	66	54	150	65.5	66.5	53.5	54.5
#989898	67	54	153	66.5	67.5	53.5	54.5
#989898	68	54	153	67.5	68.5	53.5	54.5
#959595	69	54	150	68.5	69.5	53.5	54.5
#959595	70	54	150	69.5	70.5	53.5	54.5
#949494	71	54	149	70.5	71.5	53.5	54.5
#949494	72	54	149	71.5	72.5	53.5	54.5
#909090	73	54	145	72.5	73.5	53.5	54.5
#919191	74	54	146	73.5	74.5	53.5	54.5
#8F8F8F	75	54	144	74.5	75.5	53.5	54.5
#8D8D8D	76	54	142	75.5	76.5	53.5	54.5
#898989	77	54	138	76.5	77.5	53.5	54.5
#848484	78	54	133	77.5	78.5	53.5	54.5
#7E7E7E	79	54	127	78.5	79.5	53.5	54.5
#7B7B7B	80	54	124	79.5	80.5	53.5	54.5
#787878	81	54	121	80.5	81.5	53.5	54.5
#757575	82	54	118	81.5	82.5	53.5	54.5
#6C6C6C	83	54	109	82.5	83.5	53.5	54.5
#676767	84	54	104	83.5	84.5	53.5	54.5
#6A6A6A	85	54	107	84.5	85.5	53.5	54.5
#646464	86	54	101	85.5	86.5	53.5	54.5
#5D5D5D	87	54	94	86.5	87.5	53.5	54.5
#464646	88	54	71	87.5	88.5	53.5	54.5
#393939	89	54	58	88.5	89.5	53.5	54.5
#444444	90	54	69	89.5	90.5	53.5	54.5
#545454	91	54	85	90.5	91.5	53.5	54.5
#4B4B4B	92	54	76	91.5	92.5	53.5	54.5
#3B3B3B	93	54	60	92.5	93.5	53.5	54.5
#343434	94	54	53	93.5	94.5	53.5	54.5
#313131	95	54	50	94.5	95.5	53.5	54.5
#3A3A3A	96	54	59	95.5	96.5	53.5	54.5
#464646	97	54	71	96.5	97.5	53.5	54.5
#4E4E4E	98	54	79	97.5	98.5	53.5	54.5
#434343	99	54	68	98.5	99.5	53.5	54.5
#434343	100	54	68	99.5	100.5	53.5	54.5
#464646	101	54	71	100.5	101.5	53.5	54.5
#484848	102	54	73	101.5	102.5	53.5	54.5
#515151	103	54	82	102.5	103.5	53.5	54.5
#5E5E5E	104	54	95	103.5	104.5	53.5	54.5
#666666	105	54	103	104.5	105.5	53.5	54.5
#6B6B6B	106	54	108	105.5	106.5	53.5	54.5
#6A6A6A	107	54	107	106.5	107.5	53.5	54.5
#686868	108	54	105	107.5	108.5	53.5	54.5
#737373	109	54	116	108.5	109.5	53.5	54.5
#818181	110	54	130	109.5	110.5	53.5	54.5
#818181	111	54	130	110.5	111.5	53.5	54.5
#7C7C7C	112	54	125	111.5	112.5	53.5	54.5
#737373	113	54	116	112.5	113.5	53.5	54.5
#737373	114	54	116	113.5	114.5	53.5	54.5
#707070	115	54	113	114.5	115.5	53.5	54.5
#717171	116	54	114	115.5	116.5	53.5	54.5
#727272	117	54	115	116.5	117.5	53.5	54.5
#727272	118	54	115	117.5	118.5	53.5	54.5
#727272	119	54	115	118.5	119.5	53.5	54.5
#727272	120	54	115	119.5	120.5	53.5	54.5
#737373	121	54	116	120.5	121.5	53.5	54.5
#737373	122	54	116	121.5	122.5	53.5	54.5
#717171	123	54	114	122.5	123.5	53.5	54.5
#717171	124	54	114	123.5	124.5	53.5	54.5
#727272	125	54	115	124.5	125.5	53.5	54.5
#717171	126	54	114	125.5	126.5	53.5	54.5
#6D6D6D	127	54	110	126.5	127.5	53.5	54.5
#6C6C6C	128	54	109	127.5	128.5	53.5	54.5
#6C6C6C	129	54	109	128.5	129.5	53.5	54.5
#6A6A6A	130	54	107	129.5	130.5	53.5	54.5
#6D6D6D	131	54	110	130.5	131.5	53.5	54.5
#6E6E6E	132	54	111	131.5	132.5	53.5	54.5
#6E6E6E	133	54	111	132.5	133.5	53.5	54.5
#6E6E6E	134	54	111	133.5	134.5	53.5	54.5
#707070	135	54	113	134.5	135.5	53.5	54.5
#6D6D6D	136	54	110	135.5	136.5	53.5	54.5
#6B6B6B	137	54	108	136.5	137.5	53.5	54.5
#6B6B6B	138	54	108	137.5	138.5	53.5	54.5
#6A6A6A	139	54	107	138.5	139.5	53.5	54.5
#696969	0	53	106	-0.5	0.5	52.5	53.5
#8E8E8E	1	53	143	0.5	1.5	52.5	53.5
#8D8D8D	2	53	142	1.5	2.5	52.5	53.5
#8F8F8F	3	53	144	2.5	3.5	52.5	53.5
#929292	4	53	147	3.5	4.5	52.5	53.5
#949494	5	53	149	4.5	5.5	52.5	53.5
#939393	6	53	148	5.5	6.5	52.5	53.5
#959595	7	53	150	6.5	7.5	52.5	53.5
#969696	8	53	151	7.5	8.5	52.5	53.5
#969696	9	53	151	8.5	9.5	52.5	53.5
#969696	10	53	151	9.5	10.5	52.5	53.5
#959595	11	53	150	10.5	11.5	52.5	53.5
#959595	12	53	150	11.5	12.5	52.5	53.5
#959595	13	53	150	12.5	13.5	52.5	53.5
#929292	14	53	147	13.5	14.5	52.5	53.5
#919191	15	53	146	14.5	15.5	52.5	53.5
#939393	16	53	148	15.5	16.5	52.5	53.5
#919191	17	53	146	16.5	17.5	52.5	53.5
#929292	18	53	147	17.5	18.5	52.5	53.5
#939393	19	53	148	18.5	19.5	52.5	53.5
#929292	20	53	147	19.5	20.5	52.5	53.5
#919191	21	53	146	20.5	21.5	52.5	53.5
#919191	22	53	146	21.5	22.5	52.5	53.5
#939393	23	53	148	22.5	23.5	52.5	53.5
#959595	24	53	150	23.5	24.5	52.5	53.5
#949494	25	53	149	24.5	25.5	52.5	53.5
#8B8B8B	26	53	140	25.5	26.5	52.5	53.5
#888888	27	53	137	26.5	27.5	52.5	53.5
#848484	28	53	133	27.5	28.5	52.5	53.5
#7A7A7A	29	53	123	28.5	29.5	52.5	53.5
#767676	30	53	119	29.5	30.5	52.5	53.5
#6B6B6B	31	53	108	30.5	31.5	52.5	53.5
#6A6A6A	32	53	107	31.5	32.5	52.5	53.5
#616161	33	53	98	32.5	33.5	52.5	53.5
#595959	34	53	90	33.5	34.5	52.5	53.5
#525252	35	53	83	34.5	35.5	52.5	53.5
#525252	36	53	83	35.5	36.5	52.5	53.5
#575757	37	53	88	36.5	37.5	52.5	53.5
#565656	38	53	87	37.5	38.5	52.5	53.5
#5B5B5B	39	53	92	38.5	39.5	52.5	53.5
#5F5F5F	40	53	96	39.5	40.5	52.5	53.5
#606060	41	53	97	40.5	41.5	52.5	53.5
#656565	42	53	102	41.5	42.5	52.5	53.5
#6C6C6C	43	53	109	42.5	43.5	52.5	53.5
#646464	44	53	101	43.5	44.5	52.5	53.5
#666666	45	53	103	44.5	45.5	52.5	53.5
#6C6C6C	46	53	109	45.5	46.5	52.5	53.5
#6A6A6A	47	53	107	46.5	47.5	52.5	53.5
#626262	48	53	99	47.5	48.5	52.5	53.5
#6E6E6E	49	53	111	48.5	49.5	52.5	53.5
#747474	50	53	117	49.5	50.5	52.5	53.5
#6A6A6A	51	53	107	50.5	51.5	52.5	53.5
#797979	52	53	122	51.5	52.5	52.5	53.5
#7D7D7D	53	53	126	52.5	53.5	52.5	53.5
#7F7F7F	54	53	128	53.5	54.5	52.5	53.5
#808080	55	53	129	54.5	55.5	52.5	53.5
#868686	56	53	135	55.5	56.5	52.5	53.5
#8A8A8A	57	53	139	56.5	57.5	52.5	53.5
#8C8C8C	58	53	141	57.5	58.5	52.5	53.5
#929292	59	53	147	58.5	59.5	52.5	53.5
#929292	60	53	147	59.5	60.5	52.5	53.5
#939393	61	53	148	60.5	61.5	52.5	53.5
#979797	62	53	152	61.5	62.5	52.5	53.5
#979797	63	53	152	62.5	63.5	52.5	53.5
#979797	64	53	152	63.5	64.5	52.5	53.5
#979797	65	53	152	64.5	65.5	52.5	53.5
#979797	66	53	152	65.5	66.5	52.5	53.5
#999999	67	53	154	66.5	67.5	52.5	53.5
#979797	68	53	152	67.5	68.5	52.5	53.5
#959595	69	53	150	68.5	69.5	52.5	53.5
#969696	70	53	151	69.5	70.5	52.5	53.5
#959595	71	53	150	70.5	71.5	52.5	53.5
#949494	72	53	149	71.5	72.5	52.5	53.5
#909090	73	53	145	72.5	73.5	52.5	53.5
#8F8F8F	74	53	144	73.5	74.5	52.5	53.5
#8D8D8D	75	53	142	74.5	75.5	52.5	53.5
#8D8D8D	76	53	142	75.5	76.5	52.5	53.5
#8A8A8A	77	53	139	76.5	77.5	52.5	53.5
#818181	78	53	130	77.5	78.5	52.5	53.5
#7C7C7C	79	53	125	78.5	79.5	52.5	53.5
#767676	80	53	119	79.5	80.5	52.5	53.5
#6F6F6F	81	53	112	80.5	81.5	52.5	53.5
#666666	82	53	103	81.5	82.5	52.5	53.5
#585858	83	53	89	82.5	83.5	52.5	53.5
#595959	84	53	90	83.5	84.5	52.5	53.5
#696969	85	53	106	84.5	85.5	52.5	53.5
#686868	86	53	105	85.5	86.5	52.5	53.5
#616161	87	53	98	86.5	87.5	52.5	53.5
#4D4D4D	88	53	78	87.5	88.5	52.5	53.5
#3C3C3C	89	53	61	88.5	89.5	52.5	53.5
#454545	90	53	70	89.5	90.5	52.5	53.5
#565656	91	53	87	90.5	91.5	52.5	53.5
#595959	92	53	90	91.5	92.5	52.5	53.5
#525252	93	53	83	92.5	93.5	52.5	53.5
#464646	94	53	71	93.5	94.5	52.5	53.5
#3F3F3F	95	53	64	94.5	95.5	52.5	53.5
#404040	96	53	65	95.5	96.5	52.5	53.5
#505050	97	53	81	96.5	97.5	52.5	53.5
#5A5A5A	98	53	91	97.5	98.5	52.5	53.5
#494949	99	53	74	98.5	99.5	52.5	53.5
#464646	100	53	71	99.5	100.5	52.5	53.5
#474747	101	53	72	100.5	101.5	52.5	53.5
#464646	102	53	71	101.5	102.5	52.5	53.5
#4E4E4E	103	53	79	102.5	103.5	52.5	53.5
#5D5D5D	104	53	94	103.5	104.5	52.5	53.5
#6A6A6A	105	53	107	104.5	105.5	52.5	53.5
#6C6C6C	106	53	109	105.5	106.5	52.5	53.5
#6B6B6B	107	53	108	106.5	107.5	52.5	53.5
#6D6D6D	108	53	110	107.5	108.5	52.5	53.5
#767676	109	53	119	108.5	109.5	52.5	53.5
#808080	110	53	129	109.5	110.5	52.5	53.5
#828282	111	53	131	110.5	111.5	52.5	53.5
#7C7C7C	112	53	125	111.5	112.5	52.5	53.5
#757575	113	53	118	112.5	113.5	52.5	53.5
#747474	114	53	117	113.5	114.5	52.5	53.5
#727272	115	53	115	114.5	115.5	52.5	53.5
#737373	116	53	116	115.5	116.5	52.5	53.5
#727272	117	53	115	116.5	117.5	52.5	53.5
#727272	118	53	115	117.5	118.5	52.5	53.5
#747474	119	53	117	118.5	119.5	52.5	53.5
#737373	120	53	116	119.5	120.5	52.5	53.5
#727272	121	53	115	120.5	121.5	52.5	53.5
#737373	122	53	116	121.5	122.5	52.5	53.5
#707070	123	53	113	122.5	123.5	52.5	53.5
#717171	124	53	114	123.5	124.5	52.5	53.5
#727272	125	53	115	124.5	125.5	52.5	53.5
#707070	126	53	113	125.5	126.5	52.5	53.5
#6E6E6E	127	53	111	126.5	127.5	52.5	53.5
#6E6E6E	128	53	111	127.5	128.5	52.5	53.5
#6E6E6E	129	53	111	128.5	129.5	52.5	53.5
#6C6C6C	130	53	109	129.5	130.5	52.5	53.5
#6D6D6D	131	53	110	130.5	131.5	52.5	53.5
#6E6E6E	132	53	111	131.5	132.5	52.5	53.5
#6F6F6F	133	53	112	132.5	133.5	52.5	53.5
#6F6F6F	134	53	112	133.5	134.5	52.5	53.5
#6F6F6F	135	53	112	134.5	135.5	52.5	53.5
#6F6F6F	136	53	112	135.5	136.5	52.5	53.5
#6C6C6C	137	53	109	136.5	137.5	52.5	53.5
#6C6C6C	138	53	109	137.5	138.5	52.5	53.5
#6B6B6B	139	53	108	138.5	139.5	52.5	53.5
#6B6B6B	0	52	108	-0.5	0.5	51.5	52.5
#8F8F8F	1	52	144	0.5	1.5	51.5	52.5
#8D8D8D	2	52	142	1.5	2.5	51.5	52.5
#929292	3	52	147	2.5	3.5	51.5	52.5
#949494	4	52	149	3.5	4.5	51.5	52.5
#949494	5	52	149	4.5	5.5	51.5	52.5
#949494	6	52	149	5.5	6.5	51.5	52.5
#969696	7	52	151	6.5	7.5	51.5	52.5
#979797	8	52	152	7.5	8.5	51.5	52.5
#979797	9	52	152	8.5	9.5	51.5	52.5
#979797	10	52	152	9.5	10.5	51.5	52.5
#989898	11	52	153	10.5	11.5	51.5	52.5
#959595	12	52	150	11.5	12.5	51.5	52.5
#949494	13	52	149	12.5	13.5	51.5	52.5
#949494	14	52	149	13.5	14.5	51.5	52.5
#939393	15	52	148	14.5	15.5	51.5	52.5
#939393	16	52	148	15.5	16.5	51.5	52.5
#929292	17	52	147	16.5	17.5	51.5	52.5
#939393	18	52	148	17.5	18.5	51.5	52.5
#949494	19	52	149	18.5	19.5	51.5	52.5
#939393	20	52	148	19.5	20.5	51.5	52.5
#929292	21	52	147	20.5	21.5	51.5	52.5
#939393	22	52	148	21.5	22.5	51.5	52.5
#959595	23	52	150	22.5	23.5	51.5	52.5
#979797	24	52	152	23.5	24.5	51.5	52.5
#939393	25	52	148	24.5	25.5	51.5	52.5
#8D8D8D	26	52	142	25.5	26.5	51.5	52.5
#868686	27	52	135	26.5	27.5	51.5	52.5
#7E7E7E	28	52	127	27.5	28.5	51.5	52.5
#797979	29	52	122	28.5	29.5	51.5	52.5
#757575	30	52	118	29.5	30.5	51.5	52.5
#6D6D6D	31	52	110	30.5	31.5	51.5	52.5
#666666	32	52	103	31.5	32.5	51.5	52.5
#5E5E5E	33	52	95	32.5	33.5	51.5	52.5
#5B5B5B	34	52	92	33.5	34.5	51.5	52.5
#595959	35	52	90	34.5	35.5	51.5	52.5
#5F5F5F	36	52	96	35.5	36.5	51.5	52.5
#676767	37	52	104	36.5	37.5	51.5	52.5
#646464	38	52	101	37.5	38.5	51.5	52.5
#636363	39	52	100	38.5	39.5	51.5	52.5
#6B6B6B	40	52	108	39.5	40.5	51.5	52.5
#6C6C6C	41	52	109	40.5	41.5	51.5	52.5
#6F6F6F	42	52	112	41.5	42.5	51.5	52.5
#676767	43	52	104	42.5	43.5	51.5	52.5
#636363	44	52	100	43.5	44.5	51.5	52.5
#6A6A6A	45	52	107	44.5	45.5	51.5	52.5
#656565	46	52	102	45.5	46.5	51.5	52.5
#5D5D5D	47	52	94	46.5	47.5	51.5	52.5
#5A5A5A	48	52	91	47.5	48.5	51.5	52.5
#6D6D6D	49	52	110	48.5	49.5	51.5	52.5
#797979	50	52	122	49.5	50.5	51.5	52.5
#6C6C6C	51	52	109	50.5	51.5	51.5	52.5
#757575	52	52	118	51.5	52.5	51.5	52.5
#828282	53	52	131	52.5	53.5	51.5	52.5
#848484	54	52	133	53.5	54.5	51.5	52.5
#858585	55	52	134	54.5	55.5	51.5	52.5
#888888	56	52	137	55.5	56.5	51.5	52.5
#8D8D8D	57	52	142	56.5	57.5	51.5	52.5
#919191	58	52	146	57.5	58.5	51.5	52.5
#959595	59	52	150	58.5	59.5	51.5	52.5
#959595	60	52	150	59.5	60.5	51.5	52.5
#979797	61	52	152	60.5	61.5	51.5	52.5
#979797	62	52	152	61.5	62.5	51.5	52.5
#989898	63	52	153	62.5	63.5	51.5	52.5
#999999	64	52	154	63.5	64.5	51.5	52.5
#989898	65	52	153	64.5	65.5	51.5	52.5
#9A9A9A	66	52	155	65.5	66.5	51.5	52.5
#9B9B9B	67	52	156	66.5	67.5	51.5	52.5
#979797	68	52	152	67.5	68.5	51.5	52.5
#979797	69	52	152	68.5	69.5	51.5	52.5
#989898	70	52	153	69.5	70.5	51.5	52.5
#959595	71	52	150	70.5	71.5	51.5	52.5
#949494	72	52	149	71.5	72.5	51.5	52.5
#929292	73	52	147	72.5	73.5	51.5	52.5
#8F8F8F	74	52	144	73.5	74.5	51.5	52.5
#8D8D8D	75	52	142	74.5	75.5	51.5	52.5
#8D8D8D	76	52	142	75.5	76.5	51.5	52.5
#898989	77	52	138	76.5	77.5	51.5	52.5
#828282	78	52	131	77.5	78.5	51.5	52.5
#7E7E7E	79	52	127	78.5	79.5	51.5	52.5
#777777	80	52	120	79.5	80.5	51.5	52.5
#6F6F6F	81	52	112	80.5	81.5	51.5	52.5
#656565	82	52	102	81.5	82.5	51.5	52.5
#555555	83	52	86	82.5	83.5	51.5	52.5
#525252	84	52	83	83.5	84.5	51.5	52.5
#606060	85	52	97	84.5	85.5	51.5	52.5
#626262	86	52	99	85.5	86.5	51.5	52.5
#595959	87	52	90	86.5	87.5	51.5	52.5
#565656	88	52	87	87.5	88.5	51.5	52.5
#4C4C4C	89	52	77	88.5	89.5	51.5	52.5
#474747	90	52	72	89.5	90.5	51.5	52.5
#585858	91	52	89	90.5	91.5	51.5	52.5
#626262	92	52	99	91.5	92.5	51.5	52.5
#5B5B5B	93	52	92	92.5	93.5	51.5	52.5
#4C4C4C	94	52	77	93.5	94.5	51.5	52.5
#494949	95	52	74	94.5	95.5	51.5	52.5
#545454	96	52	85	95.5	96.5	51.5	52.5
#535353	97	52	84	96.5	97.5	51.5	52.5
#5C5C5C	98	52	93	97.5	98.5	51.5	52.5
#4F4F4F	99	52	80	98.5	99.5	51.5	52.5
#434343	100	52	68	99.5	100.5	51.5	52.5
#444444	101	52	69	100.5	101.5	51.5	52.5
#4A4A4A	102	52	75	101.5	102.5	51.5	52.5
#4F4F4F	103	52	80	102.5	103.5	51.5	52.5
#5C5C5C	104	52	93	103.5	104.5	51.5	52.5
#6A6A6A	105	52	107	104.5	105.5	51.5	52.5
#6D6D6D	106	52	110	105.5	106.5	51.5	52.5
#6E6E6E	107	52	111	106.5	107.5	51.5	52.5
#737373	108	52	116	107.5	108.5	51.5	52.5
#797979	109	52	122	108.5	109.5	51.5	52.5
#818181	110	52	130	109.5	110.5	51.5	52.5
#828282	111	52	131	110.5	111.5	51.5	52.5
#7C7C7C	112	52	125	111.5	112.5	51.5	52.5
#747474	113	52	117	112.5	113.5	51.5	52.5
#757575	114	52	118	113.5	114.5	51.5	52.5
#717171	115	52	114	114.5	115.5	51.5	52.5
#747474	116	52	117	115.5	116.5	51.5	52.5
#747474	117	52	117	116.5	117.5	51.5	52.5
#747474	118	52	117	117.5	118.5	51.5	52.5
#747474	119	52	117	118.5	119.5	51.5	52.5
#747474	120	52	117	119.5	120.5	51.5	52.5
#737373	121	52	116	120.5	121.5	51.5	52.5
#727272	122	52	115	121.5	122.5	51.5	52.5
#717171	123	52	114	122.5	123.5	51.5	52.5
#717171	124	52	114	123.5	124.5	51.5	52.5
#717171	125	52	114	124.5	125.5	51.5	52.5
#707070	126	52	113	125.5	126.5	51.5	52.5
#707070	127	52	113	126.5	127.5	51.5	52.5
#6E6E6E	128	52	111	127.5	128.5	51.5	52.5
#6E6E6E	129	52	111	128.5	129.5	51.5	52.5
#6E6E6E	130	52	111	129.5	130.5	51.5	52.5
#6F6F6F	131	52	112	130.5	131.5	51.5	52.5
#707070	132	52	113	131.5	132.5	51.5	52.5
#717171	133	52	114	132.5	133.5	51.5	52.5
#717171	134	52	114	133.5	134.5	51.5	52.5
#6F6F6F	135	52	112	134.5	135.5	51.5	52.5
#6F6F6F	136	52	112	135.5	136.5	51.5	52.5
#6F6F6F	137	52	112	136.5	137.5	51.5	52.5
#6D6D6D	138	52	110	137.5	138.5	51.5	52.5
#6D6D6D	139	52	110	138.5	139.5	51.5	52.5
#6D6D6D	0	51	110	-0.5	0.5	50.5	51.5
#8E8E8E	1	51	143	0.5	1.5	50.5	51.5
#8F8F8F	2	51	144	1.5	2.5	50.5	51.5
#929292	3	51	147	2.5	3.5	50.5	51.5
#949494	4	51	149	3.5	4.5	50.5	51.5
#949494	5	51	149	4.5	5.5	50.5	51.5
#949494	6	51	149	5.5	6.5	50.5	51.5
#979797	7	51	152	6.5	7.5	50.5	51.5
#989898	8	51	153	7.5	8.5	50.5	51.5
#989898	9	51	153	8.5	9.5	50.5	51.5
#989898	10	51	153	9.5	10.5	50.5	51.5
#989898	11	51	153	10.5	11.5	50.5	51.5
#969696	12	51	151	11.5	12.5	50.5	51.5
#949494	13	51	149	12.5	13.5	50.5	51.5
#959595	14	51	150	13.5	14.5	50.5	51.5
#959595	15	51	150	14.5	15.5	50.5	51.5
#949494	16	51	149	15.5	16.5	50.5	51.5
#939393	17	51	148	16.5	17.5	50.5	51.5
#949494	18	51	149	17.5	18.5	50.5	51.5
#959595	19	51	150	18.5	19.5	50.5	51.5
#949494	20	51	149	19.5	20.5	50.5	51.5
#929292	21	51	147	20.5	21.5	50.5	51.5
#949494	22	51	149	21.5	22.5	50.5	51.5
#969696	23	51	151	22.5	23.5	50.5	51.5
#989898	24	51	153	23.5	24.5	50.5	51.5
#949494	25	51	149	24.5	25.5	50.5	51.5
#8E8E8E	26	51	143	25.5	26.5	50.5	51.5
#7D7D7D	27	51	126	26.5	27.5	50.5	51.5
#7C7C7C	28	51	125	27.5	28.5	50.5	51.5
#7A7A7A	29	51	123	28.5	29.5	50.5	51.5
#747474	30	51	117	29.5	30.5	50.5	51.5
#6E6E6E	31	51	111	30.5	31.5	50.5	51.5
#626262	32	51	99	31.5	32.5	50.5	51.5
#666666	33	51	103	32.5	33.5	50.5	51.5
#676767	34	51	104	33.5	34.5	50.5	51.5
#676767	35	51	104	34.5	35.5	50.5	51.5
#686868	36	51	105	35.5	36.5	50.5	51.5
#666666	37	51	103	36.5	37.5	50.5	51.5
#676767	38	51	104	37.5	38.5	50.5	51.5
#6C6C6C	39	51	109	38.5	39.5	50.5	51.5
#6E6E6E	40	51	111	39.5	40.5	50.5	51.5
#6B6B6B	41	51	108	40.5	41.5	50.5	51.5
#6D6D6D	42	51	110	41.5	42.5	50.5	51.5
#676767	43	51	104	42.5	43.5	50.5	51.5
#6A6A6A	44	51	107	43.5	44.5	50.5	51.5
#6A6A6A	45	51	107	44.5	45.5	50.5	51.5
#636363	46	51	100	45.5	46.5	50.5	51.5
#585858	47	51	89	46.5	47.5	50.5	51.5
#5A5A5A	48	51	91	47.5	48.5	50.5	51.5
#696969	49	51	106	48.5	49.5	50.5	51.5
#636363	50	51	100	49.5	50.5	50.5	51.5
#6A6A6A	51	51	107	50.5	51.5	50.5	51.5
#737373	52	51	116	51.5	52.5	50.5	51.5
#878787	53	51	136	52.5	53.5	50.5	51.5
#8A8A8A	54	51	139	53.5	54.5	50.5	51.5
#8A8A8A	55	51	139	54.5	55.5	50.5	51.5
#8C8C8C	56	51	141	55.5	56.5	50.5	51.5
#8E8E8E	57	51	143	56.5	57.5	50.5	51.5
#939393	58	51	148	57.5	58.5	50.5	51.5
#969696	59	51	151	58.5	59.5	50.5	51.5
#9A9A9A	60	51	155	59.5	60.5	50.5	51.5
#9A9A9A	61	51	155	60.5	61.5	50.5	51.5
#989898	62	51	153	61.5	62.5	50.5	51.5
#989898	63	51	153	62.5	63.5	50.5	51.5
#9A9A9A	64	51	155	63.5	64.5	50.5	51.5
#999999	65	51	154	64.5	65.5	50.5	51.5
#9B9B9B	66	51	156	65.5	66.5	50.5	51.5
#9C9C9C	67	51	157	66.5	67.5	50.5	51.5
#999999	68	51	154	67.5	68.5	50.5	51.5
#989898	69	51	153	68.5	69.5	50.5	51.5
#989898	70	51	153	69.5	70.5	50.5	51.5
#979797	71	51	152	70.5	71.5	50.5	51.5
#959595	72	51	150	71.5	72.5	50.5	51.5
#929292	73	51	147	72.5	73.5	50.5	51.5
#919191	74	51	146	73.5	74.5	50.5	51.5
#8F8F8F	75	51	144	74.5	75.5	50.5	51.5
#8E8E8E	76	51	143	75.5	76.5	50.5	51.5
#8A8A8A	77	51	139	76.5	77.5	50.5	51.5
#858585	78	51	134	77.5	78.5	50.5	51.5
#808080	79	51	129	78.5	79.5	50.5	51.5
#7A7A7A	80	51	123	79.5	80.5	50.5	51.5
#737373	81	51	116	80.5	81.5	50.5	51.5
#6A6A6A	82	51	107	81.5	82.5	50.5	51.5
#5C5C5C	83	51	93	82.5	83.5	50.5	51.5
#595959	84	51	90	83.5	84.5	50.5	51.5
#5D5D5D	85	51	94	84.5	85.5	50.5	51.5
#606060	86	51	97	85.5	86.5	50.5	51.5
#585858	87	51	89	86.5	87.5	50.5	51.5
#535353	88	51	84	87.5	88.5	50.5	51.5
#505050	89	51	81	88.5	89.5	50.5	51.5
#484848	90	51	73	89.5	90.5	50.5	51.5
#535353	91	51	84	90.5	91.5	50.5	51.5
#595959	92	51	90	91.5	92.5	50.5	51.5
#595959	93	51	90	92.5	93.5	50.5	51.5
#515151	94	51	82	93.5	94.5	50.5	51.5
#515151	95	51	82	94.5	95.5	50.5	51.5
#5B5B5B	96	51	92	95.5	96.5	50.5	51.5
#595959	97	51	90	96.5	97.5	50.5	51.5
#5B5B5B	98	51	92	97.5	98.5	50.5	51.5
#595959	99	51	90	98.5	99.5	50.5	51.5
#4D4D4D	100	51	78	99.5	100.5	50.5	51.5
#4B4B4B	101	51	76	100.5	101.5	50.5	51.5
#4C4C4C	102	51	77	101.5	102.5	50.5	51.5
#525252	103	51	83	102.5	103.5	50.5	51.5
#575757	104	51	88	103.5	104.5	50.5	51.5
#616161	105	51	98	104.5	105.5	50.5	51.5
#6C6C6C	106	51	109	105.5	106.5	50.5	51.5
#727272	107	51	115	106.5	107.5	50.5	51.5
#767676	108	51	119	107.5	108.5	50.5	51.5
#7B7B7B	109	51	124	108.5	109.5	50.5	51.5
#828282	110	51	131	109.5	110.5	50.5	51.5
#818181	111	51	130	110.5	111.5	50.5	51.5
#7C7C7C	112	51	125	111.5	112.5	50.5	51.5
#757575	113	51	118	112.5	113.5	50.5	51.5
#757575	114	51	118	113.5	114.5	50.5	51.5
#757575	115	51	118	114.5	115.5	50.5	51.5
#757575	116	51	118	115.5	116.5	50.5	51.5
#747474	117	51	117	116.5	117.5	50.5	51.5
#757575	118	51	118	117.5	118.5	50.5	51.5
#757575	119	51	118	118.5	119.5	50.5	51.5
#747474	120	51	117	119.5	120.5	50.5	51.5
#747474	121	51	117	120.5	121.5	50.5	51.5
#727272	122	51	115	121.5	122.5	50.5	51.5
#717171	123	51	114	122.5	123.5	50.5	51.5
#717171	124	51	114	123.5	124.5	50.5	51.5
#717171	125	51	114	124.5	125.5	50.5	51.5
#707070	126	51	113	125.5	126.5	50.5	51.5
#707070	127	51	113	126.5	127.5	50.5	51.5
#707070	128	51	113	127.5	128.5	50.5	51.5
#6F6F6F	129	51	112	128.5	129.5	50.5	51.5
#6F6F6F	130	51	112	129.5	130.5	50.5	51.5
#6F6F6F	131	51	112	130.5	131.5	50.5	51.5
#707070	132	51	113	131.5	132.5	50.5	51.5
#707070	133	51	113	132.5	133.5	50.5	51.5
#737373	134	51	116	133.5	134.5	50.5	51.5
#717171	135	51	114	134.5	135.5	50.5	51.5
#707070	136	51	113	135.5	136.5	50.5	51.5
#707070	137	51	113	136.5	137.5	50.5	51.5
#6F6F6F	138	51	112	137.5	138.5	50.5	51.5
#6D6D6D	139	51	110	138.5	139.5	50.5	51.5
#6C6C6C	0	50	109	-0.5	0.5	49.5	50.5
#8E8E8E	1	50	143	0.5	1.5	49.5	50.5
#909090	2	50	145	1.5	2.5	49.5	50.5
#919191	3	50	146	2.5	3.5	49.5	50.5
#939393	4	50	148	3.5	4.5	49.5	50.5
#969696	5	50	151	4.5	5.5	49.5	50.5
#959595	6	50	150	5.5	6.5	49.5	50.5
#969696	7	50	151	6.5	7.5	49.5	50.5
#999999	8	50	154	7.5	8.5	49.5	50.5
#999999	9	50	154	8.5	9.5	49.5	50.5
#989898	10	50	153	9.5	10.5	49.5	50.5
#979797	11	50	152	10.5	11.5	49.5	50.5
#969696	12	50	151	11.5	12.5	49.5	50.5
#969696	13	50	151	12.5	13.5	49.5	50.5
#969696	14	50	151	13.5	14.5	49.5	50.5
#959595	15	50	150	14.5	15.5	49.5	50.5
#959595	16	50	150	15.5	16.5	49.5	50.5
#959595	17	50	150	16.5	17.5	49.5	50.5
#969696	18	50	151	17.5	18.5	49.5	50.5
#969696	19	50	151	18.5	19.5	49.5	50.5
#969696	20	50	151	19.5	20.5	49.5	50.5
#949494	21	50	149	20.5	21.5	49.5	50.5
#969696	22	50	151	21.5	22.5	49.5	50.5
#989898	23	50	153	22.5	23.5	49.5	50.5
#989898	24	50	153	23.5	24.5	49.5	50.5
#949494	25	50	149	24.5	25.5	49.5	50.5
#8A8A8A	26	50	139	25.5	26.5	49.5	50.5
#7A7A7A	27	50	123	26.5	27.5	49.5	50.5
#7A7A7A	28	50	123	27.5	28.5	49.5	50.5
#777777	29	50	120	28.5	29.5	49.5	50.5
#747474	30	50	117	29.5	30.5	49.5	50.5
#747474	31	50	117	30.5	31.5	49.5	50.5
#6C6C6C	32	50	109	31.5	32.5	49.5	50.5
#6E6E6E	33	50	111	32.5	33.5	49.5	50.5
#686868	34	50	105	33.5	34.5	49.5	50.5
#646464	35	50	101	34.5	35.5	49.5	50.5
#676767	36	50	104	35.5	36.5	49.5	50.5
#616161	37	50	98	36.5	37.5	49.5	50.5
#686868	38	50	105	37.5	38.5	49.5	50.5
#6B6B6B	39	50	108	38.5	39.5	49.5	50.5
#646464	40	50	101	39.5	40.5	49.5	50.5
#676767	41	50	104	40.5	41.5	49.5	50.5
#6B6B6B	42	50	108	41.5	42.5	49.5	50.5
#626262	43	50	99	42.5	43.5	49.5	50.5
#5E5E5E	44	50	95	43.5	44.5	49.5	50.5
#5B5B5B	45	50	92	44.5	45.5	49.5	50.5
#565656	46	50	87	45.5	46.5	49.5	50.5
#4E4E4E	47	50	79	46.5	47.5	49.5	50.5
#5F5F5F	48	50	96	47.5	48.5	49.5	50.5
#656565	49	50	102	48.5	49.5	49.5	50.5
#575757	50	50	88	49.5	50.5	49.5	50.5
#5D5D5D	51	50	94	50.5	51.5	49.5	50.5
#656565	52	50	102	51.5	52.5	49.5	50.5
#7C7C7C	53	50	125	52.5	53.5	49.5	50.5
#878787	54	50	136	53.5	54.5	49.5	50.5
#8D8D8D	55	50	142	54.5	55.5	49.5	50.5
#8F8F8F	56	50	144	55.5	56.5	49.5	50.5
#939393	57	50	148	56.5	57.5	49.5	50.5
#949494	58	50	149	57.5	58.5	49.5	50.5
#969696	59	50	151	58.5	59.5	49.5	50.5
#9A9A9A	60	50	155	59.5	60.5	49.5	50.5
#9A9A9A	61	50	155	60.5	61.5	49.5	50.5
#9A9A9A	62	50	155	61.5	62.5	49.5	50.5
#9B9B9B	63	50	156	62.5	63.5	49.5	50.5
#9B9B9B	64	50	156	63.5	64.5	49.5	50.5
#9B9B9B	65	50	156	64.5	65.5	49.5	50.5
#9D9D9D	66	50	158	65.5	66.5	49.5	50.5
#9E9E9E	67	50	159	66.5	67.5	49.5	50.5
#9C9C9C	68	50	157	67.5	68.5	49.5	50.5
#999999	69	50	154	68.5	69.5	49.5	50.5
#989898	70	50	153	69.5	70.5	49.5	50.5
#989898	71	50	153	70.5	71.5	49.5	50.5
#949494	72	50	149	71.5	72.5	49.5	50.5
#939393	73	50	148	72.5	73.5	49.5	50.5
#939393	74	50	148	73.5	74.5	49.5	50.5
#919191	75	50	146	74.5	75.5	49.5	50.5
#8F8F8F	76	50	144	75.5	76.5	49.5	50.5
#8B8B8B	77	50	140	76.5	77.5	49.5	50.5
#878787	78	50	136	77.5	78.5	49.5	50.5
#818181	79	50	130	78.5	79.5	49.5	50.5
#7D7D7D	80	50	126	79.5	80.5	49.5	50.5
#7A7A7A	81	50	123	80.5	81.5	49.5	50.5
#737373	82	50	116	81.5	82.5	49.5	50.5
#626262	83	50	99	82.5	83.5	49.5	50.5
#626262	84	50	99	83.5	84.5	49.5	50.5
#646464	85	50	101	84.5	85.5	49.5	50.5
#6A6A6A	86	50	107	85.5	86.5	49.5	50.5
#686868	87	50	105	86.5	87.5	49.5	50.5
#555555	88	50	86	87.5	88.5	49.5	50.5
#484848	89	50	73	88.5	89.5	49.5	50.5
#3C3C3C	90	50	61	89.5	90.5	49.5	50.5
#414141	91	50	66	90.5	91.5	49.5	50.5
#4E4E4E	92	50	79	91.5	92.5	49.5	50.5
#4E4E4E	93	50	79	92.5	93.5	49.5	50.5
#484848	94	50	73	93.5	94.5	49.5	50.5
#4E4E4E	95	50	79	94.5	95.5	49.5	50.5
#535353	96	50	84	95.5	96.5	49.5	50.5
#595959	97	50	90	96.5	97.5	49.5	50.5
#606060	98	50	97	97.5	98.5	49.5	50.5
#656565	99	50	102	98.5	99.5	49.5	50.5
#5F5F5F	100	50	96	99.5	100.5	49.5	50.5
#555555	101	50	86	100.5	101.5	49.5	50.5
#515151	102	50	82	101.5	102.5	49.5	50.5
#595959	103	50	90	102.5	103.5	49.5	50.5
#5A5A5A	104	50	91	103.5	104.5	49.5	50.5
#5A5A5A	105	50	91	104.5	105.5	49.5	50.5
#6B6B6B	106	50	108	105.5	106.5	49.5	50.5
#767676	107	50	119	106.5	107.5	49.5	50.5
#787878	108	50	121	107.5	108.5	49.5	50.5
#7C7C7C	109	50	125	108.5	109.5	49.5	50.5
#838383	110	50	132	109.5	110.5	49.5	50.5
#818181	111	50	130	110.5	111.5	49.5	50.5
#7D7D7D	112	50	126	111.5	112.5	49.5	50.5
#767676	113	50	119	112.5	113.5	49.5	50.5
#777777	114	50	120	113.5	114.5	49.5	50.5
#767676	115	50	119	114.5	115.5	49.5	50.5
#757575	116	50	118	115.5	116.5	49.5	50.5
#757575	117	50	118	116.5	117.5	49.5	50.5
#757575	118	50	118	117.5	118.5	49.5	50.5
#757575	119	50	118	118.5	119.5	49.5	50.5
#747474	120	50	117	119.5	120.5	49.5	50.5
#747474	121	50	117	120.5	121.5	49.5	50.5
#747474	122	50	117	121.5	122.5	49.5	50.5
#737373	123	50	116	122.5	123.5	49.5	50.5
#727272	124	50	115	123.5	124.5	49.5	50.5
#737373	125	50	116	124.5	125.5	49.5	50.5
#717171	126	50	114	125.5	126.5	49.5	50.5
#717171	127	50	114	126.5	127.5	49.5	50.5
#727272	128	50	115	127.5	128.5	49.5	50.5
#717171	129	50	114	128.5	129.5	49.5	50.5
#707070	130	50	113	129.5	130.5	49.5	50.5
#707070	131	50	113	130.5	131.5	49.5	50.5
#717171	132	50	114	131.5	132.5	49.5	50.5
#707070	133	50	113	132.5	133.5	49.5	50.5
#717171	134	50	114	133.5	134.5	49.5	50.5
#737373	135	50	116	134.5	135.5	49.5	50.5
#717171	136	50	114	135.5	136.5	49.5	50.5
#707070	137	50	113	136.5	137.5	49.5	50.5
#707070	138	50	113	137.5	138.5	49.5	50.5
#6F6F6F	139	50	112	138.5	139.5	49.5	50.5
#6B6B6B	0	49	108	-0.5	0.5	48.5	49.5
#8F8F8F	1	49	144	0.5	1.5	48.5	49.5
#909090	2	49	145	1.5	2.5	48.5	49.5
#929292	3	49	147	2.5	3.5	48.5	49.5
#949494	4	49	149	3.5	4.5	48.5	49.5
#959595	5	49	150	4.5	5.5	48.5	49.5
#969696	6	49	151	5.5	6.5	48.5	49.5
#979797	7	49	152	6.5	7.5	48.5	49.5
#999999	8	49	154	7.5	8.5	48.5	49.5
#999999	9	49	154	8.5	9.5	48.5	49.5
#989898	10	49	153	9.5	10.5	48.5	49.5
#989898	11	49	153	10.5	11.5	48.5	49.5
#979797	12	49	152	11.5	12.5	48.5	49.5
#969696	13	49	151	12.5	13.5	48.5	49.5
#979797	14	49	152	13.5	14.5	48.5	49.5
#979797	15	49	152	14.5	15.5	48.5	49.5
#979797	16	49	152	15.5	16.5	48.5	49.5
#979797	17	49	152	16.5	17.5	48.5	49.5
#969696	18	49	151	17.5	18.5	48.5	49.5
#979797	19	49	152	18.5	19.5	48.5	49.5
#969696	20	49	151	19.5	20.5	48.5	49.5
#969696	21	49	151	20.5	21.5	48.5	49.5
#999999	22	49	154	21.5	22.5	48.5	49.5
#9A9A9A	23	49	155	22.5	23.5	48.5	49.5
#999999	24	49	154	23.5	24.5	48.5	49.5
#929292	25	49	147	24.5	25.5	48.5	49.5
#878787	26	49	136	25.5	26.5	48.5	49.5
#797979	27	49	122	26.5	27.5	48.5	49.5
#767676	28	49	119	27.5	28.5	48.5	49.5
#7A7A7A	29	49	123	28.5	29.5	48.5	49.5
#7A7A7A	30	49	123	29.5	30.5	48.5	49.5
#7F7F7F	31	49	128	30.5	31.5	48.5	49.5
#767676	32	49	119	31.5	32.5	48.5	49.5
#6D6D6D	33	49	110	32.5	33.5	48.5	49.5
#666666	34	49	103	33.5	34.5	48.5	49.5
#696969	35	49	106	34.5	35.5	48.5	49.5
#6A6A6A	36	49	107	35.5	36.5	48.5	49.5
#646464	37	49	101	36.5	37.5	48.5	49.5
#646464	38	49	101	37.5	38.5	48.5	49.5
#636363	39	49	100	38.5	39.5	48.5	49.5
#616161	40	49	98	39.5	40.5	48.5	49.5
#676767	41	49	104	40.5	41.5	48.5	49.5
#676767	42	49	104	41.5	42.5	48.5	49.5
#585858	43	49	89	42.5	43.5	48.5	49.5
#575757	44	49	88	43.5	44.5	48.5	49.5
#4C4C4C	45	49	77	44.5	45.5	48.5	49.5
#484848	46	49	73	45.5	46.5	48.5	49.5
#474747	47	49	72	46.5	47.5	48.5	49.5
#5D5D5D	48	49	94	47.5	48.5	48.5	49.5
#5D5D5D	49	49	94	48.5	49.5	48.5	49.5
#4F4F4F	50	49	80	49.5	50.5	48.5	49.5
#484848	51	49	73	50.5	51.5	48.5	49.5
#545454	52	49	85	51.5	52.5	48.5	49.5
#6C6C6C	53	49	109	52.5	53.5	48.5	49.5
#7E7E7E	54	49	127	53.5	54.5	48.5	49.5
#8A8A8A	55	49	139	54.5	55.5	48.5	49.5
#8E8E8E	56	49	143	55.5	56.5	48.5	49.5
#909090	57	49	145	56.5	57.5	48.5	49.5
#979797	58	49	152	57.5	58.5	48.5	49.5
#999999	59	49	154	58.5	59.5	48.5	49.5
#9A9A9A	60	49	155	59.5	60.5	48.5	49.5
#9A9A9A	61	49	155	60.5	61.5	48.5	49.5
#9B9B9B	62	49	156	61.5	62.5	48.5	49.5
#9C9C9C	63	49	157	62.5	63.5	48.5	49.5
#9B9B9B	64	49	156	63.5	64.5	48.5	49.5
#9D9D9D	65	49	158	64.5	65.5	48.5	49.5
#9E9E9E	66	49	159	65.5	66.5	48.5	49.5
#9E9E9E	67	49	159	66.5	67.5	48.5	49.5
#9D9D9D	68	49	158	67.5	68.5	48.5	49.5
#9B9B9B	69	49	156	68.5	69.5	48.5	49.5
#9A9A9A	70	49	155	69.5	70.5	48.5	49.5
#989898	71	49	153	70.5	71.5	48.5	49.5
#949494	72	49	149	71.5	72.5	48.5	49.5
#959595	73	49	150	72.5	73.5	48.5	49.5
#959595	74	49	150	73.5	74.5	48.5	49.5
#919191	75	49	146	74.5	75.5	48.5	49.5
#909090	76	49	145	75.5	76.5	48.5	49.5
#8C8C8C	77	49	141	76.5	77.5	48.5	49.5
#898989	78	49	138	77.5	78.5	48.5	49.5
#858585	79	49	134	78.5	79.5	48.5	49.5
#818181	80	49	130	79.5	80.5	48.5	49.5
#7C7C7C	81	49	125	80.5	81.5	48.5	49.5
#777777	82	49	120	81.5	82.5	48.5	49.5
#676767	83	49	104	82.5	83.5	48.5	49.5
#6C6C6C	84	49	109	83.5	84.5	48.5	49.5
#6D6D6D	85	49	110	84.5	85.5	48.5	49.5
#6B6B6B	86	49	108	85.5	86.5	48.5	49.5
#666666	87	49	103	86.5	87.5	48.5	49.5
#575757	88	49	88	87.5	88.5	48.5	49.5
#4F4F4F	89	49	80	88.5	89.5	48.5	49.5
#434343	90	49	68	89.5	90.5	48.5	49.5
#3C3C3C	91	49	61	90.5	91.5	48.5	49.5
#3C3C3C	92	49	61	91.5	92.5	48.5	49.5
#484848	93	49	73	92.5	93.5	48.5	49.5
#474747	94	49	72	93.5	94.5	48.5	49.5
#494949	95	49	74	94.5	95.5	48.5	49.5
#545454	96	49	85	95.5	96.5	48.5	49.5
#595959	97	49	90	96.5	97.5	48.5	49.5
#5C5C5C	98	49	93	97.5	98.5	48.5	49.5
#606060	99	49	97	98.5	99.5	48.5	49.5
#626262	100	49	99	99.5	100.5	48.5	49.5
#5B5B5B	101	49	92	100.5	101.5	48.5	49.5
#545454	102	49	85	101.5	102.5	48.5	49.5
#515151	103	49	82	102.5	103.5	48.5	49.5
#545454	104	49	85	103.5	104.5	48.5	49.5
#575757	105	49	88	104.5	105.5	48.5	49.5
#686868	106	49	105	105.5	106.5	48.5	49.5
#767676	107	49	119	106.5	107.5	48.5	49.5
#797979	108	49	122	107.5	108.5	48.5	49.5
#7F7F7F	109	49	128	108.5	109.5	48.5	49.5
#848484	110	49	133	109.5	110.5	48.5	49.5
#828282	111	49	131	110.5	111.5	48.5	49.5
#7D7D7D	112	49	126	111.5	112.5	48.5	49.5
#787878	113	49	121	112.5	113.5	48.5	49.5
#787878	114	49	121	113.5	114.5	48.5	49.5
#767676	115	49	119	114.5	115.5	48.5	49.5
#767676	116	49	119	115.5	116.5	48.5	49.5
#767676	117	49	119	116.5	117.5	48.5	49.5
#767676	118	49	119	117.5	118.5	48.5	49.5
#777777	119	49	120	118.5	119.5	48.5	49.5
#767676	120	49	119	119.5	120.5	48.5	49.5
#757575	121	49	118	120.5	121.5	48.5	49.5
#747474	122	49	117	121.5	122.5	48.5	49.5
#747474	123	49	117	122.5	123.5	48.5	49.5
#737373	124	49	116	123.5	124.5	48.5	49.5
#747474	125	49	117	124.5	125.5	48.5	49.5
#727272	126	49	115	125.5	126.5	48.5	49.5
#727272	127	49	115	126.5	127.5	48.5	49.5
#727272	128	49	115	127.5	128.5	48.5	49.5
#727272	129	49	115	128.5	129.5	48.5	49.5
#727272	130	49	115	129.5	130.5	48.5	49.5
#727272	131	49	115	130.5	131.5	48.5	49.5
#727272	132	49	115	131.5	132.5	48.5	49.5
#717171	133	49	114	132.5	133.5	48.5	49.5
#727272	134	49	115	133.5	134.5	48.5	49.5
#727272	135	49	115	134.5	135.5	48.5	49.5
#727272	136	49	115	135.5	136.5	48.5	49.5
#707070	137	49	113	136.5	137.5	48.5	49.5
#707070	138	49	113	137.5	138.5	48.5	49.5
#707070	139	49	113	138.5	139.5	48.5	49.5
#6C6C6C	0	48	109	-0.5	0.5	47.5	48.5
#919191	1	48	146	0.5	1.5	47.5	48.5
#919191	2	48	146	1.5	2.5	47.5	48.5
#939393	3	48	148	2.5	3.5	47.5	48.5
#949494	4	48	149	3.5	4.5	47.5	48.5
#969696	5	48	151	4.5	5.5	47.5	48.5
#979797	6	48	152	5.5	6.5	47.5	48.5
#989898	7	48	153	6.5	7.5	47.5	48.5
#9A9A9A	8	48	155	7.5	8.5	47.5	48.5
#999999	9	48	154	8.5	9.5	47.5	48.5
#989898	10	48	153	9.5	10.5	47.5	48.5
#989898	11	48	153	10.5	11.5	47.5	48.5
#989898	12	48	153	11.5	12.5	47.5	48.5
#979797	13	48	152	12.5	13.5	47.5	48.5
#989898	14	48	153	13.5	14.5	47.5	48.5
#989898	15	48	153	14.5	15.5	47.5	48.5
#979797	16	48	152	15.5	16.5	47.5	48.5
#979797	17	48	152	16.5	17.5	47.5	48.5
#989898	18	48	153	17.5	18.5	47.5	48.5
#989898	19	48	153	18.5	19.5	47.5	48.5
#979797	20	48	152	19.5	20.5	47.5	48.5
#989898	21	48	153	20.5	21.5	47.5	48.5
#9B9B9B	22	48	156	21.5	22.5	47.5	48.5
#9B9B9B	23	48	156	22.5	23.5	47.5	48.5
#969696	24	48	151	23.5	24.5	47.5	48.5
#8E8E8E	25	48	143	24.5	25.5	47.5	48.5
#888888	26	48	137	25.5	26.5	47.5	48.5
#7C7C7C	27	48	125	26.5	27.5	47.5	48.5
#797979	28	48	122	27.5	28.5	47.5	48.5
#828282	29	48	131	28.5	29.5	47.5	48.5
#808080	30	48	129	29.5	30.5	47.5	48.5
#818181	31	48	130	30.5	31.5	47.5	48.5
#7A7A7A	32	48	123	31.5	32.5	47.5	48.5
#6D6D6D	33	48	110	32.5	33.5	47.5	48.5
#6B6B6B	34	48	108	33.5	34.5	47.5	48.5
#6B6B6B	35	48	108	34.5	35.5	47.5	48.5
#646464	36	48	101	35.5	36.5	47.5	48.5
#5D5D5D	37	48	94	36.5	37.5	47.5	48.5
#5B5B5B	38	48	92	37.5	38.5	47.5	48.5
#5F5F5F	39	48	96	38.5	39.5	47.5	48.5
#616161	40	48	98	39.5	40.5	47.5	48.5
#666666	41	48	103	40.5	41.5	47.5	48.5
#5B5B5B	42	48	92	41.5	42.5	47.5	48.5
#585858	43	48	89	42.5	43.5	47.5	48.5
#5D5D5D	44	48	94	43.5	44.5	47.5	48.5
#4D4D4D	45	48	78	44.5	45.5	47.5	48.5
#4C4C4C	46	48	77	45.5	46.5	47.5	48.5
#565656	47	48	87	46.5	47.5	47.5	48.5
#676767	48	48	104	47.5	48.5	47.5	48.5
#5B5B5B	49	48	92	48.5	49.5	47.5	48.5
#4B4B4B	50	48	76	49.5	50.5	47.5	48.5
#454545	51	48	70	50.5	51.5	47.5	48.5
#575757	52	48	88	51.5	52.5	47.5	48.5
#686868	53	48	105	52.5	53.5	47.5	48.5
#7A7A7A	54	48	123	53.5	54.5	47.5	48.5
#898989	55	48	138	54.5	55.5	47.5	48.5
#8D8D8D	56	48	142	55.5	56.5	47.5	48.5
#919191	57	48	146	56.5	57.5	47.5	48.5
#969696	58	48	151	57.5	58.5	47.5	48.5
#9A9A9A	59	48	155	58.5	59.5	47.5	48.5
#9B9B9B	60	48	156	59.5	60.5	47.5	48.5
#9B9B9B	61	48	156	60.5	61.5	47.5	48.5
#9C9C9C	62	48	157	61.5	62.5	47.5	48.5
#9D9D9D	63	48	158	62.5	63.5	47.5	48.5
#9D9D9D	64	48	158	63.5	64.5	47.5	48.5
#9E9E9E	65	48	159	64.5	65.5	47.5	48.5
#9F9F9F	66	48	160	65.5	66.5	47.5	48.5
#9F9F9F	67	48	160	66.5	67.5	47.5	48.5
#9D9D9D	68	48	158	67.5	68.5	47.5	48.5
#9D9D9D	69	48	158	68.5	69.5	47.5	48.5
#9C9C9C	70	48	157	69.5	70.5	47.5	48.5
#999999	71	48	154	70.5	71.5	47.5	48.5
#969696	72	48	151	71.5	72.5	47.5	48.5
#969696	73	48	151	72.5	73.5	47.5	48.5
#959595	74	48	150	73.5	74.5	47.5	48.5
#929292	75	48	147	74.5	75.5	47.5	48.5
#919191	76	48	146	75.5	76.5	47.5	48.5
#8D8D8D	77	48	142	76.5	77.5	47.5	48.5
#8A8A8A	78	48	139	77.5	78.5	47.5	48.5
#878787	79	48	136	78.5	79.5	47.5	48.5
#828282	80	48	131	79.5	80.5	47.5	48.5
#7E7E7E	81	48	127	80.5	81.5	47.5	48.5
#787878	82	48	121	81.5	82.5	47.5	48.5
#6A6A6A	83	48	107	82.5	83.5	47.5	48.5
#6E6E6E	84	48	111	83.5	84.5	47.5	48.5
#6B6B6B	85	48	108	84.5	85.5	47.5	48.5
#666666	86	48	103	85.5	86.5	47.5	48.5
#646464	87	48	101	86.5	87.5	47.5	48.5
#5D5D5D	88	48	94	87.5	88.5	47.5	48.5
#525252	89	48	83	88.5	89.5	47.5	48.5
#4E4E4E	90	48	79	89.5	90.5	47.5	48.5
#434343	91	48	68	90.5	91.5	47.5	48.5
#363636	92	48	55	91.5	92.5	47.5	48.5
#3F3F3F	93	48	64	92.5	93.5	47.5	48.5
#474747	94	48	72	93.5	94.5	47.5	48.5
#4C4C4C	95	48	77	94.5	95.5	47.5	48.5
#585858	96	48	89	95.5	96.5	47.5	48.5
#585858	97	48	89	96.5	97.5	47.5	48.5
#5B5B5B	98	48	92	97.5	98.5	47.5	48.5
#5E5E5E	99	48	95	98.5	99.5	47.5	48.5
#606060	100	48	97	99.5	100.5	47.5	48.5
#5C5C5C	101	48	93	100.5	101.5	47.5	48.5
#515151	102	48	82	101.5	102.5	47.5	48.5
#4C4C4C	103	48	77	102.5	103.5	47.5	48.5
#545454	104	48	85	103.5	104.5	47.5	48.5
#5D5D5D	105	48	94	104.5	105.5	47.5	48.5
#636363	106	48	100	105.5	106.5	47.5	48.5
#757575	107	48	118	106.5	107.5	47.5	48.5
#7C7C7C	108	48	125	107.5	108.5	47.5	48.5
#828282	109	48	131	108.5	109.5	47.5	48.5
#868686	110	48	135	109.5	110.5	47.5	48.5
#838383	111	48	132	110.5	111.5	47.5	48.5
#7E7E7E	112	48	127	111.5	112.5	47.5	48.5
#797979	113	48	122	112.5	113.5	47.5	48.5
#7B7B7B	114	48	124	113.5	114.5	47.5	48.5
#777777	115	48	120	114.5	115.5	47.5	48.5
#787878	116	48	121	115.5	116.5	47.5	48.5
#777777	117	48	120	116.5	117.5	47.5	48.5
#767676	118	48	119	117.5	118.5	47.5	48.5
#777777	119	48	120	118.5	119.5	47.5	48.5
#777777	120	48	120	119.5	120.5	47.5	48.5
#777777	121	48	120	120.5	121.5	47.5	48.5
#757575	122	48	118	121.5	122.5	47.5	48.5
#757575	123	48	118	122.5	123.5	47.5	48.5
#737373	124	48	116	123.5	124.5	47.5	48.5
#737373	125	48	116	124.5	125.5	47.5	48.5
#747474	126	48	117	125.5	126.5	47.5	48.5
#727272	127	48	115	126.5	127.5	47.5	48.5
#727272	128	48	115	127.5	128.5	47.5	48.5
#747474	129	48	117	128.5	129.5	47.5	48.5
#737373	130	48	116	129.5	130.5	47.5	48.5
#727272	131	48	115	130.5	131.5	47.5	48.5
#747474	132	48	117	131.5	132.5	47.5	48.5
#737373	133	48	116	132.5	133.5	47.5	48.5
#717171	134	48	114	133.5	134.5	47.5	48.5
#727272	135	48	115	134.5	135.5	47.5	48.5
#737373	136	48	116	135.5	136.5	47.5	48.5
#717171	137	48	114	136.5	137.5	47.5	48.5
#707070	138	48	113	137.5	138.5	47.5	48.5
#707070	139	48	113	138.5	139.5	47.5	48.5
#6D6D6D	0	47	110	-0.5	0.5	46.5	47.5
#919191	1	47	146	0.5	1.5	46.5	47.5
#909090	2	47	145	1.5	2.5	46.5	47.5
#939393	3	47	148	2.5	3.5	46.5	47.5
#979797	4	47	152	3.5	4.5	46.5	47.5
#979797	5	47	152	4.5	5.5	46.5	47.5
#969696	6	47	151	5.5	6.5	46.5	47.5
#9A9A9A	7	47	155	6.5	7.5	46.5	47.5
#999999	8	47	154	7.5	8.5	46.5	47.5
#999999	9	47	154	8.5	9.5	46.5	47.5
#9A9A9A	10	47	155	9.5	10.5	46.5	47.5
#989898	11	47	153	10.5	11.5	46.5	47.5
#999999	12	47	154	11.5	12.5	46.5	47.5
#9A9A9A	13	47	155	12.5	13.5	46.5	47.5
#9A9A9A	14	47	155	13.5	14.5	46.5	47.5
#9A9A9A	15	47	155	14.5	15.5	46.5	47.5
#999999	16	47	154	15.5	16.5	46.5	47.5
#989898	17	47	153	16.5	17.5	46.5	47.5
#999999	18	47	154	17.5	18.5	46.5	47.5
#999999	19	47	154	18.5	19.5	46.5	47.5
#999999	20	47	154	19.5	20.5	46.5	47.5
#9A9A9A	21	47	155	20.5	21.5	46.5	47.5
#9D9D9D	22	47	158	21.5	22.5	46.5	47.5
#9C9C9C	23	47	157	22.5	23.5	46.5	47.5
#949494	24	47	149	23.5	24.5	46.5	47.5
#8E8E8E	25	47	143	24.5	25.5	46.5	47.5
#888888	26	47	137	25.5	26.5	46.5	47.5
#808080	27	47	129	26.5	27.5	46.5	47.5
#7E7E7E	28	47	127	27.5	28.5	46.5	47.5
#838383	29	47	132	28.5	29.5	46.5	47.5
#848484	30	47	133	29.5	30.5	46.5	47.5
#828282	31	47	131	30.5	31.5	46.5	47.5
#7C7C7C	32	47	125	31.5	32.5	46.5	47.5
#757575	33	47	118	32.5	33.5	46.5	47.5
#696969	34	47	106	33.5	34.5	46.5	47.5
#636363	35	47	100	34.5	35.5	46.5	47.5
#5C5C5C	36	47	93	35.5	36.5	46.5	47.5
#595959	37	47	90	36.5	37.5	46.5	47.5
#5C5C5C	38	47	93	37.5	38.5	46.5	47.5
#606060	39	47	97	38.5	39.5	46.5	47.5
#5F5F5F	40	47	96	39.5	40.5	46.5	47.5
#5B5B5B	41	47	92	40.5	41.5	46.5	47.5
#515151	42	47	82	41.5	42.5	46.5	47.5
#565656	43	47	87	42.5	43.5	46.5	47.5
#5E5E5E	44	47	95	43.5	44.5	46.5	47.5
#545454	45	47	85	44.5	45.5	46.5	47.5
#5A5A5A	46	47	91	45.5	46.5	46.5	47.5
#626262	47	47	99	46.5	47.5	46.5	47.5
#636363	48	47	100	47.5	48.5	46.5	47.5
#545454	49	47	85	48.5	49.5	46.5	47.5
#4E4E4E	50	47	79	49.5	50.5	46.5	47.5
#515151	51	47	82	50.5	51.5	46.5	47.5
#686868	52	47	105	51.5	52.5	46.5	47.5
#6F6F6F	53	47	112	52.5	53.5	46.5	47.5
#777777	54	47	120	53.5	54.5	46.5	47.5
#8A8A8A	55	47	139	54.5	55.5	46.5	47.5
#8F8F8F	56	47	144	55.5	56.5	46.5	47.5
#949494	57	47	149	56.5	57.5	46.5	47.5
#979797	58	47	152	57.5	58.5	46.5	47.5
#9A9A9A	59	47	155	58.5	59.5	46.5	47.5
#9D9D9D	60	47	158	59.5	60.5	46.5	47.5
#9C9C9C	61	47	157	60.5	61.5	46.5	47.5
#9D9D9D	62	47	158	61.5	62.5	46.5	47.5
#9E9E9E	63	47	159	62.5	63.5	46.5	47.5
#9F9F9F	64	47	160	63.5	64.5	46.5	47.5
#9E9E9E	65	47	159	64.5	65.5	46.5	47.5
#A1A1A1	66	47	162	65.5	66.5	46.5	47.5
#9F9F9F	67	47	160	66.5	67.5	46.5	47.5
#9E9E9E	68	47	159	67.5	68.5	46.5	47.5
#9E9E9E	69	47	159	68.5	69.5	46.5	47.5
#9E9E9E	70	47	159	69.5	70.5	46.5	47.5
#9B9B9B	71	47	156	70.5	71.5	46.5	47.5
#9A9A9A	72	47	155	71.5	72.5	46.5	47.5
#989898	73	47	153	72.5	73.5	46.5	47.5
#969696	74	47	151	73.5	74.5	46.5	47.5
#939393	75	47	148	74.5	75.5	46.5	47.5
#919191	76	47	146	75.5	76.5	46.5	47.5
#8E8E8E	77	47	143	76.5	77.5	46.5	47.5
#8B8B8B	78	47	140	77.5	78.5	46.5	47.5
#8A8A8A	79	47	139	78.5	79.5	46.5	47.5
#858585	80	47	134	79.5	80.5	46.5	47.5
#808080	81	47	129	80.5	81.5	46.5	47.5
#7B7B7B	82	47	124	81.5	82.5	46.5	47.5
#707070	83	47	113	82.5	83.5	46.5	47.5
#6F6F6F	84	47	112	83.5	84.5	46.5	47.5
#696969	85	47	106	84.5	85.5	46.5	47.5
#616161	86	47	98	85.5	86.5	46.5	47.5
#5D5D5D	87	47	94	86.5	87.5	46.5	47.5
#5D5D5D	88	47	94	87.5	88.5	46.5	47.5
#555555	89	47	86	88.5	89.5	46.5	47.5
#555555	90	47	86	89.5	90.5	46.5	47.5
#525252	91	47	83	90.5	91.5	46.5	47.5
#494949	92	47	74	91.5	92.5	46.5	47.5
#3B3B3B	93	47	60	92.5	93.5	46.5	47.5
#3C3C3C	94	47	61	93.5	94.5	46.5	47.5
#4C4C4C	95	47	77	94.5	95.5	46.5	47.5
#595959	96	47	90	95.5	96.5	46.5	47.5
#585858	97	47	89	96.5	97.5	46.5	47.5
#5A5A5A	98	47	91	97.5	98.5	46.5	47.5
#606060	99	47	97	98.5	99.5	46.5	47.5
#606060	100	47	97	99.5	100.5	46.5	47.5
#616161	101	47	98	100.5	101.5	46.5	47.5
#5F5F5F	102	47	96	101.5	102.5	46.5	47.5
#5A5A5A	103	47	91	102.5	103.5	46.5	47.5
#5B5B5B	104	47	92	103.5	104.5	46.5	47.5
#616161	105	47	98	104.5	105.5	46.5	47.5
#646464	106	47	101	105.5	106.5	46.5	47.5
#6F6F6F	107	47	112	106.5	107.5	46.5	47.5
#7E7E7E	108	47	127	107.5	108.5	46.5	47.5
#858585	109	47	134	108.5	109.5	46.5	47.5
#898989	110	47	138	109.5	110.5	46.5	47.5
#848484	111	47	133	110.5	111.5	46.5	47.5
#7E7E7E	112	47	127	111.5	112.5	46.5	47.5
#797979	113	47	122	112.5	113.5	46.5	47.5
#7D7D7D	114	47	126	113.5	114.5	46.5	47.5
#7A7A7A	115	47	123	114.5	115.5	46.5	47.5
#797979	116	47	122	115.5	116.5	46.5	47.5
#777777	117	47	120	116.5	117.5	46.5	47.5
#777777	118	47	120	117.5	118.5	46.5	47.5
#7A7A7A	119	47	123	118.5	119.5	46.5	47.5
#797979	120	47	122	119.5	120.5	46.5	47.5
#767676	121	47	119	120.5	121.5	46.5	47.5
#777777	122	47	120	121.5	122.5	46.5	47.5
#767676	123	47	119	122.5	123.5	46.5	47.5
#747474	124	47	117	123.5	124.5	46.5	47.5
#757575	125	47	118	124.5	125.5	46.5	47.5
#747474	126	47	117	125.5	126.5	46.5	47.5
#737373	127	47	116	126.5	127.5	46.5	47.5
#747474	128	47	117	127.5	128.5	46.5	47.5
#747474	129	47	117	128.5	129.5	46.5	47.5
#747474	130	47	117	129.5	130.5	46.5	47.5
#737373	131	47	116	130.5	131.5	46.5	47.5
#757575	132	47	118	131.5	132.5	46.5	47.5
#737373	133	47	116	132.5	133.5	46.5	47.5
#717171	134	47	114	133.5	134.5	46.5	47.5
#717171	135	47	114	134.5	135.5	46.5	47.5
#727272	136	47	115	135.5	136.5	46.5	47.5
#707070	137	47	113	136.5	137.5	46.5	47.5
#727272	138	47	115	137.5	138.5	46.5	47.5
#717171	139	47	114	138.5	139.5	46.5	47.5
#6E6E6E	0	46	111	-0.5	0.5	45.5	46.5
#919191	1	46	146	0.5	1.5	45.5	46.5
#919191	2	46	146	1.5	2.5	45.5	46.5
#959595	3	46	150	2.5	3.5	45.5	46.5
#979797	4	46	152	3.5	4.5	45.5	46.5
#979797	5	46	152	4.5	5.5	45.5	46.5
#969696	6	46	151	5.5	6.5	45.5	46.5
#999999	7	46	154	6.5	7.5	45.5	46.5
#999999	8	46	154	7.5	8.5	45.5	46.5
#999999	9	46	154	8.5	9.5	45.5	46.5
#9B9B9B	10	46	156	9.5	10.5	45.5	46.5
#9A9A9A	11	46	155	10.5	11.5	45.5	46.5
#9B9B9B	12	46	156	11.5	12.5	45.5	46.5
#9B9B9B	13	46	156	12.5	13.5	45.5	46.5
#9C9C9C	14	46	157	13.5	14.5	45.5	46.5
#9C9C9C	15	46	157	14.5	15.5	45.5	46.5
#9A9A9A	16	46	155	15.5	16.5	45.5	46.5
#9A9A9A	17	46	155	16.5	17.5	45.5	46.5
#9A9A9A	18	46	155	17.5	18.5	45.5	46.5
#9B9B9B	19	46	156	18.5	19.5	45.5	46.5
#9A9A9A	20	46	155	19.5	20.5	45.5	46.5
#9C9C9C	21	46	157	20.5	21.5	45.5	46.5
#9F9F9F	22	46	160	21.5	22.5	45.5	46.5
#9B9B9B	23	46	156	22.5	23.5	45.5	46.5
#929292	24	46	147	23.5	24.5	45.5	46.5
#8D8D8D	25	46	142	24.5	25.5	45.5	46.5
#888888	26	46	137	25.5	26.5	45.5	46.5
#838383	27	46	132	26.5	27.5	45.5	46.5
#838383	28	46	132	27.5	28.5	45.5	46.5
#828282	29	46	131	28.5	29.5	45.5	46.5
#878787	30	46	136	29.5	30.5	45.5	46.5
#858585	31	46	134	30.5	31.5	45.5	46.5
#808080	32	46	129	31.5	32.5	45.5	46.5
#757575	33	46	118	32.5	33.5	45.5	46.5
#656565	34	46	102	33.5	34.5	45.5	46.5
#646464	35	46	101	34.5	35.5	45.5	46.5
#5E5E5E	36	46	95	35.5	36.5	45.5	46.5
#5D5D5D	37	46	94	36.5	37.5	45.5	46.5
#666666	38	46	103	37.5	38.5	45.5	46.5
#606060	39	46	97	38.5	39.5	45.5	46.5
#565656	40	46	87	39.5	40.5	45.5	46.5
#525252	41	46	83	40.5	41.5	45.5	46.5
#505050	42	46	81	41.5	42.5	45.5	46.5
#5B5B5B	43	46	92	42.5	43.5	45.5	46.5
#616161	44	46	98	43.5	44.5	45.5	46.5
#565656	45	46	87	44.5	45.5	45.5	46.5
#5D5D5D	46	46	94	45.5	46.5	45.5	46.5
#656565	47	46	102	46.5	47.5	45.5	46.5
#606060	48	46	97	47.5	48.5	45.5	46.5
#565656	49	46	87	48.5	49.5	45.5	46.5
#525252	50	46	83	49.5	50.5	45.5	46.5
#5E5E5E	51	46	95	50.5	51.5	45.5	46.5
#727272	52	46	115	51.5	52.5	45.5	46.5
#737373	53	46	116	52.5	53.5	45.5	46.5
#787878	54	46	121	53.5	54.5	45.5	46.5
#898989	55	46	138	54.5	55.5	45.5	46.5
#909090	56	46	145	55.5	56.5	45.5	46.5
#959595	57	46	150	56.5	57.5	45.5	46.5
#969696	58	46	151	57.5	58.5	45.5	46.5
#9A9A9A	59	46	155	58.5	59.5	45.5	46.5
#9F9F9F	60	46	160	59.5	60.5	45.5	46.5
#9E9E9E	61	46	159	60.5	61.5	45.5	46.5
#9F9F9F	62	46	160	61.5	62.5	45.5	46.5
#A0A0A0	63	46	161	62.5	63.5	45.5	46.5
#9F9F9F	64	46	160	63.5	64.5	45.5	46.5
#A0A0A0	65	46	161	64.5	65.5	45.5	46.5
#A0A0A0	66	46	161	65.5	66.5	45.5	46.5
#A1A1A1	67	46	162	66.5	67.5	45.5	46.5
#A1A1A1	68	46	162	67.5	68.5	45.5	46.5
#9F9F9F	69	46	160	68.5	69.5	45.5	46.5
#9E9E9E	70	46	159	69.5	70.5	45.5	46.5
#9C9C9C	71	46	157	70.5	71.5	45.5	46.5
#9A9A9A	72	46	155	71.5	72.5	45.5	46.5
#999999	73	46	154	72.5	73.5	45.5	46.5
#979797	74	46	152	73.5	74.5	45.5	46.5
#949494	75	46	149	74.5	75.5	45.5	46.5
#939393	76	46	148	75.5	76.5	45.5	46.5
#8F8F8F	77	46	144	76.5	77.5	45.5	46.5
#8C8C8C	78	46	141	77.5	78.5	45.5	46.5
#8C8C8C	79	46	141	78.5	79.5	45.5	46.5
#8A8A8A	80	46	139	79.5	80.5	45.5	46.5
#868686	81	46	135	80.5	81.5	45.5	46.5
#7E7E7E	82	46	127	81.5	82.5	45.5	46.5
#727272	83	46	115	82.5	83.5	45.5	46.5
#727272	84	46	115	83.5	84.5	45.5	46.5
#6A6A6A	85	46	107	84.5	85.5	45.5	46.5
#616161	86	46	98	85.5	86.5	45.5	46.5
#5E5E5E	87	46	95	86.5	87.5	45.5	46.5
#5E5E5E	88	46	95	87.5	88.5	45.5	46.5
#595959	89	46	90	88.5	89.5	45.5	46.5
#575757	90	46	88	89.5	90.5	45.5	46.5
#4F4F4F	91	46	80	90.5	91.5	45.5	46.5
#4C4C4C	92	46	77	91.5	92.5	45.5	46.5
#414141	93	46	66	92.5	93.5	45.5	46.5
#383838	94	46	57	93.5	94.5	45.5	46.5
#494949	95	46	74	94.5	95.5	45.5	46.5
#5E5E5E	96	46	95	95.5	96.5	45.5	46.5
#565656	97	46	87	96.5	97.5	45.5	46.5
#535353	98	46	84	97.5	98.5	45.5	46.5
#5C5C5C	99	46	93	98.5	99.5	45.5	46.5
#5F5F5F	100	46	96	99.5	100.5	45.5	46.5
#636363	101	46	100	100.5	101.5	45.5	46.5
#6B6B6B	102	46	108	101.5	102.5	45.5	46.5
#6A6A6A	103	46	107	102.5	103.5	45.5	46.5
#636363	104	46	100	103.5	104.5	45.5	46.5
#656565	105	46	102	104.5	105.5	45.5	46.5
#6A6A6A	106	46	107	105.5	106.5	45.5	46.5
#6D6D6D	107	46	110	106.5	107.5	45.5	46.5
#7C7C7C	108	46	125	107.5	108.5	45.5	46.5
#868686	109	46	135	108.5	109.5	45.5	46.5
#8B8B8B	110	46	140	109.5	110.5	45.5	46.5
#868686	111	46	135	110.5	111.5	45.5	46.5
#7F7F7F	112	46	128	111.5	112.5	45.5	46.5
#7B7B7B	113	46	124	112.5	113.5	45.5	46.5
#7D7D7D	114	46	126	113.5	114.5	45.5	46.5
#7B7B7B	115	46	124	114.5	115.5	45.5	46.5
#797979	116	46	122	115.5	116.5	45.5	46.5
#787878	117	46	121	116.5	117.5	45.5	46.5
#787878	118	46	121	117.5	118.5	45.5	46.5
#7A7A7A	119	46	123	118.5	119.5	45.5	46.5
#797979	120	46	122	119.5	120.5	45.5	46.5
#777777	121	46	120	120.5	121.5	45.5	46.5
#787878	122	46	121	121.5	122.5	45.5	46.5
#777777	123	46	120	122.5	123.5	45.5	46.5
#767676	124	46	119	123.5	124.5	45.5	46.5
#757575	125	46	118	124.5	125.5	45.5	46.5
#757575	126	46	118	125.5	126.5	45.5	46.5
#747474	127	46	117	126.5	127.5	45.5	46.5
#747474	128	46	117	127.5	128.5	45.5	46.5
#737373	129	46	116	128.5	129.5	45.5	46.5
#737373	130	46	116	129.5	130.5	45.5	46.5
#747474	131	46	117	130.5	131.5	45.5	46.5
#757575	132	46	118	131.5	132.5	45.5	46.5
#727272	133	46	115	132.5	133.5	45.5	46.5
#727272	134	46	115	133.5	134.5	45.5	46.5
#717171	135	46	114	134.5	135.5	45.5	46.5
#707070	136	46	113	135.5	136.5	45.5	46.5
#717171	137	46	114	136.5	137.5	45.5	46.5
#717171	138	46	114	137.5	138.5	45.5	46.5
#717171	139	46	114	138.5	139.5	45.5	46.5
#6E6E6E	0	45	111	-0.5	0.5	44.5	45.5
#929292	1	45	147	0.5	1.5	44.5	45.5
#939393	2	45	148	1.5	2.5	44.5	45.5
#959595	3	45	150	2.5	3.5	44.5	45.5
#979797	4	45	152	3.5	4.5	44.5	45.5
#989898	5	45	153	4.5	5.5	44.5	45.5
#989898	6	45	153	5.5	6.5	44.5	45.5
#989898	7	45	153	6.5	7.5	44.5	45.5
#9A9A9A	8	45	155	7.5	8.5	44.5	45.5
#9C9C9C	9	45	157	8.5	9.5	44.5	45.5
#9C9C9C	10	45	157	9.5	10.5	44.5	45.5
#9E9E9E	11	45	159	10.5	11.5	44.5	45.5
#9E9E9E	12	45	159	11.5	12.5	44.5	45.5
#9D9D9D	13	45	158	12.5	13.5	44.5	45.5
#9D9D9D	14	45	158	13.5	14.5	44.5	45.5
#9D9D9D	15	45	158	14.5	15.5	44.5	45.5
#9D9D9D	16	45	158	15.5	16.5	44.5	45.5
#9D9D9D	17	45	158	16.5	17.5	44.5	45.5
#9C9C9C	18	45	157	17.5	18.5	44.5	45.5
#9C9C9C	19	45	157	18.5	19.5	44.5	45.5
#9B9B9B	20	45	156	19.5	20.5	44.5	45.5
#9F9F9F	21	45	160	20.5	21.5	44.5	45.5
#A0A0A0	22	45	161	21.5	22.5	44.5	45.5
#969696	23	45	151	22.5	23.5	44.5	45.5
#909090	24	45	145	23.5	24.5	44.5	45.5
#8E8E8E	25	45	143	24.5	25.5	44.5	45.5
#8B8B8B	26	45	140	25.5	26.5	44.5	45.5
#868686	27	45	135	26.5	27.5	44.5	45.5
#868686	28	45	135	27.5	28.5	44.5	45.5
#858585	29	45	134	28.5	29.5	44.5	45.5
#858585	30	45	134	29.5	30.5	44.5	45.5
#808080	31	45	129	30.5	31.5	44.5	45.5
#7C7C7C	32	45	125	31.5	32.5	44.5	45.5
#777777	33	45	120	32.5	33.5	44.5	45.5
#696969	34	45	106	33.5	34.5	44.5	45.5
#5E5E5E	35	45	95	34.5	35.5	44.5	45.5
#5F5F5F	36	45	96	35.5	36.5	44.5	45.5
#606060	37	45	97	36.5	37.5	44.5	45.5
#5F5F5F	38	45	96	37.5	38.5	44.5	45.5
#565656	39	45	87	38.5	39.5	44.5	45.5
#535353	40	45	84	39.5	40.5	44.5	45.5
#565656	41	45	87	40.5	41.5	44.5	45.5
#545454	42	45	85	41.5	42.5	44.5	45.5
#6A6A6A	43	45	107	42.5	43.5	44.5	45.5
#676767	44	45	104	43.5	44.5	44.5	45.5
#5B5B5B	45	45	92	44.5	45.5	44.5	45.5
#5C5C5C	46	45	93	45.5	46.5	44.5	45.5
#626262	47	45	99	46.5	47.5	44.5	45.5
#5F5F5F	48	45	96	47.5	48.5	44.5	45.5
#585858	49	45	89	48.5	49.5	44.5	45.5
#5A5A5A	50	45	91	49.5	50.5	44.5	45.5
#6E6E6E	51	45	111	50.5	51.5	44.5	45.5
#797979	52	45	122	51.5	52.5	44.5	45.5
#797979	53	45	122	52.5	53.5	44.5	45.5
#7C7C7C	54	45	125	53.5	54.5	44.5	45.5
#8B8B8B	55	45	140	54.5	55.5	44.5	45.5
#919191	56	45	146	55.5	56.5	44.5	45.5
#969696	57	45	151	56.5	57.5	44.5	45.5
#979797	58	45	152	57.5	58.5	44.5	45.5
#9B9B9B	59	45	156	58.5	59.5	44.5	45.5
#A0A0A0	60	45	161	59.5	60.5	44.5	45.5
#9F9F9F	61	45	160	60.5	61.5	44.5	45.5
#9F9F9F	62	45	160	61.5	62.5	44.5	45.5
#A1A1A1	63	45	162	62.5	63.5	44.5	45.5
#A1A1A1	64	45	162	63.5	64.5	44.5	45.5
#A2A2A2	65	45	163	64.5	65.5	44.5	45.5
#A1A1A1	66	45	162	65.5	66.5	44.5	45.5
#A0A0A0	67	45	161	66.5	67.5	44.5	45.5
#A1A1A1	68	45	162	67.5	68.5	44.5	45.5
#9F9F9F	69	45	160	68.5	69.5	44.5	45.5
#9E9E9E	70	45	159	69.5	70.5	44.5	45.5
#9D9D9D	71	45	158	70.5	71.5	44.5	45.5
#9C9C9C	72	45	157	71.5	72.5	44.5	45.5
#9B9B9B	73	45	156	72.5	73.5	44.5	45.5
#999999	74	45	154	73.5	74.5	44.5	45.5
#979797	75	45	152	74.5	75.5	44.5	45.5
#949494	76	45	149	75.5	76.5	44.5	45.5
#919191	77	45	146	76.5	77.5	44.5	45.5
#8E8E8E	78	45	143	77.5	78.5	44.5	45.5
#8D8D8D	79	45	142	78.5	79.5	44.5	45.5
#8C8C8C	80	45	141	79.5	80.5	44.5	45.5
#8A8A8A	81	45	139	80.5	81.5	44.5	45.5
#828282	82	45	131	81.5	82.5	44.5	45.5
#757575	83	45	118	82.5	83.5	44.5	45.5
#787878	84	45	121	83.5	84.5	44.5	45.5
#6D6D6D	85	45	110	84.5	85.5	44.5	45.5
#656565	86	45	102	85.5	86.5	44.5	45.5
#676767	87	45	104	86.5	87.5	44.5	45.5
#606060	88	45	97	87.5	88.5	44.5	45.5
#5B5B5B	89	45	92	88.5	89.5	44.5	45.5
#5A5A5A	90	45	91	89.5	90.5	44.5	45.5
#515151	91	45	82	90.5	91.5	44.5	45.5
#484848	92	45	73	91.5	92.5	44.5	45.5
#4B4B4B	93	45	76	92.5	93.5	44.5	45.5
#454545	94	45	70	93.5	94.5	44.5	45.5
#494949	95	45	74	94.5	95.5	44.5	45.5
#535353	96	45	84	95.5	96.5	44.5	45.5
#575757	97	45	88	96.5	97.5	44.5	45.5
#565656	98	45	87	97.5	98.5	44.5	45.5
#595959	99	45	90	98.5	99.5	44.5	45.5
#5D5D5D	100	45	94	99.5	100.5	44.5	45.5
#696969	101	45	106	100.5	101.5	44.5	45.5
#717171	102	45	114	101.5	102.5	44.5	45.5
#6D6D6D	103	45	110	102.5	103.5	44.5	45.5
#6A6A6A	104	45	107	103.5	104.5	44.5	45.5
#656565	105	45	102	104.5	105.5	44.5	45.5
#686868	106	45	105	105.5	106.5	44.5	45.5
#6B6B6B	107	45	108	106.5	107.5	44.5	45.5
#7A7A7A	108	45	123	107.5	108.5	44.5	45.5
#878787	109	45	136	108.5	109.5	44.5	45.5
#8C8C8C	110	45	141	109.5	110.5	44.5	45.5
#888888	111	45	137	110.5	111.5	44.5	45.5
#818181	112	45	130	111.5	112.5	44.5	45.5
#7D7D7D	113	45	126	112.5	113.5	44.5	45.5
#7F7F7F	114	45	128	113.5	114.5	44.5	45.5
#7D7D7D	115	45	126	114.5	115.5	44.5	45.5
#7B7B7B	116	45	124	115.5	116.5	44.5	45.5
#7A7A7A	117	45	123	116.5	117.5	44.5	45.5
#7A7A7A	118	45	123	117.5	118.5	44.5	45.5
#7A7A7A	119	45	123	118.5	119.5	44.5	45.5
#7A7A7A	120	45	123	119.5	120.5	44.5	45.5
#797979	121	45	122	120.5	121.5	44.5	45.5
#7A7A7A	122	45	123	121.5	122.5	44.5	45.5
#787878	123	45	121	122.5	123.5	44.5	45.5
#777777	124	45	120	123.5	124.5	44.5	45.5
#777777	125	45	120	124.5	125.5	44.5	45.5
#767676	126	45	119	125.5	126.5	44.5	45.5
#747474	127	45	117	126.5	127.5	44.5	45.5
#747474	128	45	117	127.5	128.5	44.5	45.5
#747474	129	45	117	128.5	129.5	44.5	45.5
#747474	130	45	117	129.5	130.5	44.5	45.5
#747474	131	45	117	130.5	131.5	44.5	45.5
#747474	132	45	117	131.5	132.5	44.5	45.5
#737373	133	45	116	132.5	133.5	44.5	45.5
#727272	134	45	115	133.5	134.5	44.5	45.5
#707070	135	45	113	134.5	135.5	44.5	45.5
#6F6F6F	136	45	112	135.5	136.5	44.5	45.5
#6F6F6F	137	45	112	136.5	137.5	44.5	45.5
#6F6F6F	138	45	112	137.5	138.5	44.5	45.5
#6F6F6F	139	45	112	138.5	139.5	44.5	45.5
#6F6F6F	0	44	112	-0.5	0.5	43.5	44.5
#939393	1	44	148	0.5	1.5	43.5	44.5
#939393	2	44	148	1.5	2.5	43.5	44.5
#969696	3	44	151	2.5	3.5	43.5	44.5
#969696	4	44	151	3.5	4.5	43.5	44.5
#989898	5	44	153	4.5	5.5	43.5	44.5
#979797	6	44	152	5.5	6.5	43.5	44.5
#989898	7	44	153	6.5	7.5	43.5	44.5
#9A9A9A	8	44	155	7.5	8.5	43.5	44.5
#9C9C9C	9	44	157	8.5	9.5	43.5	44.5
#9D9D9D	10	44	158	9.5	10.5	43.5	44.5
#9E9E9E	11	44	159	10.5	11.5	43.5	44.5
#9F9F9F	12	44	160	11.5	12.5	43.5	44.5
#9D9D9D	13	44	158	12.5	13.5	43.5	44.5
#9E9E9E	14	44	159	13.5	14.5	43.5	44.5
#9D9D9D	15	44	158	14.5	15.5	43.5	44.5
#9D9D9D	16	44	158	15.5	16.5	43.5	44.5
#9D9D9D	17	44	158	16.5	17.5	43.5	44.5
#9E9E9E	18	44	159	17.5	18.5	43.5	44.5
#9D9D9D	19	44	158	18.5	19.5	43.5	44.5
#9F9F9F	20	44	160	19.5	20.5	43.5	44.5
#A3A3A3	21	44	164	20.5	21.5	43.5	44.5
#9F9F9F	22	44	160	21.5	22.5	43.5	44.5
#939393	23	44	148	22.5	23.5	43.5	44.5
#929292	24	44	147	23.5	24.5	43.5	44.5
#919191	25	44	146	24.5	25.5	43.5	44.5
#8E8E8E	26	44	143	25.5	26.5	43.5	44.5
#858585	27	44	134	26.5	27.5	43.5	44.5
#868686	28	44	135	27.5	28.5	43.5	44.5
#838383	29	44	132	28.5	29.5	43.5	44.5
#7D7D7D	30	44	126	29.5	30.5	43.5	44.5
#7F7F7F	31	44	128	30.5	31.5	43.5	44.5
#737373	32	44	116	31.5	32.5	43.5	44.5
#727272	33	44	115	32.5	33.5	43.5	44.5
#717171	34	44	114	33.5	34.5	43.5	44.5
#626262	35	44	99	34.5	35.5	43.5	44.5
#616161	36	44	98	35.5	36.5	43.5	44.5
#5E5E5E	37	44	95	36.5	37.5	43.5	44.5
#595959	38	44	90	37.5	38.5	43.5	44.5
#525252	39	44	83	38.5	39.5	43.5	44.5
#4E4E4E	40	44	79	39.5	40.5	43.5	44.5
#4F4F4F	41	44	80	40.5	41.5	43.5	44.5
#595959	42	44	90	41.5	42.5	43.5	44.5
#6D6D6D	43	44	110	42.5	43.5	43.5	44.5
#5D5D5D	44	44	94	43.5	44.5	43.5	44.5
#555555	45	44	86	44.5	45.5	43.5	44.5
#595959	46	44	90	45.5	46.5	43.5	44.5
#5B5B5B	47	44	92	46.5	47.5	43.5	44.5
#585858	48	44	89	47.5	48.5	43.5	44.5
#515151	49	44	82	48.5	49.5	43.5	44.5
#616161	50	44	98	49.5	50.5	43.5	44.5
#7F7F7F	51	44	128	50.5	51.5	43.5	44.5
#828282	52	44	131	51.5	52.5	43.5	44.5
#7F7F7F	53	44	128	52.5	53.5	43.5	44.5
#858585	54	44	134	53.5	54.5	43.5	44.5
#8E8E8E	55	44	143	54.5	55.5	43.5	44.5
#949494	56	44	149	55.5	56.5	43.5	44.5
#979797	57	44	152	56.5	57.5	43.5	44.5
#989898	58	44	153	57.5	58.5	43.5	44.5
#9D9D9D	59	44	158	58.5	59.5	43.5	44.5
#A2A2A2	60	44	163	59.5	60.5	43.5	44.5
#A0A0A0	61	44	161	60.5	61.5	43.5	44.5
#A1A1A1	62	44	162	61.5	62.5	43.5	44.5
#A3A3A3	63	44	164	62.5	63.5	43.5	44.5
#A3A3A3	64	44	164	63.5	64.5	43.5	44.5
#A2A2A2	65	44	163	64.5	65.5	43.5	44.5
#A3A3A3	66	44	164	65.5	66.5	43.5	44.5
#A0A0A0	67	44	161	66.5	67.5	43.5	44.5
#A1A1A1	68	44	162	67.5	68.5	43.5	44.5
#A1A1A1	69	44	162	68.5	69.5	43.5	44.5
#A1A1A1	70	44	162	69.5	70.5	43.5	44.5
#9F9F9F	71	44	160	70.5	71.5	43.5	44.5
#9D9D9D	72	44	158	71.5	72.5	43.5	44.5
#9D9D9D	73	44	158	72.5	73.5	43.5	44.5
#9B9B9B	74	44	156	73.5	74.5	43.5	44.5
#9A9A9A	75	44	155	74.5	75.5	43.5	44.5
#969696	76	44	151	75.5	76.5	43.5	44.5
#929292	77	44	147	76.5	77.5	43.5	44.5
#8F8F8F	78	44	144	77.5	78.5	43.5	44.5
#8E8E8E	79	44	143	78.5	79.5	43.5	44.5
#8D8D8D	80	44	142	79.5	80.5	43.5	44.5
#8A8A8A	81	44	139	80.5	81.5	43.5	44.5
#848484	82	44	133	81.5	82.5	43.5	44.5
#7D7D7D	83	44	126	82.5	83.5	43.5	44.5
#7F7F7F	84	44	128	83.5	84.5	43.5	44.5
#757575	85	44	118	84.5	85.5	43.5	44.5
#686868	86	44	105	85.5	86.5	43.5	44.5
#707070	87	44	113	86.5	87.5	43.5	44.5
#696969	88	44	106	87.5	88.5	43.5	44.5
#5D5D5D	89	44	94	88.5	89.5	43.5	44.5
#5C5C5C	90	44	93	89.5	90.5	43.5	44.5
#555555	91	44	86	90.5	91.5	43.5	44.5
#4C4C4C	92	44	77	91.5	92.5	43.5	44.5
#4B4B4B	93	44	76	92.5	93.5	43.5	44.5
#4E4E4E	94	44	79	93.5	94.5	43.5	44.5
#505050	95	44	81	94.5	95.5	43.5	44.5
#464646	96	44	71	95.5	96.5	43.5	44.5
#4B4B4B	97	44	76	96.5	97.5	43.5	44.5
#575757	98	44	88	97.5	98.5	43.5	44.5
#5F5F5F	99	44	96	98.5	99.5	43.5	44.5
#616161	100	44	98	99.5	100.5	43.5	44.5
#6C6C6C	101	44	109	100.5	101.5	43.5	44.5
#737373	102	44	116	101.5	102.5	43.5	44.5
#747474	103	44	117	102.5	103.5	43.5	44.5
#737373	104	44	116	103.5	104.5	43.5	44.5
#6C6C6C	105	44	109	104.5	105.5	43.5	44.5
#6A6A6A	106	44	107	105.5	106.5	43.5	44.5
#6A6A6A	107	44	107	106.5	107.5	43.5	44.5
#777777	108	44	120	107.5	108.5	43.5	44.5
#888888	109	44	137	108.5	109.5	43.5	44.5
#8B8B8B	110	44	140	109.5	110.5	43.5	44.5
#8B8B8B	111	44	140	110.5	111.5	43.5	44.5
#848484	112	44	133	111.5	112.5	43.5	44.5
#7E7E7E	113	44	127	112.5	113.5	43.5	44.5
#7E7E7E	114	44	127	113.5	114.5	43.5	44.5
#7D7D7D	115	44	126	114.5	115.5	43.5	44.5
#7C7C7C	116	44	125	115.5	116.5	43.5	44.5
#7B7B7B	117	44	124	116.5	117.5	43.5	44.5
#7B7B7B	118	44	124	117.5	118.5	43.5	44.5
#7B7B7B	119	44	124	118.5	119.5	43.5	44.5
#7B7B7B	120	44	124	119.5	120.5	43.5	44.5
#7A7A7A	121	44	123	120.5	121.5	43.5	44.5
#7A7A7A	122	44	123	121.5	122.5	43.5	44.5
#797979	123	44	122	122.5	123.5	43.5	44.5
#797979	124	44	122	123.5	124.5	43.5	44.5
#787878	125	44	121	124.5	125.5	43.5	44.5
#767676	126	44	119	125.5	126.5	43.5	44.5
#757575	127	44	118	126.5	127.5	43.5	44.5
#747474	128	44	117	127.5	128.5	43.5	44.5
#757575	129	44	118	128.5	129.5	43.5	44.5
#767676	130	44	119	129.5	130.5	43.5	44.5
#737373	131	44	116	130.5	131.5	43.5	44.5
#717171	132	44	114	131.5	132.5	43.5	44.5
#737373	133	44	116	132.5	133.5	43.5	44.5
#727272	134	44	115	133.5	134.5	43.5	44.5
#707070	135	44	113	134.5	135.5	43.5	44.5
#707070	136	44	113	135.5	136.5	43.5	44.5
#6E6E6E	137	44	111	136.5	137.5	43.5	44.5
#6F6F6F	138	44	112	137.5	138.5	43.5	44.5
#6F6F6F	139	44	112	138.5	139.5	43.5	44.5
#6E6E6E	0	43	111	-0.5	0.5	42.5	43.5
#949494	1	43	149	0.5	1.5	42.5	43.5
#949494	2	43	149	1.5	2.5	42.5	43.5
#979797	3	43	152	2.5	3.5	42.5	43.5
#989898	4	43	153	3.5	4.5	42.5	43.5
#979797	5	43	152	4.5	5.5	42.5	43.5
#979797	6	43	152	5.5	6.5	42.5	43.5
#999999	7	43	154	6.5	7.5	42.5	43.5
#9C9C9C	8	43	157	7.5	8.5	42.5	43.5
#9D9D9D	9	43	158	8.5	9.5	42.5	43.5
#9E9E9E	10	43	159	9.5	10.5	42.5	43.5
#9E9E9E	11	43	159	10.5	11.5	42.5	43.5
#A0A0A0	12	43	161	11.5	12.5	42.5	43.5
#9F9F9F	13	43	160	12.5	13.5	42.5	43.5
#9E9E9E	14	43	159	13.5	14.5	42.5	43.5
#9E9E9E	15	43	159	14.5	15.5	42.5	43.5
#9E9E9E	16	43	159	15.5	16.5	42.5	43.5
#9F9F9F	17	43	160	16.5	17.5	42.5	43.5
#9E9E9E	18	43	159	17.5	18.5	42.5	43.5
#9D9D9D	19	43	158	18.5	19.5	42.5	43.5
#A1A1A1	20	43	162	19.5	20.5	42.5	43.5
#A3A3A3	21	43	164	20.5	21.5	42.5	43.5
#9C9C9C	22	43	157	21.5	22.5	42.5	43.5
#949494	23	43	149	22.5	23.5	42.5	43.5
#949494	24	43	149	23.5	24.5	42.5	43.5
#929292	25	43	147	24.5	25.5	42.5	43.5
#8E8E8E	26	43	143	25.5	26.5	42.5	43.5
#848484	27	43	133	26.5	27.5	42.5	43.5
#818181	28	43	130	27.5	28.5	42.5	43.5
#7B7B7B	29	43	124	28.5	29.5	42.5	43.5
#757575	30	43	118	29.5	30.5	42.5	43.5
#767676	31	43	119	30.5	31.5	42.5	43.5
#717171	32	43	114	31.5	32.5	42.5	43.5
#737373	33	43	116	32.5	33.5	42.5	43.5
#787878	34	43	121	33.5	34.5	42.5	43.5
#717171	35	43	114	34.5	35.5	42.5	43.5
#5D5D5D	36	43	94	35.5	36.5	42.5	43.5
#5F5F5F	37	43	96	36.5	37.5	42.5	43.5
#575757	38	43	88	37.5	38.5	42.5	43.5
#4E4E4E	39	43	79	38.5	39.5	42.5	43.5
#4C4C4C	40	43	77	39.5	40.5	42.5	43.5
#545454	41	43	85	40.5	41.5	42.5	43.5
#616161	42	43	98	41.5	42.5	42.5	43.5
#606060	43	43	97	42.5	43.5	42.5	43.5
#535353	44	43	84	43.5	44.5	42.5	43.5
#505050	45	43	81	44.5	45.5	42.5	43.5
#5E5E5E	46	43	95	45.5	46.5	42.5	43.5
#686868	47	43	105	46.5	47.5	42.5	43.5
#5F5F5F	48	43	96	47.5	48.5	42.5	43.5
#5A5A5A	49	43	91	48.5	49.5	42.5	43.5
#6F6F6F	50	43	112	49.5	50.5	42.5	43.5
#848484	51	43	133	50.5	51.5	42.5	43.5
#848484	52	43	133	51.5	52.5	42.5	43.5
#868686	53	43	135	52.5	53.5	42.5	43.5
#8A8A8A	54	43	139	53.5	54.5	42.5	43.5
#8D8D8D	55	43	142	54.5	55.5	42.5	43.5
#959595	56	43	150	55.5	56.5	42.5	43.5
#999999	57	43	154	56.5	57.5	42.5	43.5
#9B9B9B	58	43	156	57.5	58.5	42.5	43.5
#A0A0A0	59	43	161	58.5	59.5	42.5	43.5
#A1A1A1	60	43	162	59.5	60.5	42.5	43.5
#A2A2A2	61	43	163	60.5	61.5	42.5	43.5
#A4A4A4	62	43	165	61.5	62.5	42.5	43.5
#A4A4A4	63	43	165	62.5	63.5	42.5	43.5
#A4A4A4	64	43	165	63.5	64.5	42.5	43.5
#A4A4A4	65	43	165	64.5	65.5	42.5	43.5
#A4A4A4	66	43	165	65.5	66.5	42.5	43.5
#A2A2A2	67	43	163	66.5	67.5	42.5	43.5
#A2A2A2	68	43	163	67.5	68.5	42.5	43.5
#A1A1A1	69	43	162	68.5	69.5	42.5	43.5
#A1A1A1	70	43	162	69.5	70.5	42.5	43.5
#9F9F9F	71	43	160	70.5	71.5	42.5	43.5
#9D9D9D	72	43	158	71.5	72.5	42.5	43.5
#9F9F9F	73	43	160	72.5	73.5	42.5	43.5
#9C9C9C	74	43	157	73.5	74.5	42.5	43.5
#9A9A9A	75	43	155	74.5	75.5	42.5	43.5
#969696	76	43	151	75.5	76.5	42.5	43.5
#929292	77	43	147	76.5	77.5	42.5	43.5
#909090	78	43	145	77.5	78.5	42.5	43.5
#919191	79	43	146	78.5	79.5	42.5	43.5
#919191	80	43	146	79.5	80.5	42.5	43.5
#8C8C8C	81	43	141	80.5	81.5	42.5	43.5
#848484	82	43	133	81.5	82.5	42.5	43.5
#808080	83	43	129	82.5	83.5	42.5	43.5
#818181	84	43	130	83.5	84.5	42.5	43.5
#7F7F7F	85	43	128	84.5	85.5	42.5	43.5
#7A7A7A	86	43	123	85.5	86.5	42.5	43.5
#7D7D7D	87	43	126	86.5	87.5	42.5	43.5
#757575	88	43	118	87.5	88.5	42.5	43.5
#636363	89	43	100	88.5	89.5	42.5	43.5
#5A5A5A	90	43	91	89.5	90.5	42.5	43.5
#575757	91	43	88	90.5	91.5	42.5	43.5
#575757	92	43	88	91.5	92.5	42.5	43.5
#4E4E4E	93	43	79	92.5	93.5	42.5	43.5
#4E4E4E	94	43	79	93.5	94.5	42.5	43.5
#4D4D4D	95	43	78	94.5	95.5	42.5	43.5
#484848	96	43	73	95.5	96.5	42.5	43.5
#505050	97	43	81	96.5	97.5	42.5	43.5
#585858	98	43	89	97.5	98.5	42.5	43.5
#606060	99	43	97	98.5	99.5	42.5	43.5
#666666	100	43	103	99.5	100.5	42.5	43.5
#6F6F6F	101	43	112	100.5	101.5	42.5	43.5
#707070	102	43	113	101.5	102.5	42.5	43.5
#727272	103	43	115	102.5	103.5	42.5	43.5
#767676	104	43	119	103.5	104.5	42.5	43.5
#767676	105	43	119	104.5	105.5	42.5	43.5
#707070	106	43	113	105.5	106.5	42.5	43.5
#6D6D6D	107	43	110	106.5	107.5	42.5	43.5
#7B7B7B	108	43	124	107.5	108.5	42.5	43.5
#888888	109	43	137	108.5	109.5	42.5	43.5
#8C8C8C	110	43	141	109.5	110.5	42.5	43.5
#8C8C8C	111	43	141	110.5	111.5	42.5	43.5
#868686	112	43	135	111.5	112.5	42.5	43.5
#7F7F7F	113	43	128	112.5	113.5	42.5	43.5
#808080	114	43	129	113.5	114.5	42.5	43.5
#7E7E7E	115	43	127	114.5	115.5	42.5	43.5
#7C7C7C	116	43	125	115.5	116.5	42.5	43.5
#7D7D7D	117	43	126	116.5	117.5	42.5	43.5
#7D7D7D	118	43	126	117.5	118.5	42.5	43.5
#7B7B7B	119	43	124	118.5	119.5	42.5	43.5
#7B7B7B	120	43	124	119.5	120.5	42.5	43.5
#7D7D7D	121	43	126	120.5	121.5	42.5	43.5
#7B7B7B	122	43	124	121.5	122.5	42.5	43.5
#797979	123	43	122	122.5	123.5	42.5	43.5
#797979	124	43	122	123.5	124.5	42.5	43.5
#787878	125	43	121	124.5	125.5	42.5	43.5
#787878	126	43	121	125.5	126.5	42.5	43.5
#787878	127	43	121	126.5	127.5	42.5	43.5
#767676	128	43	119	127.5	128.5	42.5	43.5
#767676	129	43	119	128.5	129.5	42.5	43.5
#757575	130	43	118	129.5	130.5	42.5	43.5
#727272	131	43	115	130.5	131.5	42.5	43.5
#6F6F6F	132	43	112	131.5	132.5	42.5	43.5
#717171	133	43	114	132.5	133.5	42.5	43.5
#727272	134	43	115	133.5	134.5	42.5	43.5
#737373	135	43	116	134.5	135.5	42.5	43.5
#717171	136	43	114	135.5	136.5	42.5	43.5
#6E6E6E	137	43	111	136.5	137.5	42.5	43.5
#6F6F6F	138	43	112	137.5	138.5	42.5	43.5
#717171	139	43	114	138.5	139.5	42.5	43.5
#6E6E6E	0	42	111	-0.5	0.5	41.5	42.5
#959595	1	42	150	0.5	1.5	41.5	42.5
#949494	2	42	149	1.5	2.5	41.5	42.5
#989898	3	42	153	2.5	3.5	41.5	42.5
#989898	4	42	153	3.5	4.5	41.5	42.5
#989898	5	42	153	4.5	5.5	41.5	42.5
#999999	6	42	154	5.5	6.5	41.5	42.5
#999999	7	42	154	6.5	7.5	41.5	42.5
#9D9D9D	8	42	158	7.5	8.5	41.5	42.5
#9E9E9E	9	42	159	8.5	9.5	41.5	42.5
#9F9F9F	10	42	160	9.5	10.5	41.5	42.5
#A0A0A0	11	42	161	10.5	11.5	41.5	42.5
#A0A0A0	12	42	161	11.5	12.5	41.5	42.5
#A0A0A0	13	42	161	12.5	13.5	41.5	42.5
#9F9F9F	14	42	160	13.5	14.5	41.5	42.5
#A0A0A0	15	42	161	14.5	15.5	41.5	42.5
#A0A0A0	16	42	161	15.5	16.5	41.5	42.5
#A1A1A1	17	42	162	16.5	17.5	41.5	42.5
#A1A1A1	18	42	162	17.5	18.5	41.5	42.5
#A0A0A0	19	42	161	18.5	19.5	41.5	42.5
#A4A4A4	20	42	165	19.5	20.5	41.5	42.5
#A3A3A3	21	42	164	20.5	21.5	41.5	42.5
#9A9A9A	22	42	155	21.5	22.5	41.5	42.5
#959595	23	42	150	22.5	23.5	41.5	42.5
#959595	24	42	150	23.5	24.5	41.5	42.5
#939393	25	42	148	24.5	25.5	41.5	42.5
#919191	26	42	146	25.5	26.5	41.5	42.5
#858585	27	42	134	26.5	27.5	41.5	42.5
#7C7C7C	28	42	125	27.5	28.5	41.5	42.5
#7A7A7A	29	42	123	28.5	29.5	41.5	42.5
#707070	30	42	113	29.5	30.5	41.5	42.5
#6D6D6D	31	42	110	30.5	31.5	41.5	42.5
#757575	32	42	118	31.5	32.5	41.5	42.5
#747474	33	42	117	32.5	33.5	41.5	42.5
#767676	34	42	119	33.5	34.5	41.5	42.5
#717171	35	42	114	34.5	35.5	41.5	42.5
#5E5E5E	36	42	95	35.5	36.5	41.5	42.5
#585858	37	42	89	36.5	37.5	41.5	42.5
#505050	38	42	81	37.5	38.5	41.5	42.5
#4F4F4F	39	42	80	38.5	39.5	41.5	42.5
#575757	40	42	88	39.5	40.5	41.5	42.5
#606060	41	42	97	40.5	41.5	41.5	42.5
#656565	42	42	102	41.5	42.5	41.5	42.5
#606060	43	42	97	42.5	43.5	41.5	42.5
#626262	44	42	99	43.5	44.5	41.5	42.5
#646464	45	42	101	44.5	45.5	41.5	42.5
#6E6E6E	46	42	111	45.5	46.5	41.5	42.5
#737373	47	42	116	46.5	47.5	41.5	42.5
#696969	48	42	106	47.5	48.5	41.5	42.5
#6C6C6C	49	42	109	48.5	49.5	41.5	42.5
#818181	50	42	130	49.5	50.5	41.5	42.5
#898989	51	42	138	50.5	51.5	41.5	42.5
#898989	52	42	138	51.5	52.5	41.5	42.5
#8C8C8C	53	42	141	52.5	53.5	41.5	42.5
#8E8E8E	54	42	143	53.5	54.5	41.5	42.5
#909090	55	42	145	54.5	55.5	41.5	42.5
#979797	56	42	152	55.5	56.5	41.5	42.5
#9A9A9A	57	42	155	56.5	57.5	41.5	42.5
#9F9F9F	58	42	160	57.5	58.5	41.5	42.5
#A1A1A1	59	42	162	58.5	59.5	41.5	42.5
#A2A2A2	60	42	163	59.5	60.5	41.5	42.5
#A3A3A3	61	42	164	60.5	61.5	41.5	42.5
#A5A5A5	62	42	166	61.5	62.5	41.5	42.5
#A5A5A5	63	42	166	62.5	63.5	41.5	42.5
#A5A5A5	64	42	166	63.5	64.5	41.5	42.5
#A5A5A5	65	42	166	64.5	65.5	41.5	42.5
#A5A5A5	66	42	166	65.5	66.5	41.5	42.5
#A3A3A3	67	42	164	66.5	67.5	41.5	42.5
#A3A3A3	68	42	164	67.5	68.5	41.5	42.5
#A2A2A2	69	42	163	68.5	69.5	41.5	42.5
#A0A0A0	70	42	161	69.5	70.5	41.5	42.5
#9F9F9F	71	42	160	70.5	71.5	41.5	42.5
#9C9C9C	72	42	157	71.5	72.5	41.5	42.5
#9E9E9E	73	42	159	72.5	73.5	41.5	42.5
#9E9E9E	74	42	159	73.5	74.5	41.5	42.5
#999999	75	42	154	74.5	75.5	41.5	42.5
#959595	76	42	150	75.5	76.5	41.5	42.5
#919191	77	42	146	76.5	77.5	41.5	42.5
#8D8D8D	78	42	142	77.5	78.5	41.5	42.5
#8F8F8F	79	42	144	78.5	79.5	41.5	42.5
#8E8E8E	80	42	143	79.5	80.5	41.5	42.5
#8C8C8C	81	42	141	80.5	81.5	41.5	42.5
#888888	82	42	137	81.5	82.5	41.5	42.5
#838383	83	42	132	82.5	83.5	41.5	42.5
#838383	84	42	132	83.5	84.5	41.5	42.5
#818181	85	42	130	84.5	85.5	41.5	42.5
#828282	86	42	131	85.5	86.5	41.5	42.5
#838383	87	42	132	86.5	87.5	41.5	42.5
#7D7D7D	88	42	126	87.5	88.5	41.5	42.5
#717171	89	42	114	88.5	89.5	41.5	42.5
#636363	90	42	100	89.5	90.5	41.5	42.5
#595959	91	42	90	90.5	91.5	41.5	42.5
#5A5A5A	92	42	91	91.5	92.5	41.5	42.5
#5B5B5B	93	42	92	92.5	93.5	41.5	42.5
#575757	94	42	88	93.5	94.5	41.5	42.5
#4E4E4E	95	42	79	94.5	95.5	41.5	42.5
#515151	96	42	82	95.5	96.5	41.5	42.5
#565656	97	42	87	96.5	97.5	41.5	42.5
#565656	98	42	87	97.5	98.5	41.5	42.5
#616161	99	42	98	98.5	99.5	41.5	42.5
#666666	100	42	103	99.5	100.5	41.5	42.5
#707070	101	42	113	100.5	101.5	41.5	42.5
#717171	102	42	114	101.5	102.5	41.5	42.5
#6F6F6F	103	42	112	102.5	103.5	41.5	42.5
#737373	104	42	116	103.5	104.5	41.5	42.5
#737373	105	42	116	104.5	105.5	41.5	42.5
#6D6D6D	106	42	110	105.5	106.5	41.5	42.5
#6F6F6F	107	42	112	106.5	107.5	41.5	42.5
#7D7D7D	108	42	126	107.5	108.5	41.5	42.5
#878787	109	42	136	108.5	109.5	41.5	42.5
#8B8B8B	110	42	140	109.5	110.5	41.5	42.5
#8C8C8C	111	42	141	110.5	111.5	41.5	42.5
#888888	112	42	137	111.5	112.5	41.5	42.5
#828282	113	42	131	112.5	113.5	41.5	42.5
#808080	114	42	129	113.5	114.5	41.5	42.5
#7E7E7E	115	42	127	114.5	115.5	41.5	42.5
#7C7C7C	116	42	125	115.5	116.5	41.5	42.5
#7D7D7D	117	42	126	116.5	117.5	41.5	42.5
#7D7D7D	118	42	126	117.5	118.5	41.5	42.5
#7C7C7C	119	42	125	118.5	119.5	41.5	42.5
#7B7B7B	120	42	124	119.5	120.5	41.5	42.5
#7D7D7D	121	42	126	120.5	121.5	41.5	42.5
#7C7C7C	122	42	125	121.5	122.5	41.5	42.5
#7A7A7A	123	42	123	122.5	123.5	41.5	42.5
#7A7A7A	124	42	123	123.5	124.5	41.5	42.5
#797979	125	42	122	124.5	125.5	41.5	42.5
#787878	126	42	121	125.5	126.5	41.5	42.5
#7A7A7A	127	42	123	126.5	127.5	41.5	42.5
#777777	128	42	120	127.5	128.5	41.5	42.5
#767676	129	42	119	128.5	129.5	41.5	42.5
#737373	130	42	116	129.5	130.5	41.5	42.5
#717171	131	42	114	130.5	131.5	41.5	42.5
#717171	132	42	114	131.5	132.5	41.5	42.5
#727272	133	42	115	132.5	133.5	41.5	42.5
#727272	134	42	115	133.5	134.5	41.5	42.5
#737373	135	42	116	134.5	135.5	41.5	42.5
#737373	136	42	116	135.5	136.5	41.5	42.5
#707070	137	42	113	136.5	137.5	41.5	42.5
#6F6F6F	138	42	112	137.5	138.5	41.5	42.5
#727272	139	42	115	138.5	139.5	41.5	42.5
#707070	0	41	113	-0.5	0.5	40.5	41.5
#959595	1	41	150	0.5	1.5	40.5	41.5
#959595	2	41	150	1.5	2.5	40.5	41.5
#989898	3	41	153	2.5	3.5	40.5	41.5
#999999	4	41	154	3.5	4.5	40.5	41.5
#9A9A9A	5	41	155	4.5	5.5	40.5	41.5
#9A9A9A	6	41	155	5.5	6.5	40.5	41.5
#9A9A9A	7	41	155	6.5	7.5	40.5	41.5
#9E9E9E	8	41	159	7.5	8.5	40.5	41.5
#A0A0A0	9	41	161	8.5	9.5	40.5	41.5
#A0A0A0	10	41	161	9.5	10.5	40.5	41.5
#A1A1A1	11	41	162	10.5	11.5	40.5	41.5
#A1A1A1	12	41	162	11.5	12.5	40.5	41.5
#A0A0A0	13	41	161	12.5	13.5	40.5	41.5
#A0A0A0	14	41	161	13.5	14.5	40.5	41.5
#A1A1A1	15	41	162	14.5	15.5	40.5	41.5
#A3A3A3	16	41	164	15.5	16.5	40.5	41.5
#A2A2A2	17	41	163	16.5	17.5	40.5	41.5
#A2A2A2	18	41	163	17.5	18.5	40.5	41.5
#A4A4A4	19	41	165	18.5	19.5	40.5	41.5
#A7A7A7	20	41	168	19.5	20.5	40.5	41.5
#A2A2A2	21	41	163	20.5	21.5	40.5	41.5
#9A9A9A	22	41	155	21.5	22.5	40.5	41.5
#979797	23	41	152	22.5	23.5	40.5	41.5
#959595	24	41	150	23.5	24.5	40.5	41.5
#959595	25	41	150	24.5	25.5	40.5	41.5
#929292	26	41	147	25.5	26.5	40.5	41.5
#818181	27	41	130	26.5	27.5	40.5	41.5
#787878	28	41	121	27.5	28.5	40.5	41.5
#757575	29	41	118	28.5	29.5	40.5	41.5
#707070	30	41	113	29.5	30.5	40.5	41.5
#6F6F6F	31	41	112	30.5	31.5	40.5	41.5
#767676	32	41	119	31.5	32.5	40.5	41.5
#737373	33	41	116	32.5	33.5	40.5	41.5
#717171	34	41	114	33.5	34.5	40.5	41.5
#696969	35	41	106	34.5	35.5	40.5	41.5
#686868	36	41	105	35.5	36.5	40.5	41.5
#626262	37	41	99	36.5	37.5	40.5	41.5
#575757	38	41	88	37.5	38.5	40.5	41.5
#636363	39	41	100	38.5	39.5	40.5	41.5
#6E6E6E	40	41	111	39.5	40.5	40.5	41.5
#6D6D6D	41	41	110	40.5	41.5	40.5	41.5
#676767	42	41	104	41.5	42.5	40.5	41.5
#6B6B6B	43	41	108	42.5	43.5	40.5	41.5
#6F6F6F	44	41	112	43.5	44.5	40.5	41.5
#727272	45	41	115	44.5	45.5	40.5	41.5
#737373	46	41	116	45.5	46.5	40.5	41.5
#6C6C6C	47	41	109	46.5	47.5	40.5	41.5
#616161	48	41	98	47.5	48.5	40.5	41.5
#6C6C6C	49	41	109	48.5	49.5	40.5	41.5
#858585	50	41	134	49.5	50.5	40.5	41.5
#8C8C8C	51	41	141	50.5	51.5	40.5	41.5
#8E8E8E	52	41	143	51.5	52.5	40.5	41.5
#919191	53	41	146	52.5	53.5	40.5	41.5
#919191	54	41	146	53.5	54.5	40.5	41.5
#969696	55	41	151	54.5	55.5	40.5	41.5
#9A9A9A	56	41	155	55.5	56.5	40.5	41.5
#9F9F9F	57	41	160	56.5	57.5	40.5	41.5
#A3A3A3	58	41	164	57.5	58.5	40.5	41.5
#A4A4A4	59	41	165	58.5	59.5	40.5	41.5
#A4A4A4	60	41	165	59.5	60.5	40.5	41.5
#A5A5A5	61	41	166	60.5	61.5	40.5	41.5
#A5A5A5	62	41	166	61.5	62.5	40.5	41.5
#A4A4A4	63	41	165	62.5	63.5	40.5	41.5
#A6A6A6	64	41	167	63.5	64.5	40.5	41.5
#A7A7A7	65	41	168	64.5	65.5	40.5	41.5
#A7A7A7	66	41	168	65.5	66.5	40.5	41.5
#A5A5A5	67	41	166	66.5	67.5	40.5	41.5
#A4A4A4	68	41	165	67.5	68.5	40.5	41.5
#A4A4A4	69	41	165	68.5	69.5	40.5	41.5
#A2A2A2	70	41	163	69.5	70.5	40.5	41.5
#A0A0A0	71	41	161	70.5	71.5	40.5	41.5
#A0A0A0	72	41	161	71.5	72.5	40.5	41.5
#A0A0A0	73	41	161	72.5	73.5	40.5	41.5
#9E9E9E	74	41	159	73.5	74.5	40.5	41.5
#9C9C9C	75	41	157	74.5	75.5	40.5	41.5
#969696	76	41	151	75.5	76.5	40.5	41.5
#929292	77	41	147	76.5	77.5	40.5	41.5
#8F8F8F	78	41	144	77.5	78.5	40.5	41.5
#8D8D8D	79	41	142	78.5	79.5	40.5	41.5
#8A8A8A	80	41	139	79.5	80.5	40.5	41.5
#868686	81	41	135	80.5	81.5	40.5	41.5
#8A8A8A	82	41	139	81.5	82.5	40.5	41.5
#898989	83	41	138	82.5	83.5	40.5	41.5
#838383	84	41	132	83.5	84.5	40.5	41.5
#7F7F7F	85	41	128	84.5	85.5	40.5	41.5
#828282	86	41	131	85.5	86.5	40.5	41.5
#848484	87	41	133	86.5	87.5	40.5	41.5
#7E7E7E	88	41	127	87.5	88.5	40.5	41.5
#7D7D7D	89	41	126	88.5	89.5	40.5	41.5
#797979	90	41	122	89.5	90.5	40.5	41.5
#6F6F6F	91	41	112	90.5	91.5	40.5	41.5
#696969	92	41	106	91.5	92.5	40.5	41.5
#686868	93	41	105	92.5	93.5	40.5	41.5
#606060	94	41	97	93.5	94.5	40.5	41.5
#545454	95	41	85	94.5	95.5	40.5	41.5
#595959	96	41	90	95.5	96.5	40.5	41.5
#595959	97	41	90	96.5	97.5	40.5	41.5
#535353	98	41	84	97.5	98.5	40.5	41.5
#5C5C5C	99	41	93	98.5	99.5	40.5	41.5
#616161	100	41	98	99.5	100.5	40.5	41.5
#6C6C6C	101	41	109	100.5	101.5	40.5	41.5
#767676	102	41	119	101.5	102.5	40.5	41.5
#737373	103	41	116	102.5	103.5	40.5	41.5
#737373	104	41	116	103.5	104.5	40.5	41.5
#727272	105	41	115	104.5	105.5	40.5	41.5
#6E6E6E	106	41	111	105.5	106.5	40.5	41.5
#737373	107	41	116	106.5	107.5	40.5	41.5
#7E7E7E	108	41	127	107.5	108.5	40.5	41.5
#878787	109	41	136	108.5	109.5	40.5	41.5
#8C8C8C	110	41	141	109.5	110.5	40.5	41.5
#8C8C8C	111	41	141	110.5	111.5	40.5	41.5
#8A8A8A	112	41	139	111.5	112.5	40.5	41.5
#868686	113	41	135	112.5	113.5	40.5	41.5
#818181	114	41	130	113.5	114.5	40.5	41.5
#7F7F7F	115	41	128	114.5	115.5	40.5	41.5
#7F7F7F	116	41	128	115.5	116.5	40.5	41.5
#7F7F7F	117	41	128	116.5	117.5	40.5	41.5
#7F7F7F	118	41	128	117.5	118.5	40.5	41.5
#7E7E7E	119	41	127	118.5	119.5	40.5	41.5
#7F7F7F	120	41	128	119.5	120.5	40.5	41.5
#7D7D7D	121	41	126	120.5	121.5	40.5	41.5
#7D7D7D	122	41	126	121.5	122.5	40.5	41.5
#7D7D7D	123	41	126	122.5	123.5	40.5	41.5
#7B7B7B	124	41	124	123.5	124.5	40.5	41.5
#7B7B7B	125	41	124	124.5	125.5	40.5	41.5
#7A7A7A	126	41	123	125.5	126.5	40.5	41.5
#7A7A7A	127	41	123	126.5	127.5	40.5	41.5
#797979	128	41	122	127.5	128.5	40.5	41.5
#767676	129	41	119	128.5	129.5	40.5	41.5
#747474	130	41	117	129.5	130.5	40.5	41.5
#747474	131	41	117	130.5	131.5	40.5	41.5
#737373	132	41	116	131.5	132.5	40.5	41.5
#747474	133	41	117	132.5	133.5	40.5	41.5
#747474	134	41	117	133.5	134.5	40.5	41.5
#737373	135	41	116	134.5	135.5	40.5	41.5
#737373	136	41	116	135.5	136.5	40.5	41.5
#717171	137	41	114	136.5	137.5	40.5	41.5
#707070	138	41	113	137.5	138.5	40.5	41.5
#717171	139	41	114	138.5	139.5	40.5	41.5
#707070	0	40	113	-0.5	0.5	39.5	40.5
#969696	1	40	151	0.5	1.5	39.5	40.5
#959595	2	40	150	1.5	2.5	39.5	40.5
#999999	3	40	154	2.5	3.5	39.5	40.5
#9A9A9A	4	40	155	3.5	4.5	39.5	40.5
#9B9B9B	5	40	156	4.5	5.5	39.5	40.5
#9B9B9B	6	40	156	5.5	6.5	39.5	40.5
#9C9C9C	7	40	157	6.5	7.5	39.5	40.5
#9E9E9E	8	40	159	7.5	8.5	39.5	40.5
#A0A0A0	9	40	161	8.5	9.5	39.5	40.5
#A1A1A1	10	40	162	9.5	10.5	39.5	40.5
#A2A2A2	11	40	163	10.5	11.5	39.5	40.5
#A2A2A2	12	40	163	11.5	12.5	39.5	40.5
#A1A1A1	13	40	162	12.5	13.5	39.5	40.5
#A2A2A2	14	40	163	13.5	14.5	39.5	40.5
#A3A3A3	15	40	164	14.5	15.5	39.5	40.5
#A3A3A3	16	40	164	15.5	16.5	39.5	40.5
#A3A3A3	17	40	164	16.5	17.5	39.5	40.5
#A3A3A3	18	40	164	17.5	18.5	39.5	40.5
#A6A6A6	19	40	167	18.5	19.5	39.5	40.5
#A7A7A7	20	40	168	19.5	20.5	39.5	40.5
#A2A2A2	21	40	163	20.5	21.5	39.5	40.5
#9D9D9D	22	40	158	21.5	22.5	39.5	40.5
#989898	23	40	153	22.5	23.5	39.5	40.5
#979797	24	40	152	23.5	24.5	39.5	40.5
#959595	25	40	150	24.5	25.5	39.5	40.5
#8D8D8D	26	40	142	25.5	26.5	39.5	40.5
#7E7E7E	27	40	127	26.5	27.5	39.5	40.5
#757575	28	40	118	27.5	28.5	39.5	40.5
#787878	29	40	121	28.5	29.5	39.5	40.5
#757575	30	40	118	29.5	30.5	39.5	40.5
#6E6E6E	31	40	111	30.5	31.5	39.5	40.5
#6B6B6B	32	40	108	31.5	32.5	39.5	40.5
#6F6F6F	33	40	112	32.5	33.5	39.5	40.5
#6A6A6A	34	40	107	33.5	34.5	39.5	40.5
#696969	35	40	106	34.5	35.5	39.5	40.5
#727272	36	40	115	35.5	36.5	39.5	40.5
#737373	37	40	116	36.5	37.5	39.5	40.5
#6D6D6D	38	40	110	37.5	38.5	39.5	40.5
#737373	39	40	116	38.5	39.5	39.5	40.5
#717171	40	40	114	39.5	40.5	39.5	40.5
#686868	41	40	105	40.5	41.5	39.5	40.5
#646464	42	40	101	41.5	42.5	39.5	40.5
#6F6F6F	43	40	112	42.5	43.5	39.5	40.5
#717171	44	40	114	43.5	44.5	39.5	40.5
#7A7A7A	45	40	123	44.5	45.5	39.5	40.5
#747474	46	40	117	45.5	46.5	39.5	40.5
#6C6C6C	47	40	109	46.5	47.5	39.5	40.5
#686868	48	40	105	47.5	48.5	39.5	40.5
#777777	49	40	120	48.5	49.5	39.5	40.5
#888888	50	40	137	49.5	50.5	39.5	40.5
#909090	51	40	145	50.5	51.5	39.5	40.5
#929292	52	40	147	51.5	52.5	39.5	40.5
#959595	53	40	150	52.5	53.5	39.5	40.5
#959595	54	40	150	53.5	54.5	39.5	40.5
#999999	55	40	154	54.5	55.5	39.5	40.5
#9D9D9D	56	40	158	55.5	56.5	39.5	40.5
#A3A3A3	57	40	164	56.5	57.5	39.5	40.5
#A5A5A5	58	40	166	57.5	58.5	39.5	40.5
#A4A4A4	59	40	165	58.5	59.5	39.5	40.5
#A7A7A7	60	40	168	59.5	60.5	39.5	40.5
#A8A8A8	61	40	169	60.5	61.5	39.5	40.5
#A7A7A7	62	40	168	61.5	62.5	39.5	40.5
#A6A6A6	63	40	167	62.5	63.5	39.5	40.5
#A8A8A8	64	40	169	63.5	64.5	39.5	40.5
#A9A9A9	65	40	170	64.5	65.5	39.5	40.5
#A7A7A7	66	40	168	65.5	66.5	39.5	40.5
#A6A6A6	67	40	167	66.5	67.5	39.5	40.5
#A6A6A6	68	40	167	67.5	68.5	39.5	40.5
#A6A6A6	69	40	167	68.5	69.5	39.5	40.5
#A5A5A5	70	40	166	69.5	70.5	39.5	40.5
#A1A1A1	71	40	162	70.5	71.5	39.5	40.5
#A1A1A1	72	40	162	71.5	72.5	39.5	40.5
#A1A1A1	73	40	162	72.5	73.5	39.5	40.5
#A0A0A0	74	40	161	73.5	74.5	39.5	40.5
#9E9E9E	75	40	159	74.5	75.5	39.5	40.5
#989898	76	40	153	75.5	76.5	39.5	40.5
#969696	77	40	151	76.5	77.5	39.5	40.5
#929292	78	40	147	77.5	78.5	39.5	40.5
#8E8E8E	79	40	143	78.5	79.5	39.5	40.5
#8A8A8A	80	40	139	79.5	80.5	39.5	40.5
#898989	81	40	138	80.5	81.5	39.5	40.5
#888888	82	40	137	81.5	82.5	39.5	40.5
#838383	83	40	132	82.5	83.5	39.5	40.5
#808080	84	40	129	83.5	84.5	39.5	40.5
#7F7F7F	85	40	128	84.5	85.5	39.5	40.5
#818181	86	40	130	85.5	86.5	39.5	40.5
#848484	87	40	133	86.5	87.5	39.5	40.5
#818181	88	40	130	87.5	88.5	39.5	40.5
#7E7E7E	89	40	127	88.5	89.5	39.5	40.5
#7C7C7C	90	40	125	89.5	90.5	39.5	40.5
#7A7A7A	91	40	123	90.5	91.5	39.5	40.5
#757575	92	40	118	91.5	92.5	39.5	40.5
#727272	93	40	115	92.5	93.5	39.5	40.5
#676767	94	40	104	93.5	94.5	39.5	40.5
#5C5C5C	95	40	93	94.5	95.5	39.5	40.5
#5C5C5C	96	40	93	95.5	96.5	39.5	40.5
#5B5B5B	97	40	92	96.5	97.5	39.5	40.5
#565656	98	40	87	97.5	98.5	39.5	40.5
#565656	99	40	87	98.5	99.5	39.5	40.5
#5E5E5E	100	40	95	99.5	100.5	39.5	40.5
#6A6A6A	101	40	107	100.5	101.5	39.5	40.5
#717171	102	40	114	101.5	102.5	39.5	40.5
#727272	103	40	115	102.5	103.5	39.5	40.5
#737373	104	40	116	103.5	104.5	39.5	40.5
#767676	105	40	119	104.5	105.5	39.5	40.5
#747474	106	40	117	105.5	106.5	39.5	40.5
#7A7A7A	107	40	123	106.5	107.5	39.5	40.5
#808080	108	40	129	107.5	108.5	39.5	40.5
#878787	109	40	136	108.5	109.5	39.5	40.5
#8C8C8C	110	40	141	109.5	110.5	39.5	40.5
#8C8C8C	111	40	141	110.5	111.5	39.5	40.5
#8A8A8A	112	40	139	111.5	112.5	39.5	40.5
#878787	113	40	136	112.5	113.5	39.5	40.5
#848484	114	40	133	113.5	114.5	39.5	40.5
#828282	115	40	131	114.5	115.5	39.5	40.5
#808080	116	40	129	115.5	116.5	39.5	40.5
#808080	117	40	129	116.5	117.5	39.5	40.5
#808080	118	40	129	117.5	118.5	39.5	40.5
#7F7F7F	119	40	128	118.5	119.5	39.5	40.5
#7F7F7F	120	40	128	119.5	120.5	39.5	40.5
#7E7E7E	121	40	127	120.5	121.5	39.5	40.5
#7E7E7E	122	40	127	121.5	122.5	39.5	40.5
#7E7E7E	123	40	127	122.5	123.5	39.5	40.5
#7C7C7C	124	40	125	123.5	124.5	39.5	40.5
#7C7C7C	125	40	125	124.5	125.5	39.5	40.5
#7C7C7C	126	40	125	125.5	126.5	39.5	40.5
#7B7B7B	127	40	124	126.5	127.5	39.5	40.5
#787878	128	40	121	127.5	128.5	39.5	40.5
#777777	129	40	120	128.5	129.5	39.5	40.5
#757575	130	40	118	129.5	130.5	39.5	40.5
#767676	131	40	119	130.5	131.5	39.5	40.5
#757575	132	40	118	131.5	132.5	39.5	40.5
#757575	133	40	118	132.5	133.5	39.5	40.5
#747474	134	40	117	133.5	134.5	39.5	40.5
#737373	135	40	116	134.5	135.5	39.5	40.5
#737373	136	40	116	135.5	136.5	39.5	40.5
#727272	137	40	115	136.5	137.5	39.5	40.5
#727272	138	40	115	137.5	138.5	39.5	40.5
#727272	139	40	115	138.5	139.5	39.5	40.5
#707070	0	39	113	-0.5	0.5	38.5	39.5
#969696	1	39	151	0.5	1.5	38.5	39.5
#959595	2	39	150	1.5	2.5	38.5	39.5
#989898	3	39	153	2.5	3.5	38.5	39.5
#9B9B9B	4	39	156	3.5	4.5	38.5	39.5
#9B9B9B	5	39	156	4.5	5.5	38.5	39.5
#9B9B9B	6	39	156	5.5	6.5	38.5	39.5
#9D9D9D	7	39	158	6.5	7.5	38.5	39.5
#9F9F9F	8	39	160	7.5	8.5	38.5	39.5
#A2A2A2	9	39	163	8.5	9.5	38.5	39.5
#A2A2A2	10	39	163	9.5	10.5	38.5	39.5
#A2A2A2	11	39	163	10.5	11.5	38.5	39.5
#A2A2A2	12	39	163	11.5	12.5	38.5	39.5
#A2A2A2	13	39	163	12.5	13.5	38.5	39.5
#A3A3A3	14	39	164	13.5	14.5	38.5	39.5
#A3A3A3	15	39	164	14.5	15.5	38.5	39.5
#A5A5A5	16	39	166	15.5	16.5	38.5	39.5
#A5A5A5	17	39	166	16.5	17.5	38.5	39.5
#A7A7A7	18	39	168	17.5	18.5	38.5	39.5
#A8A8A8	19	39	169	18.5	19.5	38.5	39.5
#A7A7A7	20	39	168	19.5	20.5	38.5	39.5
#A3A3A3	21	39	164	20.5	21.5	38.5	39.5
#9F9F9F	22	39	160	21.5	22.5	38.5	39.5
#999999	23	39	154	22.5	23.5	38.5	39.5
#959595	24	39	150	23.5	24.5	38.5	39.5
#8D8D8D	25	39	142	24.5	25.5	38.5	39.5
#898989	26	39	138	25.5	26.5	38.5	39.5
#868686	27	39	135	26.5	27.5	38.5	39.5
#7E7E7E	28	39	127	27.5	28.5	38.5	39.5
#7C7C7C	29	39	125	28.5	29.5	38.5	39.5
#777777	30	39	120	29.5	30.5	38.5	39.5
#707070	31	39	113	30.5	31.5	38.5	39.5
#686868	32	39	105	31.5	32.5	38.5	39.5
#6A6A6A	33	39	107	32.5	33.5	38.5	39.5
#747474	34	39	117	33.5	34.5	38.5	39.5
#787878	35	39	121	34.5	35.5	38.5	39.5
#808080	36	39	129	35.5	36.5	38.5	39.5
#7A7A7A	37	39	123	36.5	37.5	38.5	39.5
#7D7D7D	38	39	126	37.5	38.5	38.5	39.5
#777777	39	39	120	38.5	39.5	38.5	39.5
#6B6B6B	40	39	108	39.5	40.5	38.5	39.5
#646464	41	39	101	40.5	41.5	38.5	39.5
#676767	42	39	104	41.5	42.5	38.5	39.5
#757575	43	39	118	42.5	43.5	38.5	39.5
#7A7A7A	44	39	123	43.5	44.5	38.5	39.5
#7E7E7E	45	39	127	44.5	45.5	38.5	39.5
#6E6E6E	46	39	111	45.5	46.5	38.5	39.5
#626262	47	39	99	46.5	47.5	38.5	39.5
#686868	48	39	105	47.5	48.5	38.5	39.5
#797979	49	39	122	48.5	49.5	38.5	39.5
#7E7E7E	50	39	127	49.5	50.5	38.5	39.5
#868686	51	39	135	50.5	51.5	38.5	39.5
#8D8D8D	52	39	142	51.5	52.5	38.5	39.5
#949494	53	39	149	52.5	53.5	38.5	39.5
#999999	54	39	154	53.5	54.5	38.5	39.5
#9F9F9F	55	39	160	54.5	55.5	38.5	39.5
#A1A1A1	56	39	162	55.5	56.5	38.5	39.5
#A5A5A5	57	39	166	56.5	57.5	38.5	39.5
#A7A7A7	58	39	168	57.5	58.5	38.5	39.5
#A6A6A6	59	39	167	58.5	59.5	38.5	39.5
#A7A7A7	60	39	168	59.5	60.5	38.5	39.5
#A8A8A8	61	39	169	60.5	61.5	38.5	39.5
#A8A8A8	62	39	169	61.5	62.5	38.5	39.5
#A8A8A8	63	39	169	62.5	63.5	38.5	39.5
#A9A9A9	64	39	170	63.5	64.5	38.5	39.5
#AAAAAA	65	39	171	64.5	65.5	38.5	39.5
#AAAAAA	66	39	171	65.5	66.5	38.5	39.5
#A9A9A9	67	39	170	66.5	67.5	38.5	39.5
#A8A8A8	68	39	169	67.5	68.5	38.5	39.5
#A6A6A6	69	39	167	68.5	69.5	38.5	39.5
#A5A5A5	70	39	166	69.5	70.5	38.5	39.5
#A2A2A2	71	39	163	70.5	71.5	38.5	39.5
#A2A2A2	72	39	163	71.5	72.5	38.5	39.5
#A1A1A1	73	39	162	72.5	73.5	38.5	39.5
#9F9F9F	74	39	160	73.5	74.5	38.5	39.5
#9E9E9E	75	39	159	74.5	75.5	38.5	39.5
#9B9B9B	76	39	156	75.5	76.5	38.5	39.5
#989898	77	39	153	76.5	77.5	38.5	39.5
#949494	78	39	149	77.5	78.5	38.5	39.5
#909090	79	39	145	78.5	79.5	38.5	39.5
#8D8D8D	80	39	142	79.5	80.5	38.5	39.5
#8C8C8C	81	39	141	80.5	81.5	38.5	39.5
#878787	82	39	136	81.5	82.5	38.5	39.5
#818181	83	39	130	82.5	83.5	38.5	39.5
#7D7D7D	84	39	126	83.5	84.5	38.5	39.5
#797979	85	39	122	84.5	85.5	38.5	39.5
#7C7C7C	86	39	125	85.5	86.5	38.5	39.5
#828282	87	39	131	86.5	87.5	38.5	39.5
#838383	88	39	132	87.5	88.5	38.5	39.5
#7D7D7D	89	39	126	88.5	89.5	38.5	39.5
#797979	90	39	122	89.5	90.5	38.5	39.5
#7D7D7D	91	39	126	90.5	91.5	38.5	39.5
#7B7B7B	92	39	124	91.5	92.5	38.5	39.5
#7C7C7C	93	39	125	92.5	93.5	38.5	39.5
#787878	94	39	121	93.5	94.5	38.5	39.5
#646464	95	39	101	94.5	95.5	38.5	39.5
#5B5B5B	96	39	92	95.5	96.5	38.5	39.5
#5A5A5A	97	39	91	96.5	97.5	38.5	39.5
#5B5B5B	98	39	92	97.5	98.5	38.5	39.5
#525252	99	39	83	98.5	99.5	38.5	39.5
#585858	100	39	89	99.5	100.5	38.5	39.5
#646464	101	39	101	100.5	101.5	38.5	39.5
#6D6D6D	102	39	110	101.5	102.5	38.5	39.5
#737373	103	39	116	102.5	103.5	38.5	39.5
#737373	104	39	116	103.5	104.5	38.5	39.5
#767676	105	39	119	104.5	105.5	38.5	39.5
#7B7B7B	106	39	124	105.5	106.5	38.5	39.5
#808080	107	39	129	106.5	107.5	38.5	39.5
#828282	108	39	131	107.5	108.5	38.5	39.5
#878787	109	39	136	108.5	109.5	38.5	39.5
#8D8D8D	110	39	142	109.5	110.5	38.5	39.5
#8D8D8D	111	39	142	110.5	111.5	38.5	39.5
#8A8A8A	112	39	139	111.5	112.5	38.5	39.5
#888888	113	39	137	112.5	113.5	38.5	39.5
#878787	114	39	136	113.5	114.5	38.5	39.5
#848484	115	39	133	114.5	115.5	38.5	39.5
#818181	116	39	130	115.5	116.5	38.5	39.5
#808080	117	39	129	116.5	117.5	38.5	39.5
#818181	118	39	130	117.5	118.5	38.5	39.5
#818181	119	39	130	118.5	119.5	38.5	39.5
#808080	120	39	129	119.5	120.5	38.5	39.5
#818181	121	39	130	120.5	121.5	38.5	39.5
#808080	122	39	129	121.5	122.5	38.5	39.5
#7E7E7E	123	39	127	122.5	123.5	38.5	39.5
#7D7D7D	124	39	126	123.5	124.5	38.5	39.5
#7D7D7D	125	39	126	124.5	125.5	38.5	39.5
#7D7D7D	126	39	126	125.5	126.5	38.5	39.5
#7A7A7A	127	39	123	126.5	127.5	38.5	39.5
#787878	128	39	121	127.5	128.5	38.5	39.5
#787878	129	39	121	128.5	129.5	38.5	39.5
#777777	130	39	120	129.5	130.5	38.5	39.5
#777777	131	39	120	130.5	131.5	38.5	39.5
#777777	132	39	120	131.5	132.5	38.5	39.5
#757575	133	39	118	132.5	133.5	38.5	39.5
#747474	134	39	117	133.5	134.5	38.5	39.5
#747474	135	39	117	134.5	135.5	38.5	39.5
#747474	136	39	117	135.5	136.5	38.5	39.5
#727272	137	39	115	136.5	137.5	38.5	39.5
#727272	138	39	115	137.5	138.5	38.5	39.5
#727272	139	39	115	138.5	139.5	38.5	39.5
#717171	0	38	114	-0.5	0.5	37.5	38.5
#979797	1	38	152	0.5	1.5	37.5	38.5
#979797	2	38	152	1.5	2.5	37.5	38.5
#999999	3	38	154	2.5	3.5	37.5	38.5
#999999	4	38	154	3.5	4.5	37.5	38.5
#9B9B9B	5	38	156	4.5	5.5	37.5	38.5
#9D9D9D	6	38	158	5.5	6.5	37.5	38.5
#9E9E9E	7	38	159	6.5	7.5	37.5	38.5
#A1A1A1	8	38	162	7.5	8.5	37.5	38.5
#A2A2A2	9	38	163	8.5	9.5	37.5	38.5
#A3A3A3	10	38	164	9.5	10.5	37.5	38.5
#A3A3A3	11	38	164	10.5	11.5	37.5	38.5
#A3A3A3	12	38	164	11.5	12.5	37.5	38.5
#A3A3A3	13	38	164	12.5	13.5	37.5	38.5
#A5A5A5	14	38	166	13.5	14.5	37.5	38.5
#A6A6A6	15	38	167	14.5	15.5	37.5	38.5
#A6A6A6	16	38	167	15.5	16.5	37.5	38.5
#A6A6A6	17	38	167	16.5	17.5	37.5	38.5
#A8A8A8	18	38	169	17.5	18.5	37.5	38.5
#A9A9A9	19	38	170	18.5	19.5	37.5	38.5
#A8A8A8	20	38	169	19.5	20.5	37.5	38.5
#A5A5A5	21	38	166	20.5	21.5	37.5	38.5
#9F9F9F	22	38	160	21.5	22.5	37.5	38.5
#999999	23	38	154	22.5	23.5	37.5	38.5
#8F8F8F	24	38	144	23.5	24.5	37.5	38.5
#8B8B8B	25	38	140	24.5	25.5	37.5	38.5
#8C8C8C	26	38	141	25.5	26.5	37.5	38.5
#909090	27	38	145	26.5	27.5	37.5	38.5
#828282	28	38	131	27.5	28.5	37.5	38.5
#757575	29	38	118	28.5	29.5	37.5	38.5
#727272	30	38	115	29.5	30.5	37.5	38.5
#777777	31	38	120	30.5	31.5	37.5	38.5
#747474	32	38	117	31.5	32.5	37.5	38.5
#737373	33	38	116	32.5	33.5	37.5	38.5
#808080	34	38	129	33.5	34.5	37.5	38.5
#838383	35	38	132	34.5	35.5	37.5	38.5
#848484	36	38	133	35.5	36.5	37.5	38.5
#7C7C7C	37	38	125	36.5	37.5	37.5	38.5
#7D7D7D	38	38	126	37.5	38.5	37.5	38.5
#7B7B7B	39	38	124	38.5	39.5	37.5	38.5
#6E6E6E	40	38	111	39.5	40.5	37.5	38.5
#676767	41	38	104	40.5	41.5	37.5	38.5
#676767	42	38	104	41.5	42.5	37.5	38.5
#6A6A6A	43	38	107	42.5	43.5	37.5	38.5
#6F6F6F	44	38	112	43.5	44.5	37.5	38.5
#6E6E6E	45	38	111	44.5	45.5	37.5	38.5
#5D5D5D	46	38	94	45.5	46.5	37.5	38.5
#545454	47	38	85	46.5	47.5	37.5	38.5
#585858	48	38	89	47.5	48.5	37.5	38.5
#6C6C6C	49	38	109	48.5	49.5	37.5	38.5
#7B7B7B	50	38	124	49.5	50.5	37.5	38.5
#818181	51	38	130	50.5	51.5	37.5	38.5
#8C8C8C	52	38	141	51.5	52.5	37.5	38.5
#949494	53	38	149	52.5	53.5	37.5	38.5
#979797	54	38	152	53.5	54.5	37.5	38.5
#9F9F9F	55	38	160	54.5	55.5	37.5	38.5
#A2A2A2	56	38	163	55.5	56.5	37.5	38.5
#A6A6A6	57	38	167	56.5	57.5	37.5	38.5
#A8A8A8	58	38	169	57.5	58.5	37.5	38.5
#A9A9A9	59	38	170	58.5	59.5	37.5	38.5
#A9A9A9	60	38	170	59.5	60.5	37.5	38.5
#A8A8A8	61	38	169	60.5	61.5	37.5	38.5
#A8A8A8	62	38	169	61.5	62.5	37.5	38.5
#A9A9A9	63	38	170	62.5	63.5	37.5	38.5
#AAAAAA	64	38	171	63.5	64.5	37.5	38.5
#ABABAB	65	38	172	64.5	65.5	37.5	38.5
#ABABAB	66	38	172	65.5	66.5	37.5	38.5
#ABABAB	67	38	172	66.5	67.5	37.5	38.5
#AAAAAA	68	38	171	67.5	68.5	37.5	38.5
#A8A8A8	69	38	169	68.5	69.5	37.5	38.5
#A7A7A7	70	38	168	69.5	70.5	37.5	38.5
#A4A4A4	71	38	165	70.5	71.5	37.5	38.5
#A3A3A3	72	38	164	71.5	72.5	37.5	38.5
#A4A4A4	73	38	165	72.5	73.5	37.5	38.5
#A1A1A1	74	38	162	73.5	74.5	37.5	38.5
#9F9F9F	75	38	160	74.5	75.5	37.5	38.5
#9C9C9C	76	38	157	75.5	76.5	37.5	38.5
#999999	77	38	154	76.5	77.5	37.5	38.5
#939393	78	38	148	77.5	78.5	37.5	38.5
#919191	79	38	146	78.5	79.5	37.5	38.5
#8F8F8F	80	38	144	79.5	80.5	37.5	38.5
#8E8E8E	81	38	143	80.5	81.5	37.5	38.5
#898989	82	38	138	81.5	82.5	37.5	38.5
#858585	83	38	134	82.5	83.5	37.5	38.5
#818181	84	38	130	83.5	84.5	37.5	38.5
#7B7B7B	85	38	124	84.5	85.5	37.5	38.5
#7A7A7A	86	38	123	85.5	86.5	37.5	38.5
#7D7D7D	87	38	126	86.5	87.5	37.5	38.5
#838383	88	38	132	87.5	88.5	37.5	38.5
#828282	89	38	131	88.5	89.5	37.5	38.5
#7A7A7A	90	38	123	89.5	90.5	37.5	38.5
#7B7B7B	91	38	124	90.5	91.5	37.5	38.5
#7F7F7F	92	38	128	91.5	92.5	37.5	38.5
#7F7F7F	93	38	128	92.5	93.5	37.5	38.5
#7E7E7E	94	38	127	93.5	94.5	37.5	38.5
#737373	95	38	116	94.5	95.5	37.5	38.5
#5F5F5F	96	38	96	95.5	96.5	37.5	38.5
#5B5B5B	97	38	92	96.5	97.5	37.5	38.5
#626262	98	38	99	97.5	98.5	37.5	38.5
#595959	99	38	90	98.5	99.5	37.5	38.5
#535353	100	38	84	99.5	100.5	37.5	38.5
#5F5F5F	101	38	96	100.5	101.5	37.5	38.5
#6D6D6D	102	38	110	101.5	102.5	37.5	38.5
#737373	103	38	116	102.5	103.5	37.5	38.5
#777777	104	38	120	103.5	104.5	37.5	38.5
#787878	105	38	121	104.5	105.5	37.5	38.5
#818181	106	38	130	105.5	106.5	37.5	38.5
#848484	107	38	133	106.5	107.5	37.5	38.5
#848484	108	38	133	107.5	108.5	37.5	38.5
#878787	109	38	136	108.5	109.5	37.5	38.5
#8D8D8D	110	38	142	109.5	110.5	37.5	38.5
#8F8F8F	111	38	144	110.5	111.5	37.5	38.5
#8A8A8A	112	38	139	111.5	112.5	37.5	38.5
#888888	113	38	137	112.5	113.5	37.5	38.5
#898989	114	38	138	113.5	114.5	37.5	38.5
#878787	115	38	136	114.5	115.5	37.5	38.5
#818181	116	38	130	115.5	116.5	37.5	38.5
#818181	117	38	130	116.5	117.5	37.5	38.5
#828282	118	38	131	117.5	118.5	37.5	38.5
#828282	119	38	131	118.5	119.5	37.5	38.5
#818181	120	38	130	119.5	120.5	37.5	38.5
#828282	121	38	131	120.5	121.5	37.5	38.5
#828282	122	38	131	121.5	122.5	37.5	38.5
#818181	123	38	130	122.5	123.5	37.5	38.5
#7F7F7F	124	38	128	123.5	124.5	37.5	38.5
#7F7F7F	125	38	128	124.5	125.5	37.5	38.5
#7D7D7D	126	38	126	125.5	126.5	37.5	38.5
#7B7B7B	127	38	124	126.5	127.5	37.5	38.5
#7A7A7A	128	38	123	127.5	128.5	37.5	38.5
#797979	129	38	122	128.5	129.5	37.5	38.5
#787878	130	38	121	129.5	130.5	37.5	38.5
#787878	131	38	121	130.5	131.5	37.5	38.5
#787878	132	38	121	131.5	132.5	37.5	38.5
#767676	133	38	119	132.5	133.5	37.5	38.5
#767676	134	38	119	133.5	134.5	37.5	38.5
#757575	135	38	118	134.5	135.5	37.5	38.5
#757575	136	38	118	135.5	136.5	37.5	38.5
#747474	137	38	117	136.5	137.5	37.5	38.5
#737373	138	38	116	137.5	138.5	37.5	38.5
#737373	139	38	116	138.5	139.5	37.5	38.5
#717171	0	37	114	-0.5	0.5	36.5	37.5
#969696	1	37	151	0.5	1.5	36.5	37.5
#969696	2	37	151	1.5	2.5	36.5	37.5
#999999	3	37	154	2.5	3.5	36.5	37.5
#9B9B9B	4	37	156	3.5	4.5	36.5	37.5
#9D9D9D	5	37	158	4.5	5.5	36.5	37.5
#9D9D9D	6	37	158	5.5	6.5	36.5	37.5
#9E9E9E	7	37	159	6.5	7.5	36.5	37.5
#A1A1A1	8	37	162	7.5	8.5	36.5	37.5
#A2A2A2	9	37	163	8.5	9.5	36.5	37.5
#A3A3A3	10	37	164	9.5	10.5	36.5	37.5
#A4A4A4	11	37	165	10.5	11.5	36.5	37.5
#A3A3A3	12	37	164	11.5	12.5	36.5	37.5
#A4A4A4	13	37	165	12.5	13.5	36.5	37.5
#A5A5A5	14	37	166	13.5	14.5	36.5	37.5
#A6A6A6	15	37	167	14.5	15.5	36.5	37.5
#A7A7A7	16	37	168	15.5	16.5	36.5	37.5
#A9A9A9	17	37	170	16.5	17.5	36.5	37.5
#AAAAAA	18	37	171	17.5	18.5	36.5	37.5
#AAAAAA	19	37	171	18.5	19.5	36.5	37.5
#A9A9A9	20	37	170	19.5	20.5	36.5	37.5
#A6A6A6	21	37	167	20.5	21.5	36.5	37.5
#9F9F9F	22	37	160	21.5	22.5	36.5	37.5
#949494	23	37	149	22.5	23.5	36.5	37.5
#8C8C8C	24	37	141	23.5	24.5	36.5	37.5
#8F8F8F	25	37	144	24.5	25.5	36.5	37.5
#8B8B8B	26	37	140	25.5	26.5	36.5	37.5
#8D8D8D	27	37	142	26.5	27.5	36.5	37.5
#7A7A7A	28	37	123	27.5	28.5	36.5	37.5
#737373	29	37	116	28.5	29.5	36.5	37.5
#7A7A7A	30	37	123	29.5	30.5	36.5	37.5
#838383	31	37	132	30.5	31.5	36.5	37.5
#848484	32	37	133	31.5	32.5	36.5	37.5
#7A7A7A	33	37	123	32.5	33.5	36.5	37.5
#797979	34	37	122	33.5	34.5	36.5	37.5
#818181	35	37	130	34.5	35.5	36.5	37.5
#7F7F7F	36	37	128	35.5	36.5	36.5	37.5
#7B7B7B	37	37	124	36.5	37.5	36.5	37.5
#757575	38	37	118	37.5	38.5	36.5	37.5
#737373	39	37	116	38.5	39.5	36.5	37.5
#737373	40	37	116	39.5	40.5	36.5	37.5
#6F6F6F	41	37	112	40.5	41.5	36.5	37.5
#6E6E6E	42	37	111	41.5	42.5	36.5	37.5
#6E6E6E	43	37	111	42.5	43.5	36.5	37.5
#686868	44	37	105	43.5	44.5	36.5	37.5
#646464	45	37	101	44.5	45.5	36.5	37.5
#5E5E5E	46	37	95	45.5	46.5	36.5	37.5
#545454	47	37	85	46.5	47.5	36.5	37.5
#5C5C5C	48	37	93	47.5	48.5	36.5	37.5
#777777	49	37	120	48.5	49.5	36.5	37.5
#818181	50	37	130	49.5	50.5	36.5	37.5
#878787	51	37	136	50.5	51.5	36.5	37.5
#8F8F8F	52	37	144	51.5	52.5	36.5	37.5
#959595	53	37	150	52.5	53.5	36.5	37.5
#9B9B9B	54	37	156	53.5	54.5	36.5	37.5
#9F9F9F	55	37	160	54.5	55.5	36.5	37.5
#A3A3A3	56	37	164	55.5	56.5	36.5	37.5
#A7A7A7	57	37	168	56.5	57.5	36.5	37.5
#AAAAAA	58	37	171	57.5	58.5	36.5	37.5
#A9A9A9	59	37	170	58.5	59.5	36.5	37.5
#AAAAAA	60	37	171	59.5	60.5	36.5	37.5
#AAAAAA	61	37	171	60.5	61.5	36.5	37.5
#ACACAC	62	37	173	61.5	62.5	36.5	37.5
#ADADAD	63	37	174	62.5	63.5	36.5	37.5
#ACACAC	64	37	173	63.5	64.5	36.5	37.5
#ACACAC	65	37	173	64.5	65.5	36.5	37.5
#ACACAC	66	37	173	65.5	66.5	36.5	37.5
#ADADAD	67	37	174	66.5	67.5	36.5	37.5
#ABABAB	68	37	172	67.5	68.5	36.5	37.5
#A8A8A8	69	37	169	68.5	69.5	36.5	37.5
#A8A8A8	70	37	169	69.5	70.5	36.5	37.5
#A6A6A6	71	37	167	70.5	71.5	36.5	37.5
#A4A4A4	72	37	165	71.5	72.5	36.5	37.5
#A4A4A4	73	37	165	72.5	73.5	36.5	37.5
#A3A3A3	74	37	164	73.5	74.5	36.5	37.5
#A2A2A2	75	37	163	74.5	75.5	36.5	37.5
#9E9E9E	76	37	159	75.5	76.5	36.5	37.5
#9A9A9A	77	37	155	76.5	77.5	36.5	37.5
#939393	78	37	148	77.5	78.5	36.5	37.5
#929292	79	37	147	78.5	79.5	36.5	37.5
#919191	80	37	146	79.5	80.5	36.5	37.5
#919191	81	37	146	80.5	81.5	36.5	37.5
#8D8D8D	82	37	142	81.5	82.5	36.5	37.5
#858585	83	37	134	82.5	83.5	36.5	37.5
#848484	84	37	133	83.5	84.5	36.5	37.5
#7E7E7E	85	37	127	84.5	85.5	36.5	37.5
#7C7C7C	86	37	125	85.5	86.5	36.5	37.5
#7A7A7A	87	37	123	86.5	87.5	36.5	37.5
#818181	88	37	130	87.5	88.5	36.5	37.5
#828282	89	37	131	88.5	89.5	36.5	37.5
#7C7C7C	90	37	125	89.5	90.5	36.5	37.5
#797979	91	37	122	90.5	91.5	36.5	37.5
#7B7B7B	92	37	124	91.5	92.5	36.5	37.5
#818181	93	37	130	92.5	93.5	36.5	37.5
#818181	94	37	130	93.5	94.5	36.5	37.5
#797979	95	37	122	94.5	95.5	36.5	37.5
#727272	96	37	115	95.5	96.5	36.5	37.5
#656565	97	37	102	96.5	97.5	36.5	37.5
#5D5D5D	98	37	94	97.5	98.5	36.5	37.5
#5E5E5E	99	37	95	98.5	99.5	36.5	37.5
#5B5B5B	100	37	92	99.5	100.5	36.5	37.5
#646464	101	37	101	100.5	101.5	36.5	37.5
#696969	102	37	106	101.5	102.5	36.5	37.5
#6C6C6C	103	37	109	102.5	103.5	36.5	37.5
#787878	104	37	121	103.5	104.5	36.5	37.5
#7F7F7F	105	37	128	104.5	105.5	36.5	37.5
#848484	106	37	133	105.5	106.5	36.5	37.5
#878787	107	37	136	106.5	107.5	36.5	37.5
#878787	108	37	136	107.5	108.5	36.5	37.5
#868686	109	37	135	108.5	109.5	36.5	37.5
#8E8E8E	110	37	143	109.5	110.5	36.5	37.5
#8F8F8F	111	37	144	110.5	111.5	36.5	37.5
#898989	112	37	138	111.5	112.5	36.5	37.5
#888888	113	37	137	112.5	113.5	36.5	37.5
#8B8B8B	114	37	140	113.5	114.5	36.5	37.5
#898989	115	37	138	114.5	115.5	36.5	37.5
#848484	116	37	133	115.5	116.5	36.5	37.5
#828282	117	37	131	116.5	117.5	36.5	37.5
#848484	118	37	133	117.5	118.5	36.5	37.5
#848484	119	37	133	118.5	119.5	36.5	37.5
#838383	120	37	132	119.5	120.5	36.5	37.5
#828282	121	37	131	120.5	121.5	36.5	37.5
#838383	122	37	132	121.5	122.5	36.5	37.5
#838383	123	37	132	122.5	123.5	36.5	37.5
#818181	124	37	130	123.5	124.5	36.5	37.5
#818181	125	37	130	124.5	125.5	36.5	37.5
#7F7F7F	126	37	128	125.5	126.5	36.5	37.5
#7C7C7C	127	37	125	126.5	127.5	36.5	37.5
#7B7B7B	128	37	124	127.5	128.5	36.5	37.5
#7A7A7A	129	37	123	128.5	129.5	36.5	37.5
#797979	130	37	122	129.5	130.5	36.5	37.5
#787878	131	37	121	130.5	131.5	36.5	37.5
#7A7A7A	132	37	123	131.5	132.5	36.5	37.5
#797979	133	37	122	132.5	133.5	36.5	37.5
#787878	134	37	121	133.5	134.5	36.5	37.5
#777777	135	37	120	134.5	135.5	36.5	37.5
#767676	136	37	119	135.5	136.5	36.5	37.5
#757575	137	37	118	136.5	137.5	36.5	37.5
#737373	138	37	116	137.5	138.5	36.5	37.5
#737373	139	37	116	138.5	139.5	36.5	37.5
#717171	0	36	114	-0.5	0.5	35.5	36.5
#979797	1	36	152	0.5	1.5	35.5	36.5
#989898	2	36	153	1.5	2.5	35.5	36.5
#9A9A9A	3	36	155	2.5	3.5	35.5	36.5
#9C9C9C	4	36	157	3.5	4.5	35.5	36.5
#9D9D9D	5	36	158	4.5	5.5	35.5	36.5
#9D9D9D	6	36	158	5.5	6.5	35.5	36.5
#9E9E9E	7	36	159	6.5	7.5	35.5	36.5
#A1A1A1	8	36	162	7.5	8.5	35.5	36.5
#A3A3A3	9	36	164	8.5	9.5	35.5	36.5
#A4A4A4	10	36	165	9.5	10.5	35.5	36.5
#A4A4A4	11	36	165	10.5	11.5	35.5	36.5
#A3A3A3	12	36	164	11.5	12.5	35.5	36.5
#A6A6A6	13	36	167	12.5	13.5	35.5	36.5
#A7A7A7	14	36	168	13.5	14.5	35.5	36.5
#A6A6A6	15	36	167	14.5	15.5	35.5	36.5
#A8A8A8	16	36	169	15.5	16.5	35.5	36.5
#ABABAB	17	36	172	16.5	17.5	35.5	36.5
#ADADAD	18	36	174	17.5	18.5	35.5	36.5
#ADADAD	19	36	174	18.5	19.5	35.5	36.5
#A9A9A9	20	36	170	19.5	20.5	35.5	36.5
#A5A5A5	21	36	166	20.5	21.5	35.5	36.5
#999999	22	36	154	21.5	22.5	35.5	36.5
#919191	23	36	146	22.5	23.5	35.5	36.5
#8B8B8B	24	36	140	23.5	24.5	35.5	36.5
#8B8B8B	25	36	140	24.5	25.5	35.5	36.5
#898989	26	36	138	25.5	26.5	35.5	36.5
#8A8A8A	27	36	139	26.5	27.5	35.5	36.5
#828282	28	36	131	27.5	28.5	35.5	36.5
#808080	29	36	129	28.5	29.5	35.5	36.5
#828282	30	36	131	29.5	30.5	35.5	36.5
#838383	31	36	132	30.5	31.5	35.5	36.5
#898989	32	36	138	31.5	32.5	35.5	36.5
#7C7C7C	33	36	125	32.5	33.5	35.5	36.5
#787878	34	36	121	33.5	34.5	35.5	36.5
#828282	35	36	131	34.5	35.5	35.5	36.5
#797979	36	36	122	35.5	36.5	35.5	36.5
#727272	37	36	115	36.5	37.5	35.5	36.5
#6F6F6F	38	36	112	37.5	38.5	35.5	36.5
#717171	39	36	114	38.5	39.5	35.5	36.5
#6F6F6F	40	36	112	39.5	40.5	35.5	36.5
#747474	41	36	117	40.5	41.5	35.5	36.5
#757575	42	36	118	41.5	42.5	35.5	36.5
#717171	43	36	114	42.5	43.5	35.5	36.5
#717171	44	36	114	43.5	44.5	35.5	36.5
#6F6F6F	45	36	112	44.5	45.5	35.5	36.5
#6A6A6A	46	36	107	45.5	46.5	35.5	36.5
#5F5F5F	47	36	96	46.5	47.5	35.5	36.5
#676767	48	36	104	47.5	48.5	35.5	36.5
#828282	49	36	131	48.5	49.5	35.5	36.5
#8B8B8B	50	36	140	49.5	50.5	35.5	36.5
#8F8F8F	51	36	144	50.5	51.5	35.5	36.5
#929292	52	36	147	51.5	52.5	35.5	36.5
#969696	53	36	151	52.5	53.5	35.5	36.5
#9E9E9E	54	36	159	53.5	54.5	35.5	36.5
#A3A3A3	55	36	164	54.5	55.5	35.5	36.5
#A5A5A5	56	36	166	55.5	56.5	35.5	36.5
#A9A9A9	57	36	170	56.5	57.5	35.5	36.5
#ACACAC	58	36	173	57.5	58.5	35.5	36.5
#A9A9A9	59	36	170	58.5	59.5	35.5	36.5
#AAAAAA	60	36	171	59.5	60.5	35.5	36.5
#ACACAC	61	36	173	60.5	61.5	35.5	36.5
#ACACAC	62	36	173	61.5	62.5	35.5	36.5
#AEAEAE	63	36	175	62.5	63.5	35.5	36.5
#AEAEAE	64	36	175	63.5	64.5	35.5	36.5
#AEAEAE	65	36	175	64.5	65.5	35.5	36.5
#AEAEAE	66	36	175	65.5	66.5	35.5	36.5
#AEAEAE	67	36	175	66.5	67.5	35.5	36.5
#ACACAC	68	36	173	67.5	68.5	35.5	36.5
#ABABAB	69	36	172	68.5	69.5	35.5	36.5
#ABABAB	70	36	172	69.5	70.5	35.5	36.5
#A8A8A8	71	36	169	70.5	71.5	35.5	36.5
#A7A7A7	72	36	168	71.5	72.5	35.5	36.5
#A6A6A6	73	36	167	72.5	73.5	35.5	36.5
#A5A5A5	74	36	166	73.5	74.5	35.5	36.5
#A4A4A4	75	36	165	74.5	75.5	35.5	36.5
#A0A0A0	76	36	161	75.5	76.5	35.5	36.5
#9B9B9B	77	36	156	76.5	77.5	35.5	36.5
#949494	78	36	149	77.5	78.5	35.5	36.5
#939393	79	36	148	78.5	79.5	35.5	36.5
#919191	80	36	146	79.5	80.5	35.5	36.5
#939393	81	36	148	80.5	81.5	35.5	36.5
#929292	82	36	147	81.5	82.5	35.5	36.5
#888888	83	36	137	82.5	83.5	35.5	36.5
#868686	84	36	135	83.5	84.5	35.5	36.5
#818181	85	36	130	84.5	85.5	35.5	36.5
#818181	86	36	130	85.5	86.5	35.5	36.5
#7E7E7E	87	36	127	86.5	87.5	35.5	36.5
#828282	88	36	131	87.5	88.5	35.5	36.5
#828282	89	36	131	88.5	89.5	35.5	36.5
#7D7D7D	90	36	126	89.5	90.5	35.5	36.5
#7A7A7A	91	36	123	90.5	91.5	35.5	36.5
#7A7A7A	92	36	123	91.5	92.5	35.5	36.5
#828282	93	36	131	92.5	93.5	35.5	36.5
#858585	94	36	134	93.5	94.5	35.5	36.5
#808080	95	36	129	94.5	95.5	35.5	36.5
#787878	96	36	121	95.5	96.5	35.5	36.5
#727272	97	36	115	96.5	97.5	35.5	36.5
#696969	98	36	106	97.5	98.5	35.5	36.5
#606060	99	36	97	98.5	99.5	35.5	36.5
#5C5C5C	100	36	93	99.5	100.5	35.5	36.5
#646464	101	36	101	100.5	101.5	35.5	36.5
#696969	102	36	106	101.5	102.5	35.5	36.5
#6C6C6C	103	36	109	102.5	103.5	35.5	36.5
#7A7A7A	104	36	123	103.5	104.5	35.5	36.5
#858585	105	36	134	104.5	105.5	35.5	36.5
#868686	106	36	135	105.5	106.5	35.5	36.5
#898989	107	36	138	106.5	107.5	35.5	36.5
#8A8A8A	108	36	139	107.5	108.5	35.5	36.5
#888888	109	36	137	108.5	109.5	35.5	36.5
#909090	110	36	145	109.5	110.5	35.5	36.5
#909090	111	36	145	110.5	111.5	35.5	36.5
#8A8A8A	112	36	139	111.5	112.5	35.5	36.5
#898989	113	36	138	112.5	113.5	35.5	36.5
#8B8B8B	114	36	140	113.5	114.5	35.5	36.5
#8A8A8A	115	36	139	114.5	115.5	35.5	36.5
#878787	116	36	136	115.5	116.5	35.5	36.5
#838383	117	36	132	116.5	117.5	35.5	36.5
#848484	118	36	133	117.5	118.5	35.5	36.5
#858585	119	36	134	118.5	119.5	35.5	36.5
#848484	120	36	133	119.5	120.5	35.5	36.5
#858585	121	36	134	120.5	121.5	35.5	36.5
#858585	122	36	134	121.5	122.5	35.5	36.5
#838383	123	36	132	122.5	123.5	35.5	36.5
#828282	124	36	131	123.5	124.5	35.5	36.5
#808080	125	36	129	124.5	125.5	35.5	36.5
#7F7F7F	126	36	128	125.5	126.5	35.5	36.5
#7E7E7E	127	36	127	126.5	127.5	35.5	36.5
#7E7E7E	128	36	127	127.5	128.5	35.5	36.5
#7B7B7B	129	36	124	128.5	129.5	35.5	36.5
#797979	130	36	122	129.5	130.5	35.5	36.5
#797979	131	36	122	130.5	131.5	35.5	36.5
#7B7B7B	132	36	124	131.5	132.5	35.5	36.5
#797979	133	36	122	132.5	133.5	35.5	36.5
#787878	134	36	121	133.5	134.5	35.5	36.5
#787878	135	36	121	134.5	135.5	35.5	36.5
#767676	136	36	119	135.5	136.5	35.5	36.5
#757575	137	36	118	136.5	137.5	35.5	36.5
#747474	138	36	117	137.5	138.5	35.5	36.5
#747474	139	36	117	138.5	139.5	35.5	36.5
#737373	0	35	116	-0.5	0.5	34.5	35.5
#979797	1	35	152	0.5	1.5	34.5	35.5
#989898	2	35	153	1.5	2.5	34.5	35.5
#9A9A9A	3	35	155	2.5	3.5	34.5	35.5
#9D9D9D	4	35	158	3.5	4.5	34.5	35.5
#9E9E9E	5	35	159	4.5	5.5	34.5	35.5
#9F9F9F	6	35	160	5.5	6.5	34.5	35.5
#9E9E9E	7	35	159	6.5	7.5	34.5	35.5
#A2A2A2	8	35	163	7.5	8.5	34.5	35.5
#A4A4A4	9	35	165	8.5	9.5	34.5	35.5
#A5A5A5	10	35	166	9.5	10.5	34.5	35.5
#A4A4A4	11	35	165	10.5	11.5	34.5	35.5
#A5A5A5	12	35	166	11.5	12.5	34.5	35.5
#A8A8A8	13	35	169	12.5	13.5	34.5	35.5
#A8A8A8	14	35	169	13.5	14.5	34.5	35.5
#A8A8A8	15	35	169	14.5	15.5	34.5	35.5
#AAAAAA	16	35	171	15.5	16.5	34.5	35.5
#ADADAD	17	35	174	16.5	17.5	34.5	35.5
#AEAEAE	18	35	175	17.5	18.5	34.5	35.5
#ACACAC	19	35	173	18.5	19.5	34.5	35.5
#ABABAB	20	35	172	19.5	20.5	34.5	35.5
#A0A0A0	21	35	161	20.5	21.5	34.5	35.5
#969696	22	35	151	21.5	22.5	34.5	35.5
#939393	23	35	148	22.5	23.5	34.5	35.5
#878787	24	35	136	23.5	24.5	34.5	35.5
#858585	25	35	134	24.5	25.5	34.5	35.5
#898989	26	35	138	25.5	26.5	34.5	35.5
#8B8B8B	27	35	140	26.5	27.5	34.5	35.5
#919191	28	35	146	27.5	28.5	34.5	35.5
#868686	29	35	135	28.5	29.5	34.5	35.5
#808080	30	35	129	29.5	30.5	34.5	35.5
#7F7F7F	31	35	128	30.5	31.5	34.5	35.5
#868686	32	35	135	31.5	32.5	34.5	35.5
#7D7D7D	33	35	126	32.5	33.5	34.5	35.5
#797979	34	35	122	33.5	34.5	34.5	35.5
#7D7D7D	35	35	126	34.5	35.5	34.5	35.5
#717171	36	35	114	35.5	36.5	34.5	35.5
#6A6A6A	37	35	107	36.5	37.5	34.5	35.5
#696969	38	35	106	37.5	38.5	34.5	35.5
#6E6E6E	39	35	111	38.5	39.5	34.5	35.5
#737373	40	35	116	39.5	40.5	34.5	35.5
#777777	41	35	120	40.5	41.5	34.5	35.5
#737373	42	35	116	41.5	42.5	34.5	35.5
#6C6C6C	43	35	109	42.5	43.5	34.5	35.5
#777777	44	35	120	43.5	44.5	34.5	35.5
#767676	45	35	119	44.5	45.5	34.5	35.5
#6D6D6D	46	35	110	45.5	46.5	34.5	35.5
#656565	47	35	102	46.5	47.5	34.5	35.5
#787878	48	35	121	47.5	48.5	34.5	35.5
#929292	49	35	147	48.5	49.5	34.5	35.5
#989898	50	35	153	49.5	50.5	34.5	35.5
#989898	51	35	153	50.5	51.5	34.5	35.5
#999999	52	35	154	51.5	52.5	34.5	35.5
#9E9E9E	53	35	159	52.5	53.5	34.5	35.5
#A3A3A3	54	35	164	53.5	54.5	34.5	35.5
#A6A6A6	55	35	167	54.5	55.5	34.5	35.5
#A6A6A6	56	35	167	55.5	56.5	34.5	35.5
#ABABAB	57	35	172	56.5	57.5	34.5	35.5
#AEAEAE	58	35	175	57.5	58.5	34.5	35.5
#ACACAC	59	35	173	58.5	59.5	34.5	35.5
#ACACAC	60	35	173	59.5	60.5	34.5	35.5
#ADADAD	61	35	174	60.5	61.5	34.5	35.5
#ADADAD	62	35	174	61.5	62.5	34.5	35.5
#AEAEAE	63	35	175	62.5	63.5	34.5	35.5
#B0B0B0	64	35	177	63.5	64.5	34.5	35.5
#B0B0B0	65	35	177	64.5	65.5	34.5	35.5
#B0B0B0	66	35	177	65.5	66.5	34.5	35.5
#B0B0B0	67	35	177	66.5	67.5	34.5	35.5
#ADADAD	68	35	174	67.5	68.5	34.5	35.5
#ACACAC	69	35	173	68.5	69.5	34.5	35.5
#ACACAC	70	35	173	69.5	70.5	34.5	35.5
#A9A9A9	71	35	170	70.5	71.5	34.5	35.5
#A8A8A8	72	35	169	71.5	72.5	34.5	35.5
#A8A8A8	73	35	169	72.5	73.5	34.5	35.5
#A8A8A8	74	35	169	73.5	74.5	34.5	35.5
#A4A4A4	75	35	165	74.5	75.5	34.5	35.5
#A2A2A2	76	35	163	75.5	76.5	34.5	35.5
#9B9B9B	77	35	156	76.5	77.5	34.5	35.5
#989898	78	35	153	77.5	78.5	34.5	35.5
#959595	79	35	150	78.5	79.5	34.5	35.5
#929292	80	35	147	79.5	80.5	34.5	35.5
#959595	81	35	150	80.5	81.5	34.5	35.5
#959595	82	35	150	81.5	82.5	34.5	35.5
#8D8D8D	83	35	142	82.5	83.5	34.5	35.5
#8B8B8B	84	35	140	83.5	84.5	34.5	35.5
#878787	85	35	136	84.5	85.5	34.5	35.5
#858585	86	35	134	85.5	86.5	34.5	35.5
#838383	87	35	132	86.5	87.5	34.5	35.5
#818181	88	35	130	87.5	88.5	34.5	35.5
#818181	89	35	130	88.5	89.5	34.5	35.5
#7F7F7F	90	35	128	89.5	90.5	34.5	35.5
#7B7B7B	91	35	124	90.5	91.5	34.5	35.5
#7C7C7C	92	35	125	91.5	92.5	34.5	35.5
#818181	93	35	130	92.5	93.5	34.5	35.5
#868686	94	35	135	93.5	94.5	34.5	35.5
#828282	95	35	131	94.5	95.5	34.5	35.5
#787878	96	35	121	95.5	96.5	34.5	35.5
#6F6F6F	97	35	112	96.5	97.5	34.5	35.5
#727272	98	35	115	97.5	98.5	34.5	35.5
#6A6A6A	99	35	107	98.5	99.5	34.5	35.5
#606060	100	35	97	99.5	100.5	34.5	35.5
#636363	101	35	100	100.5	101.5	34.5	35.5
#676767	102	35	104	101.5	102.5	34.5	35.5
#6A6A6A	103	35	107	102.5	103.5	34.5	35.5
#777777	104	35	120	103.5	104.5	34.5	35.5
#888888	105	35	137	104.5	105.5	34.5	35.5
#898989	106	35	138	105.5	106.5	34.5	35.5
#8A8A8A	107	35	139	106.5	107.5	34.5	35.5
#8B8B8B	108	35	140	107.5	108.5	34.5	35.5
#8A8A8A	109	35	139	108.5	109.5	34.5	35.5
#929292	110	35	147	109.5	110.5	34.5	35.5
#929292	111	35	147	110.5	111.5	34.5	35.5
#8C8C8C	112	35	141	111.5	112.5	34.5	35.5
#898989	113	35	138	112.5	113.5	34.5	35.5
#8B8B8B	114	35	140	113.5	114.5	34.5	35.5
#8A8A8A	115	35	139	114.5	115.5	34.5	35.5
#8B8B8B	116	35	140	115.5	116.5	34.5	35.5
#878787	117	35	136	116.5	117.5	34.5	35.5
#868686	118	35	135	117.5	118.5	34.5	35.5
#868686	119	35	135	118.5	119.5	34.5	35.5
#858585	120	35	134	119.5	120.5	34.5	35.5
#858585	121	35	134	120.5	121.5	34.5	35.5
#858585	122	35	134	121.5	122.5	34.5	35.5
#868686	123	35	135	122.5	123.5	34.5	35.5
#848484	124	35	133	123.5	124.5	34.5	35.5
#808080	125	35	129	124.5	125.5	34.5	35.5
#7F7F7F	126	35	128	125.5	126.5	34.5	35.5
#7F7F7F	127	35	128	126.5	127.5	34.5	35.5
#7E7E7E	128	35	127	127.5	128.5	34.5	35.5
#7D7D7D	129	35	126	128.5	129.5	34.5	35.5
#7B7B7B	130	35	124	129.5	130.5	34.5	35.5
#7C7C7C	131	35	125	130.5	131.5	34.5	35.5
#7C7C7C	132	35	125	131.5	132.5	34.5	35.5
#7A7A7A	133	35	123	132.5	133.5	34.5	35.5
#7A7A7A	134	35	123	133.5	134.5	34.5	35.5
#797979	135	35	122	134.5	135.5	34.5	35.5
#777777	136	35	120	135.5	136.5	34.5	35.5
#777777	137	35	120	136.5	137.5	34.5	35.5
#757575	138	35	118	137.5	138.5	34.5	35.5
#747474	139	35	117	138.5	139.5	34.5	35.5
#727272	0	34	115	-0.5	0.5	33.5	34.5
#989898	1	34	153	0.5	1.5	33.5	34.5
#999999	2	34	154	1.5	2.5	33.5	34.5
#9B9B9B	3	34	156	2.5	3.5	33.5	34.5
#9C9C9C	4	34	157	3.5	4.5	33.5	34.5
#9D9D9D	5	34	158	4.5	5.5	33.5	34.5
#9E9E9E	6	34	159	5.5	6.5	33.5	34.5
#A0A0A0	7	34	161	6.5	7.5	33.5	34.5
#A3A3A3	8	34	164	7.5	8.5	33.5	34.5
#A4A4A4	9	34	165	8.5	9.5	33.5	34.5
#A5A5A5	10	34	166	9.5	10.5	33.5	34.5
#A4A4A4	11	34	165	10.5	11.5	33.5	34.5
#A6A6A6	12	34	167	11.5	12.5	33.5	34.5
#A8A8A8	13	34	169	12.5	13.5	33.5	34.5
#A9A9A9	14	34	170	13.5	14.5	33.5	34.5
#AAAAAA	15	34	171	14.5	15.5	33.5	34.5
#ADADAD	16	34	174	15.5	16.5	33.5	34.5
#AEAEAE	17	34	175	16.5	17.5	33.5	34.5
#AEAEAE	18	34	175	17.5	18.5	33.5	34.5
#ABABAB	19	34	172	18.5	19.5	33.5	34.5
#A7A7A7	20	34	168	19.5	20.5	33.5	34.5
#9D9D9D	21	34	158	20.5	21.5	33.5	34.5
#959595	22	34	150	21.5	22.5	33.5	34.5
#8E8E8E	23	34	143	22.5	23.5	33.5	34.5
#838383	24	34	132	23.5	24.5	33.5	34.5
#838383	25	34	132	24.5	25.5	33.5	34.5
#8E8E8E	26	34	143	25.5	26.5	33.5	34.5
#8C8C8C	27	34	141	26.5	27.5	33.5	34.5
#8F8F8F	28	34	144	27.5	28.5	33.5	34.5
#828282	29	34	131	28.5	29.5	33.5	34.5
#777777	30	34	120	29.5	30.5	33.5	34.5
#767676	31	34	119	30.5	31.5	33.5	34.5
#787878	32	34	121	31.5	32.5	33.5	34.5
#7A7A7A	33	34	123	32.5	33.5	33.5	34.5
#767676	34	34	119	33.5	34.5	33.5	34.5
#767676	35	34	119	34.5	35.5	33.5	34.5
#6F6F6F	36	34	112	35.5	36.5	33.5	34.5
#666666	37	34	103	36.5	37.5	33.5	34.5
#646464	38	34	101	37.5	38.5	33.5	34.5
#686868	39	34	105	38.5	39.5	33.5	34.5
#6F6F6F	40	34	112	39.5	40.5	33.5	34.5
#757575	41	34	118	40.5	41.5	33.5	34.5
#787878	42	34	121	41.5	42.5	33.5	34.5
#7E7E7E	43	34	127	42.5	43.5	33.5	34.5
#797979	44	34	122	43.5	44.5	33.5	34.5
#717171	45	34	114	44.5	45.5	33.5	34.5
#6D6D6D	46	34	110	45.5	46.5	33.5	34.5
#676767	47	34	104	46.5	47.5	33.5	34.5
#818181	48	34	130	47.5	48.5	33.5	34.5
#949494	49	34	149	48.5	49.5	33.5	34.5
#969696	50	34	151	49.5	50.5	33.5	34.5
#989898	51	34	153	50.5	51.5	33.5	34.5
#9B9B9B	52	34	156	51.5	52.5	33.5	34.5
#A0A0A0	53	34	161	52.5	53.5	33.5	34.5
#A5A5A5	54	34	166	53.5	54.5	33.5	34.5
#A5A5A5	55	34	166	54.5	55.5	33.5	34.5
#A7A7A7	56	34	168	55.5	56.5	33.5	34.5
#ADADAD	57	34	174	56.5	57.5	33.5	34.5
#AFAFAF	58	34	176	57.5	58.5	33.5	34.5
#AFAFAF	59	34	176	58.5	59.5	33.5	34.5
#AFAFAF	60	34	176	59.5	60.5	33.5	34.5
#AEAEAE	61	34	175	60.5	61.5	33.5	34.5
#AEAEAE	62	34	175	61.5	62.5	33.5	34.5
#AFAFAF	63	34	176	62.5	63.5	33.5	34.5
#AFAFAF	64	34	176	63.5	64.5	33.5	34.5
#AFAFAF	65	34	176	64.5	65.5	33.5	34.5
#AFAFAF	66	34	176	65.5	66.5	33.5	34.5
#AFAFAF	67	34	176	66.5	67.5	33.5	34.5
#AFAFAF	68	34	176	67.5	68.5	33.5	34.5
#ADADAD	69	34	174	68.5	69.5	33.5	34.5
#ACACAC	70	34	173	69.5	70.5	33.5	34.5
#ABABAB	71	34	172	70.5	71.5	33.5	34.5
#A9A9A9	72	34	170	71.5	72.5	33.5	34.5
#AAAAAA	73	34	171	72.5	73.5	33.5	34.5
#A9A9A9	74	34	170	73.5	74.5	33.5	34.5
#A7A7A7	75	34	168	74.5	75.5	33.5	34.5
#A2A2A2	76	34	163	75.5	76.5	33.5	34.5
#9B9B9B	77	34	156	76.5	77.5	33.5	34.5
#9C9C9C	78	34	157	77.5	78.5	33.5	34.5
#9D9D9D	79	34	158	78.5	79.5	33.5	34.5
#989898	80	34	153	79.5	80.5	33.5	34.5
#959595	81	34	150	80.5	81.5	33.5	34.5
#949494	82	34	149	81.5	82.5	33.5	34.5
#909090	83	34	145	82.5	83.5	33.5	34.5
#919191	84	34	146	83.5	84.5	33.5	34.5
#8E8E8E	85	34	143	84.5	85.5	33.5	34.5
#8A8A8A	86	34	139	85.5	86.5	33.5	34.5
#858585	87	34	134	86.5	87.5	33.5	34.5
#828282	88	34	131	87.5	88.5	33.5	34.5
#838383	89	34	132	88.5	89.5	33.5	34.5
#838383	90	34	132	89.5	90.5	33.5	34.5
#808080	91	34	129	90.5	91.5	33.5	34.5
#7E7E7E	92	34	127	91.5	92.5	33.5	34.5
#818181	93	34	130	92.5	93.5	33.5	34.5
#858585	94	34	134	93.5	94.5	33.5	34.5
#858585	95	34	134	94.5	95.5	33.5	34.5
#7C7C7C	96	34	125	95.5	96.5	33.5	34.5
#747474	97	34	117	96.5	97.5	33.5	34.5
#747474	98	34	117	97.5	98.5	33.5	34.5
#767676	99	34	119	98.5	99.5	33.5	34.5
#6B6B6B	100	34	108	99.5	100.5	33.5	34.5
#686868	101	34	105	100.5	101.5	33.5	34.5
#656565	102	34	102	101.5	102.5	33.5	34.5
#717171	103	34	114	102.5	103.5	33.5	34.5
#787878	104	34	121	103.5	104.5	33.5	34.5
#858585	105	34	134	104.5	105.5	33.5	34.5
#8B8B8B	106	34	140	105.5	106.5	33.5	34.5
#8C8C8C	107	34	141	106.5	107.5	33.5	34.5
#8C8C8C	108	34	141	107.5	108.5	33.5	34.5
#8D8D8D	109	34	142	108.5	109.5	33.5	34.5
#949494	110	34	149	109.5	110.5	33.5	34.5
#939393	111	34	148	110.5	111.5	33.5	34.5
#8D8D8D	112	34	142	111.5	112.5	33.5	34.5
#898989	113	34	138	112.5	113.5	33.5	34.5
#8C8C8C	114	34	141	113.5	114.5	33.5	34.5
#8C8C8C	115	34	141	114.5	115.5	33.5	34.5
#8E8E8E	116	34	143	115.5	116.5	33.5	34.5
#8A8A8A	117	34	139	116.5	117.5	33.5	34.5
#878787	118	34	136	117.5	118.5	33.5	34.5
#878787	119	34	136	118.5	119.5	33.5	34.5
#878787	120	34	136	119.5	120.5	33.5	34.5
#888888	121	34	137	120.5	121.5	33.5	34.5
#878787	122	34	136	121.5	122.5	33.5	34.5
#868686	123	34	135	122.5	123.5	33.5	34.5
#848484	124	34	133	123.5	124.5	33.5	34.5
#818181	125	34	130	124.5	125.5	33.5	34.5
#818181	126	34	130	125.5	126.5	33.5	34.5
#818181	127	34	130	126.5	127.5	33.5	34.5
#808080	128	34	129	127.5	128.5	33.5	34.5
#7E7E7E	129	34	127	128.5	129.5	33.5	34.5
#7D7D7D	130	34	126	129.5	130.5	33.5	34.5
#7D7D7D	131	34	126	130.5	131.5	33.5	34.5
#7D7D7D	132	34	126	131.5	132.5	33.5	34.5
#7C7C7C	133	34	125	132.5	133.5	33.5	34.5
#7C7C7C	134	34	125	133.5	134.5	33.5	34.5
#7B7B7B	135	34	124	134.5	135.5	33.5	34.5
#797979	136	34	122	135.5	136.5	33.5	34.5
#777777	137	34	120	136.5	137.5	33.5	34.5
#747474	138	34	117	137.5	138.5	33.5	34.5
#737373	139	34	116	138.5	139.5	33.5	34.5
#727272	0	33	115	-0.5	0.5	32.5	33.5
#979797	1	33	152	0.5	1.5	32.5	33.5
#979797	2	33	152	1.5	2.5	32.5	33.5
#9B9B9B	3	33	156	2.5	3.5	32.5	33.5
#9C9C9C	4	33	157	3.5	4.5	32.5	33.5
#9E9E9E	5	33	159	4.5	5.5	32.5	33.5
#9E9E9E	6	33	159	5.5	6.5	32.5	33.5
#A1A1A1	7	33	162	6.5	7.5	32.5	33.5
#A4A4A4	8	33	165	7.5	8.5	32.5	33.5
#A4A4A4	9	33	165	8.5	9.5	32.5	33.5
#A5A5A5	10	33	166	9.5	10.5	32.5	33.5
#A5A5A5	11	33	166	10.5	11.5	32.5	33.5
#A9A9A9	12	33	170	11.5	12.5	32.5	33.5
#AAAAAA	13	33	171	12.5	13.5	32.5	33.5
#AAAAAA	14	33	171	13.5	14.5	32.5	33.5
#ABABAB	15	33	172	14.5	15.5	32.5	33.5
#AEAEAE	16	33	175	15.5	16.5	32.5	33.5
#B0B0B0	17	33	177	16.5	17.5	32.5	33.5
#AEAEAE	18	33	175	17.5	18.5	32.5	33.5
#AAAAAA	19	33	171	18.5	19.5	32.5	33.5
#A2A2A2	20	33	163	19.5	20.5	32.5	33.5
#9B9B9B	21	33	156	20.5	21.5	32.5	33.5
#909090	22	33	145	21.5	22.5	32.5	33.5
#878787	23	33	136	22.5	23.5	32.5	33.5
#848484	24	33	133	23.5	24.5	32.5	33.5
#888888	25	33	137	24.5	25.5	32.5	33.5
#919191	26	33	146	25.5	26.5	32.5	33.5
#939393	27	33	148	26.5	27.5	32.5	33.5
#969696	28	33	151	27.5	28.5	32.5	33.5
#959595	29	33	150	28.5	29.5	32.5	33.5
#8A8A8A	30	33	139	29.5	30.5	32.5	33.5
#858585	31	33	134	30.5	31.5	32.5	33.5
#828282	32	33	131	31.5	32.5	32.5	33.5
#828282	33	33	131	32.5	33.5	32.5	33.5
#7D7D7D	34	33	126	33.5	34.5	32.5	33.5
#707070	35	33	113	34.5	35.5	32.5	33.5
#616161	36	33	98	35.5	36.5	32.5	33.5
#5A5A5A	37	33	91	36.5	37.5	32.5	33.5
#5F5F5F	38	33	96	37.5	38.5	32.5	33.5
#676767	39	33	104	38.5	39.5	32.5	33.5
#6D6D6D	40	33	110	39.5	40.5	32.5	33.5
#777777	41	33	120	40.5	41.5	32.5	33.5
#818181	42	33	130	41.5	42.5	32.5	33.5
#868686	43	33	135	42.5	43.5	32.5	33.5
#7A7A7A	44	33	123	43.5	44.5	32.5	33.5
#737373	45	33	116	44.5	45.5	32.5	33.5
#6C6C6C	46	33	109	45.5	46.5	32.5	33.5
#737373	47	33	116	46.5	47.5	32.5	33.5
#8F8F8F	48	33	144	47.5	48.5	32.5	33.5
#989898	49	33	153	48.5	49.5	32.5	33.5
#959595	50	33	150	49.5	50.5	32.5	33.5
#999999	51	33	154	50.5	51.5	32.5	33.5
#9F9F9F	52	33	160	51.5	52.5	32.5	33.5
#A5A5A5	53	33	166	52.5	53.5	32.5	33.5
#A8A8A8	54	33	169	53.5	54.5	32.5	33.5
#A6A6A6	55	33	167	54.5	55.5	32.5	33.5
#AAAAAA	56	33	171	55.5	56.5	32.5	33.5
#B0B0B0	57	33	177	56.5	57.5	32.5	33.5
#AFAFAF	58	33	176	57.5	58.5	32.5	33.5
#B0B0B0	59	33	177	58.5	59.5	32.5	33.5
#B0B0B0	60	33	177	59.5	60.5	32.5	33.5
#B0B0B0	61	33	177	60.5	61.5	32.5	33.5
#AFAFAF	62	33	176	61.5	62.5	32.5	33.5
#B2B2B2	63	33	179	62.5	63.5	32.5	33.5
#B2B2B2	64	33	179	63.5	64.5	32.5	33.5
#B1B1B1	65	33	178	64.5	65.5	32.5	33.5
#B1B1B1	66	33	178	65.5	66.5	32.5	33.5
#B0B0B0	67	33	177	66.5	67.5	32.5	33.5
#B0B0B0	68	33	177	67.5	68.5	32.5	33.5
#AFAFAF	69	33	176	68.5	69.5	32.5	33.5
#AEAEAE	70	33	175	69.5	70.5	32.5	33.5
#ADADAD	71	33	174	70.5	71.5	32.5	33.5
#ACACAC	72	33	173	71.5	72.5	32.5	33.5
#ACACAC	73	33	173	72.5	73.5	32.5	33.5
#ABABAB	74	33	172	73.5	74.5	32.5	33.5
#A9A9A9	75	33	170	74.5	75.5	32.5	33.5
#A3A3A3	76	33	164	75.5	76.5	32.5	33.5
#9F9F9F	77	33	160	76.5	77.5	32.5	33.5
#9D9D9D	78	33	158	77.5	78.5	32.5	33.5
#9E9E9E	79	33	159	78.5	79.5	32.5	33.5
#9C9C9C	80	33	157	79.5	80.5	32.5	33.5
#999999	81	33	154	80.5	81.5	32.5	33.5
#969696	82	33	151	81.5	82.5	32.5	33.5
#949494	83	33	149	82.5	83.5	32.5	33.5
#929292	84	33	147	83.5	84.5	32.5	33.5
#919191	85	33	146	84.5	85.5	32.5	33.5
#8D8D8D	86	33	142	85.5	86.5	32.5	33.5
#898989	87	33	138	86.5	87.5	32.5	33.5
#898989	88	33	138	87.5	88.5	32.5	33.5
#878787	89	33	136	88.5	89.5	32.5	33.5
#858585	90	33	134	89.5	90.5	32.5	33.5
#858585	91	33	134	90.5	91.5	32.5	33.5
#7D7D7D	92	33	126	91.5	92.5	32.5	33.5
#7D7D7D	93	33	126	92.5	93.5	32.5	33.5
#828282	94	33	131	93.5	94.5	32.5	33.5
#858585	95	33	134	94.5	95.5	32.5	33.5
#828282	96	33	131	95.5	96.5	32.5	33.5
#7A7A7A	97	33	123	96.5	97.5	32.5	33.5
#777777	98	33	120	97.5	98.5	32.5	33.5
#7A7A7A	99	33	123	98.5	99.5	32.5	33.5
#777777	100	33	120	99.5	100.5	32.5	33.5
#6E6E6E	101	33	111	100.5	101.5	32.5	33.5
#6D6D6D	102	33	110	101.5	102.5	32.5	33.5
#777777	103	33	120	102.5	103.5	32.5	33.5
#7B7B7B	104	33	124	103.5	104.5	32.5	33.5
#818181	105	33	130	104.5	105.5	32.5	33.5
#8D8D8D	106	33	142	105.5	106.5	32.5	33.5
#8C8C8C	107	33	141	106.5	107.5	32.5	33.5
#8F8F8F	108	33	144	107.5	108.5	32.5	33.5
#909090	109	33	145	108.5	109.5	32.5	33.5
#959595	110	33	150	109.5	110.5	32.5	33.5
#949494	111	33	149	110.5	111.5	32.5	33.5
#909090	112	33	145	111.5	112.5	32.5	33.5
#8B8B8B	113	33	140	112.5	113.5	32.5	33.5
#8B8B8B	114	33	140	113.5	114.5	32.5	33.5
#8E8E8E	115	33	143	114.5	115.5	32.5	33.5
#8D8D8D	116	33	142	115.5	116.5	32.5	33.5
#8D8D8D	117	33	142	116.5	117.5	32.5	33.5
#8A8A8A	118	33	139	117.5	118.5	32.5	33.5
#898989	119	33	138	118.5	119.5	32.5	33.5
#888888	120	33	137	119.5	120.5	32.5	33.5
#888888	121	33	137	120.5	121.5	32.5	33.5
#878787	122	33	136	121.5	122.5	32.5	33.5
#878787	123	33	136	122.5	123.5	32.5	33.5
#858585	124	33	134	123.5	124.5	32.5	33.5
#828282	125	33	131	124.5	125.5	32.5	33.5
#818181	126	33	130	125.5	126.5	32.5	33.5
#838383	127	33	132	126.5	127.5	32.5	33.5
#818181	128	33	130	127.5	128.5	32.5	33.5
#7D7D7D	129	33	126	128.5	129.5	32.5	33.5
#7F7F7F	130	33	128	129.5	130.5	32.5	33.5
#7D7D7D	131	33	126	130.5	131.5	32.5	33.5
#7E7E7E	132	33	127	131.5	132.5	32.5	33.5
#7E7E7E	133	33	127	132.5	133.5	32.5	33.5
#7E7E7E	134	33	127	133.5	134.5	32.5	33.5
#7C7C7C	135	33	125	134.5	135.5	32.5	33.5
#7B7B7B	136	33	124	135.5	136.5	32.5	33.5
#777777	137	33	120	136.5	137.5	32.5	33.5
#757575	138	33	118	137.5	138.5	32.5	33.5
#747474	139	33	117	138.5	139.5	32.5	33.5
#737373	0	32	116	-0.5	0.5	31.5	32.5
#989898	1	32	153	0.5	1.5	31.5	32.5
#989898	2	32	153	1.5	2.5	31.5	32.5
#9C9C9C	3	32	157	2.5	3.5	31.5	32.5
#9D9D9D	4	32	158	3.5	4.5	31.5	32.5
#9E9E9E	5	32	159	4.5	5.5	31.5	32.5
#A0A0A0	6	32	161	5.5	6.5	31.5	32.5
#A2A2A2	7	32	163	6.5	7.5	31.5	32.5
#A5A5A5	8	32	166	7.5	8.5	31.5	32.5
#A5A5A5	9	32	166	8.5	9.5	31.5	32.5
#A7A7A7	10	32	168	9.5	10.5	31.5	32.5
#A9A9A9	11	32	170	10.5	11.5	31.5	32.5
#AAAAAA	12	32	171	11.5	12.5	31.5	32.5
#ABABAB	13	32	172	12.5	13.5	31.5	32.5
#ACACAC	14	32	173	13.5	14.5	31.5	32.5
#AEAEAE	15	32	175	14.5	15.5	31.5	32.5
#B0B0B0	16	32	177	15.5	16.5	31.5	32.5
#B0B0B0	17	32	177	16.5	17.5	31.5	32.5
#AEAEAE	18	32	175	17.5	18.5	31.5	32.5
#A6A6A6	19	32	167	18.5	19.5	31.5	32.5
#9F9F9F	20	32	160	19.5	20.5	31.5	32.5
#979797	21	32	152	20.5	21.5	31.5	32.5
#909090	22	32	145	21.5	22.5	31.5	32.5
#939393	23	32	148	22.5	23.5	31.5	32.5
#9A9A9A	24	32	155	23.5	24.5	31.5	32.5
#A2A2A2	25	32	163	24.5	25.5	31.5	32.5
#A6A6A6	26	32	167	25.5	26.5	31.5	32.5
#A7A7A7	27	32	168	26.5	27.5	31.5	32.5
#A7A7A7	28	32	168	27.5	28.5	31.5	32.5
#ABABAB	29	32	172	28.5	29.5	31.5	32.5
#A6A6A6	30	32	167	29.5	30.5	31.5	32.5
#A4A4A4	31	32	165	30.5	31.5	31.5	32.5
#A6A6A6	32	32	167	31.5	32.5	31.5	32.5
#A7A7A7	33	32	168	32.5	33.5	31.5	32.5
#A3A3A3	34	32	164	33.5	34.5	31.5	32.5
#8D8D8D	35	32	142	34.5	35.5	31.5	32.5
#6F6F6F	36	32	112	35.5	36.5	31.5	32.5
#575757	37	32	88	36.5	37.5	31.5	32.5
#525252	38	32	83	37.5	38.5	31.5	32.5
#626262	39	32	99	38.5	39.5	31.5	32.5
#707070	40	32	113	39.5	40.5	31.5	32.5
#7D7D7D	41	32	126	40.5	41.5	31.5	32.5
#818181	42	32	130	41.5	42.5	31.5	32.5
#7A7A7A	43	32	123	42.5	43.5	31.5	32.5
#747474	44	32	117	43.5	44.5	31.5	32.5
#757575	45	32	118	44.5	45.5	31.5	32.5
#737373	46	32	116	45.5	46.5	31.5	32.5
#797979	47	32	122	46.5	47.5	31.5	32.5
#959595	48	32	150	47.5	48.5	31.5	32.5
#9F9F9F	49	32	160	48.5	49.5	31.5	32.5
#9B9B9B	50	32	156	49.5	50.5	31.5	32.5
#9C9C9C	51	32	157	50.5	51.5	31.5	32.5
#A2A2A2	52	32	163	51.5	52.5	31.5	32.5
#A8A8A8	53	32	169	52.5	53.5	31.5	32.5
#A8A8A8	54	32	169	53.5	54.5	31.5	32.5
#A9A9A9	55	32	170	54.5	55.5	31.5	32.5
#AFAFAF	56	32	176	55.5	56.5	31.5	32.5
#B0B0B0	57	32	177	56.5	57.5	31.5	32.5
#B0B0B0	58	32	177	57.5	58.5	31.5	32.5
#B2B2B2	59	32	179	58.5	59.5	31.5	32.5
#B2B2B2	60	32	179	59.5	60.5	31.5	32.5
#B3B3B3	61	32	180	60.5	61.5	31.5	32.5
#B2B2B2	62	32	179	61.5	62.5	31.5	32.5
#B3B3B3	63	32	180	62.5	63.5	31.5	32.5
#B4B4B4	64	32	181	63.5	64.5	31.5	32.5
#B2B2B2	65	32	179	64.5	65.5	31.5	32.5
#B2B2B2	66	32	179	65.5	66.5	31.5	32.5
#B2B2B2	67	32	179	66.5	67.5	31.5	32.5
#B2B2B2	68	32	179	67.5	68.5	31.5	32.5
#B1B1B1	69	32	178	68.5	69.5	31.5	32.5
#AFAFAF	70	32	176	69.5	70.5	31.5	32.5
#ADADAD	71	32	174	70.5	71.5	31.5	32.5
#ADADAD	72	32	174	71.5	72.5	31.5	32.5
#ADADAD	73	32	174	72.5	73.5	31.5	32.5
#ACACAC	74	32	173	73.5	74.5	31.5	32.5
#A6A6A6	75	32	167	74.5	75.5	31.5	32.5
#9F9F9F	76	32	160	75.5	76.5	31.5	32.5
#9F9F9F	77	32	160	76.5	77.5	31.5	32.5
#A2A2A2	78	32	163	77.5	78.5	31.5	32.5
#A0A0A0	79	32	161	78.5	79.5	31.5	32.5
#9D9D9D	80	32	158	79.5	80.5	31.5	32.5
#9C9C9C	81	32	157	80.5	81.5	31.5	32.5
#9C9C9C	82	32	157	81.5	82.5	31.5	32.5
#9B9B9B	83	32	156	82.5	83.5	31.5	32.5
#939393	84	32	148	83.5	84.5	31.5	32.5
#919191	85	32	146	84.5	85.5	31.5	32.5
#919191	86	32	146	85.5	86.5	31.5	32.5
#909090	87	32	145	86.5	87.5	31.5	32.5
#8D8D8D	88	32	142	87.5	88.5	31.5	32.5
#888888	89	32	137	88.5	89.5	31.5	32.5
#838383	90	32	132	89.5	90.5	31.5	32.5
#858585	91	32	134	90.5	91.5	31.5	32.5
#828282	92	32	131	91.5	92.5	31.5	32.5
#7E7E7E	93	32	127	92.5	93.5	31.5	32.5
#818181	94	32	130	93.5	94.5	31.5	32.5
#868686	95	32	135	94.5	95.5	31.5	32.5
#878787	96	32	136	95.5	96.5	31.5	32.5
#818181	97	32	130	96.5	97.5	31.5	32.5
#7A7A7A	98	32	123	97.5	98.5	31.5	32.5
#7A7A7A	99	32	123	98.5	99.5	31.5	32.5
#7C7C7C	100	32	125	99.5	100.5	31.5	32.5
#7D7D7D	101	32	126	100.5	101.5	31.5	32.5
#777777	102	32	120	101.5	102.5	31.5	32.5
#757575	103	32	118	102.5	103.5	31.5	32.5
#7D7D7D	104	32	126	103.5	104.5	31.5	32.5
#808080	105	32	129	104.5	105.5	31.5	32.5
#8B8B8B	106	32	140	105.5	106.5	31.5	32.5
#8D8D8D	107	32	142	106.5	107.5	31.5	32.5
#8F8F8F	108	32	144	107.5	108.5	31.5	32.5
#929292	109	32	147	108.5	109.5	31.5	32.5
#979797	110	32	152	109.5	110.5	31.5	32.5
#979797	111	32	152	110.5	111.5	31.5	32.5
#929292	112	32	147	111.5	112.5	31.5	32.5
#8D8D8D	113	32	142	112.5	113.5	31.5	32.5
#8D8D8D	114	32	142	113.5	114.5	31.5	32.5
#8F8F8F	115	32	144	114.5	115.5	31.5	32.5
#8F8F8F	116	32	144	115.5	116.5	31.5	32.5
#909090	117	32	145	116.5	117.5	31.5	32.5
#8D8D8D	118	32	142	117.5	118.5	31.5	32.5
#8A8A8A	119	32	139	118.5	119.5	31.5	32.5
#898989	120	32	138	119.5	120.5	31.5	32.5
#898989	121	32	138	120.5	121.5	31.5	32.5
#898989	122	32	138	121.5	122.5	31.5	32.5
#888888	123	32	137	122.5	123.5	31.5	32.5
#868686	124	32	135	123.5	124.5	31.5	32.5
#848484	125	32	133	124.5	125.5	31.5	32.5
#838383	126	32	132	125.5	126.5	31.5	32.5
#848484	127	32	133	126.5	127.5	31.5	32.5
#828282	128	32	131	127.5	128.5	31.5	32.5
#808080	129	32	129	128.5	129.5	31.5	32.5
#808080	130	32	129	129.5	130.5	31.5	32.5
#818181	131	32	130	130.5	131.5	31.5	32.5
#808080	132	32	129	131.5	132.5	31.5	32.5
#7E7E7E	133	32	127	132.5	133.5	31.5	32.5
#7E7E7E	134	32	127	133.5	134.5	31.5	32.5
#7D7D7D	135	32	126	134.5	135.5	31.5	32.5
#7A7A7A	136	32	123	135.5	136.5	31.5	32.5
#777777	137	32	120	136.5	137.5	31.5	32.5
#777777	138	32	120	137.5	138.5	31.5	32.5
#757575	139	32	118	138.5	139.5	31.5	32.5
#737373	0	31	116	-0.5	0.5	30.5	31.5
#989898	1	31	153	0.5	1.5	30.5	31.5
#979797	2	31	152	1.5	2.5	30.5	31.5
#9B9B9B	3	31	156	2.5	3.5	30.5	31.5
#9D9D9D	4	31	158	3.5	4.5	30.5	31.5
#9E9E9E	5	31	159	4.5	5.5	30.5	31.5
#A0A0A0	6	31	161	5.5	6.5	30.5	31.5
#A2A2A2	7	31	163	6.5	7.5	30.5	31.5
#A4A4A4	8	31	165	7.5	8.5	30.5	31.5
#A5A5A5	9	31	166	8.5	9.5	30.5	31.5
#A6A6A6	10	31	167	9.5	10.5	30.5	31.5
#A8A8A8	11	31	169	10.5	11.5	30.5	31.5
#ABABAB	12	31	172	11.5	12.5	30.5	31.5
#ABABAB	13	31	172	12.5	13.5	30.5	31.5
#ACACAC	14	31	173	13.5	14.5	30.5	31.5
#AEAEAE	15	31	175	14.5	15.5	30.5	31.5
#B1B1B1	16	31	178	15.5	16.5	30.5	31.5
#AFAFAF	17	31	176	16.5	17.5	30.5	31.5
#AAAAAA	18	31	171	17.5	18.5	30.5	31.5
#A0A0A0	19	31	161	18.5	19.5	30.5	31.5
#A1A1A1	20	31	162	19.5	20.5	30.5	31.5
#A0A0A0	21	31	161	20.5	21.5	30.5	31.5
#A4A4A4	22	31	165	21.5	22.5	30.5	31.5
#ACACAC	23	31	173	22.5	23.5	30.5	31.5
#ADADAD	24	31	174	23.5	24.5	30.5	31.5
#ADADAD	25	31	174	24.5	25.5	30.5	31.5
#ACACAC	26	31	173	25.5	26.5	30.5	31.5
#ADADAD	27	31	174	26.5	27.5	30.5	31.5
#ACACAC	28	31	173	27.5	28.5	30.5	31.5
#ACACAC	29	31	173	28.5	29.5	30.5	31.5
#ACACAC	30	31	173	29.5	30.5	30.5	31.5
#A7A7A7	31	31	168	30.5	31.5	30.5	31.5
#A9A9A9	32	31	170	31.5	32.5	30.5	31.5
#ACACAC	33	31	173	32.5	33.5	30.5	31.5
#AEAEAE	34	31	175	33.5	34.5	30.5	31.5
#ACACAC	35	31	173	34.5	35.5	30.5	31.5
#A2A2A2	36	31	163	35.5	36.5	30.5	31.5
#8C8C8C	37	31	141	36.5	37.5	30.5	31.5
#777777	38	31	120	37.5	38.5	30.5	31.5
#707070	39	31	113	38.5	39.5	30.5	31.5
#7D7D7D	40	31	126	39.5	40.5	30.5	31.5
#888888	41	31	137	40.5	41.5	30.5	31.5
#8A8A8A	42	31	139	41.5	42.5	30.5	31.5
#7F7F7F	43	31	128	42.5	43.5	30.5	31.5
#757575	44	31	118	43.5	44.5	30.5	31.5
#787878	45	31	121	44.5	45.5	30.5	31.5
#7E7E7E	46	31	127	45.5	46.5	30.5	31.5
#838383	47	31	132	46.5	47.5	30.5	31.5
#989898	48	31	153	47.5	48.5	30.5	31.5
#A0A0A0	49	31	161	48.5	49.5	30.5	31.5
#A0A0A0	50	31	161	49.5	50.5	30.5	31.5
#A0A0A0	51	31	161	50.5	51.5	30.5	31.5
#A5A5A5	52	31	166	51.5	52.5	30.5	31.5
#A9A9A9	53	31	170	52.5	53.5	30.5	31.5
#AAAAAA	54	31	171	53.5	54.5	30.5	31.5
#ADADAD	55	31	174	54.5	55.5	30.5	31.5
#B0B0B0	56	31	177	55.5	56.5	30.5	31.5
#B0B0B0	57	31	177	56.5	57.5	30.5	31.5
#B1B1B1	58	31	178	57.5	58.5	30.5	31.5
#B2B2B2	59	31	179	58.5	59.5	30.5	31.5
#B2B2B2	60	31	179	59.5	60.5	30.5	31.5
#B2B2B2	61	31	179	60.5	61.5	30.5	31.5
#B2B2B2	62	31	179	61.5	62.5	30.5	31.5
#B3B3B3	63	31	180	62.5	63.5	30.5	31.5
#B4B4B4	64	31	181	63.5	64.5	30.5	31.5
#B3B3B3	65	31	180	64.5	65.5	30.5	31.5
#B3B3B3	66	31	180	65.5	66.5	30.5	31.5
#B3B3B3	67	31	180	66.5	67.5	30.5	31.5
#B3B3B3	68	31	180	67.5	68.5	30.5	31.5
#B1B1B1	69	31	178	68.5	69.5	30.5	31.5
#AFAFAF	70	31	176	69.5	70.5	30.5	31.5
#ADADAD	71	31	174	70.5	71.5	30.5	31.5
#ADADAD	72	31	174	71.5	72.5	30.5	31.5
#AEAEAE	73	31	175	72.5	73.5	30.5	31.5
#ACACAC	74	31	173	73.5	74.5	30.5	31.5
#A5A5A5	75	31	166	74.5	75.5	30.5	31.5
#9F9F9F	76	31	160	75.5	76.5	30.5	31.5
#9D9D9D	77	31	158	76.5	77.5	30.5	31.5
#9F9F9F	78	31	160	77.5	78.5	30.5	31.5
#A0A0A0	79	31	161	78.5	79.5	30.5	31.5
#9F9F9F	80	31	160	79.5	80.5	30.5	31.5
#9E9E9E	81	31	159	80.5	81.5	30.5	31.5
#9E9E9E	82	31	159	81.5	82.5	30.5	31.5
#9D9D9D	83	31	158	82.5	83.5	30.5	31.5
#9B9B9B	84	31	156	83.5	84.5	30.5	31.5
#959595	85	31	150	84.5	85.5	30.5	31.5
#919191	86	31	146	85.5	86.5	30.5	31.5
#929292	87	31	147	86.5	87.5	30.5	31.5
#909090	88	31	145	87.5	88.5	30.5	31.5
#8C8C8C	89	31	141	88.5	89.5	30.5	31.5
#868686	90	31	135	89.5	90.5	30.5	31.5
#838383	91	31	132	90.5	91.5	30.5	31.5
#858585	92	31	134	91.5	92.5	30.5	31.5
#848484	93	31	133	92.5	93.5	30.5	31.5
#818181	94	31	130	93.5	94.5	30.5	31.5
#888888	95	31	137	94.5	95.5	30.5	31.5
#898989	96	31	138	95.5	96.5	30.5	31.5
#858585	97	31	134	96.5	97.5	30.5	31.5
#7F7F7F	98	31	128	97.5	98.5	30.5	31.5
#7E7E7E	99	31	127	98.5	99.5	30.5	31.5
#838383	100	31	132	99.5	100.5	30.5	31.5
#858585	101	31	134	100.5	101.5	30.5	31.5
#7F7F7F	102	31	128	101.5	102.5	30.5	31.5
#777777	103	31	120	102.5	103.5	30.5	31.5
#818181	104	31	130	103.5	104.5	30.5	31.5
#838383	105	31	132	104.5	105.5	30.5	31.5
#888888	106	31	137	105.5	106.5	30.5	31.5
#8F8F8F	107	31	144	106.5	107.5	30.5	31.5
#8F8F8F	108	31	144	107.5	108.5	30.5	31.5
#939393	109	31	148	108.5	109.5	30.5	31.5
#989898	110	31	153	109.5	110.5	30.5	31.5
#979797	111	31	152	110.5	111.5	30.5	31.5
#939393	112	31	148	111.5	112.5	30.5	31.5
#909090	113	31	145	112.5	113.5	30.5	31.5
#8E8E8E	114	31	143	113.5	114.5	30.5	31.5
#8E8E8E	115	31	143	114.5	115.5	30.5	31.5
#8E8E8E	116	31	143	115.5	116.5	30.5	31.5
#909090	117	31	145	116.5	117.5	30.5	31.5
#909090	118	31	145	117.5	118.5	30.5	31.5
#8D8D8D	119	31	142	118.5	119.5	30.5	31.5
#8A8A8A	120	31	139	119.5	120.5	30.5	31.5
#8A8A8A	121	31	139	120.5	121.5	30.5	31.5
#8A8A8A	122	31	139	121.5	122.5	30.5	31.5
#898989	123	31	138	122.5	123.5	30.5	31.5
#868686	124	31	135	123.5	124.5	30.5	31.5
#858585	125	31	134	124.5	125.5	30.5	31.5
#858585	126	31	134	125.5	126.5	30.5	31.5
#848484	127	31	133	126.5	127.5	30.5	31.5
#848484	128	31	133	127.5	128.5	30.5	31.5
#828282	129	31	131	128.5	129.5	30.5	31.5
#818181	130	31	130	129.5	130.5	30.5	31.5
#828282	131	31	131	130.5	131.5	30.5	31.5
#828282	132	31	131	131.5	132.5	30.5	31.5
#808080	133	31	129	132.5	133.5	30.5	31.5
#808080	134	31	129	133.5	134.5	30.5	31.5
#7D7D7D	135	31	126	134.5	135.5	30.5	31.5
#7C7C7C	136	31	125	135.5	136.5	30.5	31.5
#797979	137	31	122	136.5	137.5	30.5	31.5
#767676	138	31	119	137.5	138.5	30.5	31.5
#727272	139	31	115	138.5	139.5	30.5	31.5
#727272	0	30	115	-0.5	0.5	29.5	30.5
#989898	1	30	153	0.5	1.5	29.5	30.5
#989898	2	30	153	1.5	2.5	29.5	30.5
#9B9B9B	3	30	156	2.5	3.5	29.5	30.5
#9C9C9C	4	30	157	3.5	4.5	29.5	30.5
#9E9E9E	5	30	159	4.5	5.5	29.5	30.5
#A0A0A0	6	30	161	5.5	6.5	29.5	30.5
#A2A2A2	7	30	163	6.5	7.5	29.5	30.5
#A2A2A2	8	30	163	7.5	8.5	29.5	30.5
#A5A5A5	9	30	166	8.5	9.5	29.5	30.5
#A6A6A6	10	30	167	9.5	10.5	29.5	30.5
#A8A8A8	11	30	169	10.5	11.5	29.5	30.5
#ACACAC	12	30	173	11.5	12.5	29.5	30.5
#ACACAC	13	30	173	12.5	13.5	29.5	30.5
#ADADAD	14	30	174	13.5	14.5	29.5	30.5
#AFAFAF	15	30	176	14.5	15.5	29.5	30.5
#B1B1B1	16	30	178	15.5	16.5	29.5	30.5
#ACACAC	17	30	173	16.5	17.5	29.5	30.5
#A7A7A7	18	30	168	17.5	18.5	29.5	30.5
#A7A7A7	19	30	168	18.5	19.5	29.5	30.5
#ACACAC	20	30	173	19.5	20.5	29.5	30.5
#ADADAD	21	30	174	20.5	21.5	29.5	30.5
#AFAFAF	22	30	176	21.5	22.5	29.5	30.5
#B1B1B1	23	30	178	22.5	23.5	29.5	30.5
#AFAFAF	24	30	176	23.5	24.5	29.5	30.5
#AEAEAE	25	30	175	24.5	25.5	29.5	30.5
#AEAEAE	26	30	175	25.5	26.5	29.5	30.5
#AEAEAE	27	30	175	26.5	27.5	29.5	30.5
#AEAEAE	28	30	175	27.5	28.5	29.5	30.5
#AEAEAE	29	30	175	28.5	29.5	29.5	30.5
#ADADAD	30	30	174	29.5	30.5	29.5	30.5
#ACACAC	31	30	173	30.5	31.5	29.5	30.5
#ABABAB	32	30	172	31.5	32.5	29.5	30.5
#ADADAD	33	30	174	32.5	33.5	29.5	30.5
#AEAEAE	34	30	175	33.5	34.5	29.5	30.5
#ACACAC	35	30	173	34.5	35.5	29.5	30.5
#ACACAC	36	30	173	35.5	36.5	29.5	30.5
#ADADAD	37	30	174	36.5	37.5	29.5	30.5
#A6A6A6	38	30	167	37.5	38.5	29.5	30.5
#999999	39	30	154	38.5	39.5	29.5	30.5
#8B8B8B	40	30	140	39.5	40.5	29.5	30.5
#8E8E8E	41	30	143	40.5	41.5	29.5	30.5
#929292	42	30	147	41.5	42.5	29.5	30.5
#8B8B8B	43	30	140	42.5	43.5	29.5	30.5
#868686	44	30	135	43.5	44.5	29.5	30.5
#858585	45	30	134	44.5	45.5	29.5	30.5
#8A8A8A	46	30	139	45.5	46.5	29.5	30.5
#919191	47	30	146	46.5	47.5	29.5	30.5
#999999	48	30	154	47.5	48.5	29.5	30.5
#9E9E9E	49	30	159	48.5	49.5	29.5	30.5
#A2A2A2	50	30	163	49.5	50.5	29.5	30.5
#A4A4A4	51	30	165	50.5	51.5	29.5	30.5
#A9A9A9	52	30	170	51.5	52.5	29.5	30.5
#ACACAC	53	30	173	52.5	53.5	29.5	30.5
#ACACAC	54	30	173	53.5	54.5	29.5	30.5
#B2B2B2	55	30	179	54.5	55.5	29.5	30.5
#B2B2B2	56	30	179	55.5	56.5	29.5	30.5
#B3B3B3	57	30	180	56.5	57.5	29.5	30.5
#B5B5B5	58	30	182	57.5	58.5	29.5	30.5
#B4B4B4	59	30	181	58.5	59.5	29.5	30.5
#B4B4B4	60	30	181	59.5	60.5	29.5	30.5
#B3B3B3	61	30	180	60.5	61.5	29.5	30.5
#B3B3B3	62	30	180	61.5	62.5	29.5	30.5
#B5B5B5	63	30	182	62.5	63.5	29.5	30.5
#B5B5B5	64	30	182	63.5	64.5	29.5	30.5
#B5B5B5	65	30	182	64.5	65.5	29.5	30.5
#B3B3B3	66	30	180	65.5	66.5	29.5	30.5
#B3B3B3	67	30	180	66.5	67.5	29.5	30.5
#B3B3B3	68	30	180	67.5	68.5	29.5	30.5
#B1B1B1	69	30	178	68.5	69.5	29.5	30.5
#B0B0B0	70	30	177	69.5	70.5	29.5	30.5
#B0B0B0	71	30	177	70.5	71.5	29.5	30.5
#AFAFAF	72	30	176	71.5	72.5	29.5	30.5
#AFAFAF	73	30	176	72.5	73.5	29.5	30.5
#ADADAD	74	30	174	73.5	74.5	29.5	30.5
#A4A4A4	75	30	165	74.5	75.5	29.5	30.5
#A0A0A0	76	30	161	75.5	76.5	29.5	30.5
#9F9F9F	77	30	160	76.5	77.5	29.5	30.5
#9F9F9F	78	30	160	77.5	78.5	29.5	30.5
#9D9D9D	79	30	158	78.5	79.5	29.5	30.5
#9F9F9F	80	30	160	79.5	80.5	29.5	30.5
#A1A1A1	81	30	162	80.5	81.5	29.5	30.5
#A0A0A0	82	30	161	81.5	82.5	29.5	30.5
#9D9D9D	83	30	158	82.5	83.5	29.5	30.5
#9F9F9F	84	30	160	83.5	84.5	29.5	30.5
#9C9C9C	85	30	157	84.5	85.5	29.5	30.5
#969696	86	30	151	85.5	86.5	29.5	30.5
#939393	87	30	148	86.5	87.5	29.5	30.5
#949494	88	30	149	87.5	88.5	29.5	30.5
#909090	89	30	145	88.5	89.5	29.5	30.5
#8B8B8B	90	30	140	89.5	90.5	29.5	30.5
#868686	91	30	135	90.5	91.5	29.5	30.5
#878787	92	30	136	91.5	92.5	29.5	30.5
#8B8B8B	93	30	140	92.5	93.5	29.5	30.5
#868686	94	30	135	93.5	94.5	29.5	30.5
#868686	95	30	135	94.5	95.5	29.5	30.5
#878787	96	30	136	95.5	96.5	29.5	30.5
#868686	97	30	135	96.5	97.5	29.5	30.5
#848484	98	30	133	97.5	98.5	29.5	30.5
#868686	99	30	135	98.5	99.5	29.5	30.5
#898989	100	30	138	99.5	100.5	29.5	30.5
#878787	101	30	136	100.5	101.5	29.5	30.5
#858585	102	30	134	101.5	102.5	29.5	30.5
#7E7E7E	103	30	127	102.5	103.5	29.5	30.5
#7E7E7E	104	30	127	103.5	104.5	29.5	30.5
#828282	105	30	131	104.5	105.5	29.5	30.5
#858585	106	30	134	105.5	106.5	29.5	30.5
#919191	107	30	146	106.5	107.5	29.5	30.5
#919191	108	30	146	107.5	108.5	29.5	30.5
#969696	109	30	151	108.5	109.5	29.5	30.5
#999999	110	30	154	109.5	110.5	29.5	30.5
#989898	111	30	153	110.5	111.5	29.5	30.5
#959595	112	30	150	111.5	112.5	29.5	30.5
#919191	113	30	146	112.5	113.5	29.5	30.5
#8F8F8F	114	30	144	113.5	114.5	29.5	30.5
#8F8F8F	115	30	144	114.5	115.5	29.5	30.5
#8F8F8F	116	30	144	115.5	116.5	29.5	30.5
#8F8F8F	117	30	144	116.5	117.5	29.5	30.5
#929292	118	30	147	117.5	118.5	29.5	30.5
#909090	119	30	145	118.5	119.5	29.5	30.5
#8D8D8D	120	30	142	119.5	120.5	29.5	30.5
#8C8C8C	121	30	141	120.5	121.5	29.5	30.5
#8B8B8B	122	30	140	121.5	122.5	29.5	30.5
#898989	123	30	138	122.5	123.5	29.5	30.5
#878787	124	30	136	123.5	124.5	29.5	30.5
#878787	125	30	136	124.5	125.5	29.5	30.5
#868686	126	30	135	125.5	126.5	29.5	30.5
#858585	127	30	134	126.5	127.5	29.5	30.5
#858585	128	30	134	127.5	128.5	29.5	30.5
#838383	129	30	132	128.5	129.5	29.5	30.5
#828282	130	30	131	129.5	130.5	29.5	30.5
#828282	131	30	131	130.5	131.5	29.5	30.5
#848484	132	30	133	131.5	132.5	29.5	30.5
#828282	133	30	131	132.5	133.5	29.5	30.5
#808080	134	30	129	133.5	134.5	29.5	30.5
#7F7F7F	135	30	128	134.5	135.5	29.5	30.5
#7D7D7D	136	30	126	135.5	136.5	29.5	30.5
#7B7B7B	137	30	124	136.5	137.5	29.5	30.5
#767676	138	30	119	137.5	138.5	29.5	30.5
#737373	139	30	116	138.5	139.5	29.5	30.5
#737373	0	29	116	-0.5	0.5	28.5	29.5
#999999	1	29	154	0.5	1.5	28.5	29.5
#989898	2	29	153	1.5	2.5	28.5	29.5
#9B9B9B	3	29	156	2.5	3.5	28.5	29.5
#9D9D9D	4	29	158	3.5	4.5	28.5	29.5
#9E9E9E	5	29	159	4.5	5.5	28.5	29.5
#A0A0A0	6	29	161	5.5	6.5	28.5	29.5
#A2A2A2	7	29	163	6.5	7.5	28.5	29.5
#A4A4A4	8	29	165	7.5	8.5	28.5	29.5
#A5A5A5	9	29	166	8.5	9.5	28.5	29.5
#A7A7A7	10	29	168	9.5	10.5	28.5	29.5
#A8A8A8	11	29	169	10.5	11.5	28.5	29.5
#AAAAAA	12	29	171	11.5	12.5	28.5	29.5
#ADADAD	13	29	174	12.5	13.5	28.5	29.5
#B0B0B0	14	29	177	13.5	14.5	28.5	29.5
#B1B1B1	15	29	178	14.5	15.5	28.5	29.5
#B1B1B1	16	29	178	15.5	16.5	28.5	29.5
#AAAAAA	17	29	171	16.5	17.5	28.5	29.5
#ACACAC	18	29	173	17.5	18.5	28.5	29.5
#AFAFAF	19	29	176	18.5	19.5	28.5	29.5
#B1B1B1	20	29	178	19.5	20.5	28.5	29.5
#B2B2B2	21	29	179	20.5	21.5	28.5	29.5
#B1B1B1	22	29	178	21.5	22.5	28.5	29.5
#B2B2B2	23	29	179	22.5	23.5	28.5	29.5
#B1B1B1	24	29	178	23.5	24.5	28.5	29.5
#B0B0B0	25	29	177	24.5	25.5	28.5	29.5
#B0B0B0	26	29	177	25.5	26.5	28.5	29.5
#AFAFAF	27	29	176	26.5	27.5	28.5	29.5
#AFAFAF	28	29	176	27.5	28.5	28.5	29.5
#AEAEAE	29	29	175	28.5	29.5	28.5	29.5
#AEAEAE	30	29	175	29.5	30.5	28.5	29.5
#AFAFAF	31	29	176	30.5	31.5	28.5	29.5
#AEAEAE	32	29	175	31.5	32.5	28.5	29.5
#AFAFAF	33	29	176	32.5	33.5	28.5	29.5
#ADADAD	34	29	174	33.5	34.5	28.5	29.5
#ADADAD	35	29	174	34.5	35.5	28.5	29.5
#ADADAD	36	29	174	35.5	36.5	28.5	29.5
#ADADAD	37	29	174	36.5	37.5	28.5	29.5
#AEAEAE	38	29	175	37.5	38.5	28.5	29.5
#ADADAD	39	29	174	38.5	39.5	28.5	29.5
#A0A0A0	40	29	161	39.5	40.5	28.5	29.5
#919191	41	29	146	40.5	41.5	28.5	29.5
#8F8F8F	42	29	144	41.5	42.5	28.5	29.5
#8F8F8F	43	29	144	42.5	43.5	28.5	29.5
#8D8D8D	44	29	142	43.5	44.5	28.5	29.5
#8E8E8E	45	29	143	44.5	45.5	28.5	29.5
#929292	46	29	147	45.5	46.5	28.5	29.5
#979797	47	29	152	46.5	47.5	28.5	29.5
#9D9D9D	48	29	158	47.5	48.5	28.5	29.5
#A5A5A5	49	29	166	48.5	49.5	28.5	29.5
#A6A6A6	50	29	167	49.5	50.5	28.5	29.5
#A8A8A8	51	29	169	50.5	51.5	28.5	29.5
#ABABAB	52	29	172	51.5	52.5	28.5	29.5
#ADADAD	53	29	174	52.5	53.5	28.5	29.5
#AFAFAF	54	29	176	53.5	54.5	28.5	29.5
#B4B4B4	55	29	181	54.5	55.5	28.5	29.5
#B3B3B3	56	29	180	55.5	56.5	28.5	29.5
#B5B5B5	57	29	182	56.5	57.5	28.5	29.5
#B7B7B7	58	29	184	57.5	58.5	28.5	29.5
#B6B6B6	59	29	183	58.5	59.5	28.5	29.5
#B7B7B7	60	29	184	59.5	60.5	28.5	29.5
#B6B6B6	61	29	183	60.5	61.5	28.5	29.5
#B7B7B7	62	29	184	61.5	62.5	28.5	29.5
#B7B7B7	63	29	184	62.5	63.5	28.5	29.5
#B7B7B7	64	29	184	63.5	64.5	28.5	29.5
#B6B6B6	65	29	183	64.5	65.5	28.5	29.5
#B6B6B6	66	29	183	65.5	66.5	28.5	29.5
#B5B5B5	67	29	182	66.5	67.5	28.5	29.5
#B4B4B4	68	29	181	67.5	68.5	28.5	29.5
#B2B2B2	69	29	179	68.5	69.5	28.5	29.5
#B1B1B1	70	29	178	69.5	70.5	28.5	29.5
#B0B0B0	71	29	177	70.5	71.5	28.5	29.5
#B1B1B1	72	29	178	71.5	72.5	28.5	29.5
#B1B1B1	73	29	178	72.5	73.5	28.5	29.5
#ADADAD	74	29	174	73.5	74.5	28.5	29.5
#A6A6A6	75	29	167	74.5	75.5	28.5	29.5
#A3A3A3	76	29	164	75.5	76.5	28.5	29.5
#A2A2A2	77	29	163	76.5	77.5	28.5	29.5
#A2A2A2	78	29	163	77.5	78.5	28.5	29.5
#9E9E9E	79	29	159	78.5	79.5	28.5	29.5
#9C9C9C	80	29	157	79.5	80.5	28.5	29.5
#9F9F9F	81	29	160	80.5	81.5	28.5	29.5
#A1A1A1	82	29	162	81.5	82.5	28.5	29.5
#A0A0A0	83	29	161	82.5	83.5	28.5	29.5
#9F9F9F	84	29	160	83.5	84.5	28.5	29.5
#9D9D9D	85	29	158	84.5	85.5	28.5	29.5
#9B9B9B	86	29	156	85.5	86.5	28.5	29.5
#999999	87	29	154	86.5	87.5	28.5	29.5
#979797	88	29	152	87.5	88.5	28.5	29.5
#959595	89	29	150	88.5	89.5	28.5	29.5
#8E8E8E	90	29	143	89.5	90.5	28.5	29.5
#8B8B8B	91	29	140	90.5	91.5	28.5	29.5
#888888	92	29	137	91.5	92.5	28.5	29.5
#8B8B8B	93	29	140	92.5	93.5	28.5	29.5
#8A8A8A	94	29	139	93.5	94.5	28.5	29.5
#898989	95	29	138	94.5	95.5	28.5	29.5
#878787	96	29	136	95.5	96.5	28.5	29.5
#898989	97	29	138	96.5	97.5	28.5	29.5
#898989	98	29	138	97.5	98.5	28.5	29.5
#888888	99	29	137	98.5	99.5	28.5	29.5
#898989	100	29	138	99.5	100.5	28.5	29.5
#8B8B8B	101	29	140	100.5	101.5	28.5	29.5
#888888	102	29	137	101.5	102.5	28.5	29.5
#858585	103	29	134	102.5	103.5	28.5	29.5
#7E7E7E	104	29	127	103.5	104.5	28.5	29.5
#828282	105	29	131	104.5	105.5	28.5	29.5
#868686	106	29	135	105.5	106.5	28.5	29.5
#919191	107	29	146	106.5	107.5	28.5	29.5
#939393	108	29	148	107.5	108.5	28.5	29.5
#979797	109	29	152	108.5	109.5	28.5	29.5
#999999	110	29	154	109.5	110.5	28.5	29.5
#999999	111	29	154	110.5	111.5	28.5	29.5
#979797	112	29	152	111.5	112.5	28.5	29.5
#939393	113	29	148	112.5	113.5	28.5	29.5
#919191	114	29	146	113.5	114.5	28.5	29.5
#919191	115	29	146	114.5	115.5	28.5	29.5
#919191	116	29	146	115.5	116.5	28.5	29.5
#8F8F8F	117	29	144	116.5	117.5	28.5	29.5
#939393	118	29	148	117.5	118.5	28.5	29.5
#949494	119	29	149	118.5	119.5	28.5	29.5
#909090	120	29	145	119.5	120.5	28.5	29.5
#8C8C8C	121	29	141	120.5	121.5	28.5	29.5
#8B8B8B	122	29	140	121.5	122.5	28.5	29.5
#8A8A8A	123	29	139	122.5	123.5	28.5	29.5
#898989	124	29	138	123.5	124.5	28.5	29.5
#888888	125	29	137	124.5	125.5	28.5	29.5
#868686	126	29	135	125.5	126.5	28.5	29.5
#868686	127	29	135	126.5	127.5	28.5	29.5
#868686	128	29	135	127.5	128.5	28.5	29.5
#858585	129	29	134	128.5	129.5	28.5	29.5
#848484	130	29	133	129.5	130.5	28.5	29.5
#828282	131	29	131	130.5	131.5	28.5	29.5
#838383	132	29	132	131.5	132.5	28.5	29.5
#838383	133	29	132	132.5	133.5	28.5	29.5
#818181	134	29	130	133.5	134.5	28.5	29.5
#808080	135	29	129	134.5	135.5	28.5	29.5
#7D7D7D	136	29	126	135.5	136.5	28.5	29.5
#7A7A7A	137	29	123	136.5	137.5	28.5	29.5
#767676	138	29	119	137.5	138.5	28.5	29.5
#727272	139	29	115	138.5	139.5	28.5	29.5
#737373	0	28	116	-0.5	0.5	27.5	28.5
#999999	1	28	154	0.5	1.5	27.5	28.5
#999999	2	28	154	1.5	2.5	27.5	28.5
#9A9A9A	3	28	155	2.5	3.5	27.5	28.5
#9E9E9E	4	28	159	3.5	4.5	27.5	28.5
#9E9E9E	5	28	159	4.5	5.5	27.5	28.5
#A1A1A1	6	28	162	5.5	6.5	27.5	28.5
#A3A3A3	7	28	164	6.5	7.5	27.5	28.5
#A5A5A5	8	28	166	7.5	8.5	27.5	28.5
#A7A7A7	9	28	168	8.5	9.5	27.5	28.5
#A8A8A8	10	28	169	9.5	10.5	27.5	28.5
#ABABAB	11	28	172	10.5	11.5	27.5	28.5
#ABABAB	12	28	172	11.5	12.5	27.5	28.5
#ACACAC	13	28	173	12.5	13.5	27.5	28.5
#B1B1B1	14	28	178	13.5	14.5	27.5	28.5
#B4B4B4	15	28	181	14.5	15.5	27.5	28.5
#AFAFAF	16	28	176	15.5	16.5	27.5	28.5
#ADADAD	17	28	174	16.5	17.5	27.5	28.5
#B0B0B0	18	28	177	17.5	18.5	27.5	28.5
#B2B2B2	19	28	179	18.5	19.5	27.5	28.5
#B5B5B5	20	28	182	19.5	20.5	27.5	28.5
#B5B5B5	21	28	182	20.5	21.5	27.5	28.5
#B2B2B2	22	28	179	21.5	22.5	27.5	28.5
#B3B3B3	23	28	180	22.5	23.5	27.5	28.5
#B3B3B3	24	28	180	23.5	24.5	27.5	28.5
#B2B2B2	25	28	179	24.5	25.5	27.5	28.5
#B2B2B2	26	28	179	25.5	26.5	27.5	28.5
#B1B1B1	27	28	178	26.5	27.5	27.5	28.5
#B1B1B1	28	28	178	27.5	28.5	27.5	28.5
#B0B0B0	29	28	177	28.5	29.5	27.5	28.5
#AFAFAF	30	28	176	29.5	30.5	27.5	28.5
#AFAFAF	31	28	176	30.5	31.5	27.5	28.5
#AEAEAE	32	28	175	31.5	32.5	27.5	28.5
#ADADAD	33	28	174	32.5	33.5	27.5	28.5
#ADADAD	34	28	174	33.5	34.5	27.5	28.5
#AEAEAE	35	28	175	34.5	35.5	27.5	28.5
#AEAEAE	36	28	175	35.5	36.5	27.5	28.5
#ACACAC	37	28	173	36.5	37.5	27.5	28.5
#ACACAC	38	28	173	37.5	38.5	27.5	28.5
#ADADAD	39	28	174	38.5	39.5	27.5	28.5
#AFAFAF	40	28	176	39.5	40.5	27.5	28.5
#A8A8A8	41	28	169	40.5	41.5	27.5	28.5
#969696	42	28	151	41.5	42.5	27.5	28.5
#8B8B8B	43	28	140	42.5	43.5	27.5	28.5
#8D8D8D	44	28	142	43.5	44.5	27.5	28.5
#8D8D8D	45	28	142	44.5	45.5	27.5	28.5
#949494	46	28	149	45.5	46.5	27.5	28.5
#A0A0A0	47	28	161	46.5	47.5	27.5	28.5
#A7A7A7	48	28	168	47.5	48.5	27.5	28.5
#ABABAB	49	28	172	48.5	49.5	27.5	28.5
#AAAAAA	50	28	171	49.5	50.5	27.5	28.5
#ABABAB	51	28	172	50.5	51.5	27.5	28.5
#ADADAD	52	28	174	51.5	52.5	27.5	28.5
#AFAFAF	53	28	176	52.5	53.5	27.5	28.5
#B4B4B4	54	28	181	53.5	54.5	27.5	28.5
#B6B6B6	55	28	183	54.5	55.5	27.5	28.5
#B4B4B4	56	28	181	55.5	56.5	27.5	28.5
#B5B5B5	57	28	182	56.5	57.5	27.5	28.5
#B7B7B7	58	28	184	57.5	58.5	27.5	28.5
#B8B8B8	59	28	185	58.5	59.5	27.5	28.5
#B9B9B9	60	28	186	59.5	60.5	27.5	28.5
#B9B9B9	61	28	186	60.5	61.5	27.5	28.5
#B9B9B9	62	28	186	61.5	62.5	27.5	28.5
#BABABA	63	28	187	62.5	63.5	27.5	28.5
#B8B8B8	64	28	185	63.5	64.5	27.5	28.5
#B8B8B8	65	28	185	64.5	65.5	27.5	28.5
#B7B7B7	66	28	184	65.5	66.5	27.5	28.5
#B6B6B6	67	28	183	66.5	67.5	27.5	28.5
#B7B7B7	68	28	184	67.5	68.5	27.5	28.5
#B4B4B4	69	28	181	68.5	69.5	27.5	28.5
#B2B2B2	70	28	179	69.5	70.5	27.5	28.5
#B1B1B1	71	28	178	70.5	71.5	27.5	28.5
#B2B2B2	72	28	179	71.5	72.5	27.5	28.5
#B2B2B2	73	28	179	72.5	73.5	27.5	28.5
#ACACAC	74	28	173	73.5	74.5	27.5	28.5
#A7A7A7	75	28	168	74.5	75.5	27.5	28.5
#A6A6A6	76	28	167	75.5	76.5	27.5	28.5
#A7A7A7	77	28	168	76.5	77.5	27.5	28.5
#A4A4A4	78	28	165	77.5	78.5	27.5	28.5
#A1A1A1	79	28	162	78.5	79.5	27.5	28.5
#9F9F9F	80	28	160	79.5	80.5	27.5	28.5
#9F9F9F	81	28	160	80.5	81.5	27.5	28.5
#9E9E9E	82	28	159	81.5	82.5	27.5	28.5
#9F9F9F	83	28	160	82.5	83.5	27.5	28.5
#A1A1A1	84	28	162	83.5	84.5	27.5	28.5
#9F9F9F	85	28	160	84.5	85.5	27.5	28.5
#9E9E9E	86	28	159	85.5	86.5	27.5	28.5
#9C9C9C	87	28	157	86.5	87.5	27.5	28.5
#9B9B9B	88	28	156	87.5	88.5	27.5	28.5
#999999	89	28	154	88.5	89.5	27.5	28.5
#929292	90	28	147	89.5	90.5	27.5	28.5
#8B8B8B	91	28	140	90.5	91.5	27.5	28.5
#8A8A8A	92	28	139	91.5	92.5	27.5	28.5
#8B8B8B	93	28	140	92.5	93.5	27.5	28.5
#8D8D8D	94	28	142	93.5	94.5	27.5	28.5
#8D8D8D	95	28	142	94.5	95.5	27.5	28.5
#8E8E8E	96	28	143	95.5	96.5	27.5	28.5
#8E8E8E	97	28	143	96.5	97.5	27.5	28.5
#898989	98	28	138	97.5	98.5	27.5	28.5
#878787	99	28	136	98.5	99.5	27.5	28.5
#898989	100	28	138	99.5	100.5	27.5	28.5
#8D8D8D	101	28	142	100.5	101.5	27.5	28.5
#8D8D8D	102	28	142	101.5	102.5	27.5	28.5
#898989	103	28	138	102.5	103.5	27.5	28.5
#828282	104	28	131	103.5	104.5	27.5	28.5
#848484	105	28	133	104.5	105.5	27.5	28.5
#888888	106	28	137	105.5	106.5	27.5	28.5
#8E8E8E	107	28	143	106.5	107.5	27.5	28.5
#959595	108	28	150	107.5	108.5	27.5	28.5
#999999	109	28	154	108.5	109.5	27.5	28.5
#9B9B9B	110	28	156	109.5	110.5	27.5	28.5
#9B9B9B	111	28	156	110.5	111.5	27.5	28.5
#999999	112	28	154	111.5	112.5	27.5	28.5
#969696	113	28	151	112.5	113.5	27.5	28.5
#949494	114	28	149	113.5	114.5	27.5	28.5
#939393	115	28	148	114.5	115.5	27.5	28.5
#929292	116	28	147	115.5	116.5	27.5	28.5
#929292	117	28	147	116.5	117.5	27.5	28.5
#959595	118	28	150	117.5	118.5	27.5	28.5
#959595	119	28	150	118.5	119.5	27.5	28.5
#939393	120	28	148	119.5	120.5	27.5	28.5
#8F8F8F	121	28	144	120.5	121.5	27.5	28.5
#8D8D8D	122	28	142	121.5	122.5	27.5	28.5
#8B8B8B	123	28	140	122.5	123.5	27.5	28.5
#8A8A8A	124	28	139	123.5	124.5	27.5	28.5
#898989	125	28	138	124.5	125.5	27.5	28.5
#888888	126	28	137	125.5	126.5	27.5	28.5
#878787	127	28	136	126.5	127.5	27.5	28.5
#888888	128	28	137	127.5	128.5	27.5	28.5
#868686	129	28	135	128.5	129.5	27.5	28.5
#848484	130	28	133	129.5	130.5	27.5	28.5
#848484	131	28	133	130.5	131.5	27.5	28.5
#858585	132	28	134	131.5	132.5	27.5	28.5
#848484	133	28	133	132.5	133.5	27.5	28.5
#828282	134	28	131	133.5	134.5	27.5	28.5
#818181	135	28	130	134.5	135.5	27.5	28.5
#7E7E7E	136	28	127	135.5	136.5	27.5	28.5
#7A7A7A	137	28	123	136.5	137.5	27.5	28.5
#767676	138	28	119	137.5	138.5	27.5	28.5
#727272	139	28	115	138.5	139.5	27.5	28.5
#747474	0	27	117	-0.5	0.5	26.5	27.5
#9A9A9A	1	27	155	0.5	1.5	26.5	27.5
#999999	2	27	154	1.5	2.5	26.5	27.5
#9D9D9D	3	27	158	2.5	3.5	26.5	27.5
#9F9F9F	4	27	160	3.5	4.5	26.5	27.5
#9F9F9F	5	27	160	4.5	5.5	26.5	27.5
#A1A1A1	6	27	162	5.5	6.5	26.5	27.5
#A4A4A4	7	27	165	6.5	7.5	26.5	27.5
#A5A5A5	8	27	166	7.5	8.5	26.5	27.5
#A6A6A6	9	27	167	8.5	9.5	26.5	27.5
#AAAAAA	10	27	171	9.5	10.5	26.5	27.5
#ACACAC	11	27	173	10.5	11.5	26.5	27.5
#ABABAB	12	27	172	11.5	12.5	26.5	27.5
#ADADAD	13	27	174	12.5	13.5	26.5	27.5
#B2B2B2	14	27	179	13.5	14.5	26.5	27.5
#B4B4B4	15	27	181	14.5	15.5	26.5	27.5
#AEAEAE	16	27	175	15.5	16.5	26.5	27.5
#AFAFAF	17	27	176	16.5	17.5	26.5	27.5
#B0B0B0	18	27	177	17.5	18.5	26.5	27.5
#B4B4B4	19	27	181	18.5	19.5	26.5	27.5
#B5B5B5	20	27	182	19.5	20.5	26.5	27.5
#B4B4B4	21	27	181	20.5	21.5	26.5	27.5
#B5B5B5	22	27	182	21.5	22.5	26.5	27.5
#B4B4B4	23	27	181	22.5	23.5	26.5	27.5
#B3B3B3	24	27	180	23.5	24.5	26.5	27.5
#B2B2B2	25	27	179	24.5	25.5	26.5	27.5
#B3B3B3	26	27	180	25.5	26.5	26.5	27.5
#B2B2B2	27	27	179	26.5	27.5	26.5	27.5
#B0B0B0	28	27	177	27.5	28.5	26.5	27.5
#B2B2B2	29	27	179	28.5	29.5	26.5	27.5
#B0B0B0	30	27	177	29.5	30.5	26.5	27.5
#B0B0B0	31	27	177	30.5	31.5	26.5	27.5
#AFAFAF	32	27	176	31.5	32.5	26.5	27.5
#AFAFAF	33	27	176	32.5	33.5	26.5	27.5
#AFAFAF	34	27	176	33.5	34.5	26.5	27.5
#ADADAD	35	27	174	34.5	35.5	26.5	27.5
#ADADAD	36	27	174	35.5	36.5	26.5	27.5
#ACACAC	37	27	173	36.5	37.5	26.5	27.5
#ACACAC	38	27	173	37.5	38.5	26.5	27.5
#ADADAD	39	27	174	38.5	39.5	26.5	27.5
#B0B0B0	40	27	177	39.5	40.5	26.5	27.5
#B2B2B2	41	27	179	40.5	41.5	26.5	27.5
#AAAAAA	42	27	171	41.5	42.5	26.5	27.5
#979797	43	27	152	42.5	43.5	26.5	27.5
#919191	44	27	146	43.5	44.5	26.5	27.5
#989898	45	27	153	44.5	45.5	26.5	27.5
#9F9F9F	46	27	160	45.5	46.5	26.5	27.5
#A7A7A7	47	27	168	46.5	47.5	26.5	27.5
#A8A8A8	48	27	169	47.5	48.5	26.5	27.5
#ADADAD	49	27	174	48.5	49.5	26.5	27.5
#ADADAD	50	27	174	49.5	50.5	26.5	27.5
#ACACAC	51	27	173	50.5	51.5	26.5	27.5
#AFAFAF	52	27	176	51.5	52.5	26.5	27.5
#B2B2B2	53	27	179	52.5	53.5	26.5	27.5
#B7B7B7	54	27	184	53.5	54.5	26.5	27.5
#BABABA	55	27	187	54.5	55.5	26.5	27.5
#BABABA	56	27	187	55.5	56.5	26.5	27.5
#B8B8B8	57	27	185	56.5	57.5	26.5	27.5
#B8B8B8	58	27	185	57.5	58.5	26.5	27.5
#B8B8B8	59	27	185	58.5	59.5	26.5	27.5
#B9B9B9	60	27	186	59.5	60.5	26.5	27.5
#B9B9B9	61	27	186	60.5	61.5	26.5	27.5
#B9B9B9	62	27	186	61.5	62.5	26.5	27.5
#BABABA	63	27	187	62.5	63.5	26.5	27.5
#BABABA	64	27	187	63.5	64.5	26.5	27.5
#B9B9B9	65	27	186	64.5	65.5	26.5	27.5
#BABABA	66	27	187	65.5	66.5	26.5	27.5
#BABABA	67	27	187	66.5	67.5	26.5	27.5
#B9B9B9	68	27	186	67.5	68.5	26.5	27.5
#B5B5B5	69	27	182	68.5	69.5	26.5	27.5
#B2B2B2	70	27	179	69.5	70.5	26.5	27.5
#B1B1B1	71	27	178	70.5	71.5	26.5	27.5
#B2B2B2	72	27	179	71.5	72.5	26.5	27.5
#B3B3B3	73	27	180	72.5	73.5	26.5	27.5
#ACACAC	74	27	173	73.5	74.5	26.5	27.5
#A8A8A8	75	27	169	74.5	75.5	26.5	27.5
#A8A8A8	76	27	169	75.5	76.5	26.5	27.5
#A7A7A7	77	27	168	76.5	77.5	26.5	27.5
#A6A6A6	78	27	167	77.5	78.5	26.5	27.5
#A3A3A3	79	27	164	78.5	79.5	26.5	27.5
#A2A2A2	80	27	163	79.5	80.5	26.5	27.5
#A0A0A0	81	27	161	80.5	81.5	26.5	27.5
#9E9E9E	82	27	159	81.5	82.5	26.5	27.5
#9E9E9E	83	27	159	82.5	83.5	26.5	27.5
#A1A1A1	84	27	162	83.5	84.5	26.5	27.5
#9F9F9F	85	27	160	84.5	85.5	26.5	27.5
#9D9D9D	86	27	158	85.5	86.5	26.5	27.5
#9E9E9E	87	27	159	86.5	87.5	26.5	27.5
#9D9D9D	88	27	158	87.5	88.5	26.5	27.5
#9D9D9D	89	27	158	88.5	89.5	26.5	27.5
#9A9A9A	90	27	155	89.5	90.5	26.5	27.5
#929292	91	27	147	90.5	91.5	26.5	27.5
#8F8F8F	92	27	144	91.5	92.5	26.5	27.5
#8F8F8F	93	27	144	92.5	93.5	26.5	27.5
#939393	94	27	148	93.5	94.5	26.5	27.5
#949494	95	27	149	94.5	95.5	26.5	27.5
#919191	96	27	146	95.5	96.5	26.5	27.5
#8F8F8F	97	27	144	96.5	97.5	26.5	27.5
#8C8C8C	98	27	141	97.5	98.5	26.5	27.5
#8A8A8A	99	27	139	98.5	99.5	26.5	27.5
#888888	100	27	137	99.5	100.5	26.5	27.5
#8D8D8D	101	27	142	100.5	101.5	26.5	27.5
#8E8E8E	102	27	143	101.5	102.5	26.5	27.5
#8B8B8B	103	27	140	102.5	103.5	26.5	27.5
#8A8A8A	104	27	139	103.5	104.5	26.5	27.5
#868686	105	27	135	104.5	105.5	26.5	27.5
#868686	106	27	135	105.5	106.5	26.5	27.5
#8F8F8F	107	27	144	106.5	107.5	26.5	27.5
#989898	108	27	153	107.5	108.5	26.5	27.5
#9C9C9C	109	27	157	108.5	109.5	26.5	27.5
#9C9C9C	110	27	157	109.5	110.5	26.5	27.5
#9B9B9B	111	27	156	110.5	111.5	26.5	27.5
#999999	112	27	154	111.5	112.5	26.5	27.5
#969696	113	27	151	112.5	113.5	26.5	27.5
#969696	114	27	151	113.5	114.5	26.5	27.5
#959595	115	27	150	114.5	115.5	26.5	27.5
#939393	116	27	148	115.5	116.5	26.5	27.5
#919191	117	27	146	116.5	117.5	26.5	27.5
#939393	118	27	148	117.5	118.5	26.5	27.5
#959595	119	27	150	118.5	119.5	26.5	27.5
#959595	120	27	150	119.5	120.5	26.5	27.5
#929292	121	27	147	120.5	121.5	26.5	27.5
#8E8E8E	122	27	143	121.5	122.5	26.5	27.5
#8B8B8B	123	27	140	122.5	123.5	26.5	27.5
#8B8B8B	124	27	140	123.5	124.5	26.5	27.5
#8B8B8B	125	27	140	124.5	125.5	26.5	27.5
#8A8A8A	126	27	139	125.5	126.5	26.5	27.5
#878787	127	27	136	126.5	127.5	26.5	27.5
#8A8A8A	128	27	139	127.5	128.5	26.5	27.5
#898989	129	27	138	128.5	129.5	26.5	27.5
#868686	130	27	135	129.5	130.5	26.5	27.5
#858585	131	27	134	130.5	131.5	26.5	27.5
#858585	132	27	134	131.5	132.5	26.5	27.5
#858585	133	27	134	132.5	133.5	26.5	27.5
#828282	134	27	131	133.5	134.5	26.5	27.5
#808080	135	27	129	134.5	135.5	26.5	27.5
#7D7D7D	136	27	126	135.5	136.5	26.5	27.5
#797979	137	27	122	136.5	137.5	26.5	27.5
#757575	138	27	118	137.5	138.5	26.5	27.5
#717171	139	27	114	138.5	139.5	26.5	27.5
#747474	0	26	117	-0.5	0.5	25.5	26.5
#999999	1	26	154	0.5	1.5	25.5	26.5
#989898	2	26	153	1.5	2.5	25.5	26.5
#9D9D9D	3	26	158	2.5	3.5	25.5	26.5
#9F9F9F	4	26	160	3.5	4.5	25.5	26.5
#A0A0A0	5	26	161	4.5	5.5	25.5	26.5
#A1A1A1	6	26	162	5.5	6.5	25.5	26.5
#A5A5A5	7	26	166	6.5	7.5	25.5	26.5
#A6A6A6	8	26	167	7.5	8.5	25.5	26.5
#A8A8A8	9	26	169	8.5	9.5	25.5	26.5
#AAAAAA	10	26	171	9.5	10.5	25.5	26.5
#A9A9A9	11	26	170	10.5	11.5	25.5	26.5
#ABABAB	12	26	172	11.5	12.5	25.5	26.5
#AFAFAF	13	26	176	12.5	13.5	25.5	26.5
#B2B2B2	14	26	179	13.5	14.5	25.5	26.5
#B1B1B1	15	26	178	14.5	15.5	25.5	26.5
#AFAFAF	16	26	176	15.5	16.5	25.5	26.5
#B2B2B2	17	26	179	16.5	17.5	25.5	26.5
#B2B2B2	18	26	179	17.5	18.5	25.5	26.5
#B4B4B4	19	26	181	18.5	19.5	25.5	26.5
#B6B6B6	20	26	183	19.5	20.5	25.5	26.5
#B7B7B7	21	26	184	20.5	21.5	25.5	26.5
#B6B6B6	22	26	183	21.5	22.5	25.5	26.5
#B5B5B5	23	26	182	22.5	23.5	25.5	26.5
#B4B4B4	24	26	181	23.5	24.5	25.5	26.5
#B4B4B4	25	26	181	24.5	25.5	25.5	26.5
#B4B4B4	26	26	181	25.5	26.5	25.5	26.5
#B3B3B3	27	26	180	26.5	27.5	25.5	26.5
#B3B3B3	28	26	180	27.5	28.5	25.5	26.5
#B2B2B2	29	26	179	28.5	29.5	25.5	26.5
#B2B2B2	30	26	179	29.5	30.5	25.5	26.5
#B2B2B2	31	26	179	30.5	31.5	25.5	26.5
#B2B2B2	32	26	179	31.5	32.5	25.5	26.5
#B1B1B1	33	26	178	32.5	33.5	25.5	26.5
#AFAFAF	34	26	176	33.5	34.5	25.5	26.5
#AFAFAF	35	26	176	34.5	35.5	25.5	26.5
#AEAEAE	36	26	175	35.5	36.5	25.5	26.5
#ADADAD	37	26	174	36.5	37.5	25.5	26.5
#AFAFAF	38	26	176	37.5	38.5	25.5	26.5
#B0B0B0	39	26	177	38.5	39.5	25.5	26.5
#B0B0B0	40	26	177	39.5	40.5	25.5	26.5
#B1B1B1	41	26	178	40.5	41.5	25.5	26.5
#B2B2B2	42	26	179	41.5	42.5	25.5	26.5
#AFAFAF	43	26	176	42.5	43.5	25.5	26.5
#A3A3A3	44	26	164	43.5	44.5	25.5	26.5
#9B9B9B	45	26	156	44.5	45.5	25.5	26.5
#9F9F9F	46	26	160	45.5	46.5	25.5	26.5
#A5A5A5	47	26	166	46.5	47.5	25.5	26.5
#AAAAAA	48	26	171	47.5	48.5	25.5	26.5
#AEAEAE	49	26	175	48.5	49.5	25.5	26.5
#B0B0B0	50	26	177	49.5	50.5	25.5	26.5
#B1B1B1	51	26	178	50.5	51.5	25.5	26.5
#B1B1B1	52	26	178	51.5	52.5	25.5	26.5
#B4B4B4	53	26	181	52.5	53.5	25.5	26.5
#B8B8B8	54	26	185	53.5	54.5	25.5	26.5
#BBBBBB	55	26	188	54.5	55.5	25.5	26.5
#BABABA	56	26	187	55.5	56.5	25.5	26.5
#BABABA	57	26	187	56.5	57.5	25.5	26.5
#BBBBBB	58	26	188	57.5	58.5	25.5	26.5
#BBBBBB	59	26	188	58.5	59.5	25.5	26.5
#BABABA	60	26	187	59.5	60.5	25.5	26.5
#BABABA	61	26	187	60.5	61.5	25.5	26.5
#BBBBBB	62	26	188	61.5	62.5	25.5	26.5
#BABABA	63	26	187	62.5	63.5	25.5	26.5
#BBBBBB	64	26	188	63.5	64.5	25.5	26.5
#BABABA	65	26	187	64.5	65.5	25.5	26.5
#BABABA	66	26	187	65.5	66.5	25.5	26.5
#B9B9B9	67	26	186	66.5	67.5	25.5	26.5
#B7B7B7	68	26	184	67.5	68.5	25.5	26.5
#B6B6B6	69	26	183	68.5	69.5	25.5	26.5
#B4B4B4	70	26	181	69.5	70.5	25.5	26.5
#B3B3B3	71	26	180	70.5	71.5	25.5	26.5
#B5B5B5	72	26	182	71.5	72.5	25.5	26.5
#B1B1B1	73	26	178	72.5	73.5	25.5	26.5
#ABABAB	74	26	172	73.5	74.5	25.5	26.5
#A9A9A9	75	26	170	74.5	75.5	25.5	26.5
#A9A9A9	76	26	170	75.5	76.5	25.5	26.5
#A8A8A8	77	26	169	76.5	77.5	25.5	26.5
#A8A8A8	78	26	169	77.5	78.5	25.5	26.5
#A5A5A5	79	26	166	78.5	79.5	25.5	26.5
#A3A3A3	80	26	164	79.5	80.5	25.5	26.5
#A3A3A3	81	26	164	80.5	81.5	25.5	26.5
#A3A3A3	82	26	164	81.5	82.5	25.5	26.5
#A1A1A1	83	26	162	82.5	83.5	25.5	26.5
#A1A1A1	84	26	162	83.5	84.5	25.5	26.5
#9F9F9F	85	26	160	84.5	85.5	25.5	26.5
#A1A1A1	86	26	162	85.5	86.5	25.5	26.5
#A1A1A1	87	26	162	86.5	87.5	25.5	26.5
#A0A0A0	88	26	161	87.5	88.5	25.5	26.5
#9F9F9F	89	26	160	88.5	89.5	25.5	26.5
#9E9E9E	90	26	159	89.5	90.5	25.5	26.5
#9A9A9A	91	26	155	90.5	91.5	25.5	26.5
#979797	92	26	152	91.5	92.5	25.5	26.5
#949494	93	26	149	92.5	93.5	25.5	26.5
#969696	94	26	151	93.5	94.5	25.5	26.5
#979797	95	26	152	94.5	95.5	25.5	26.5
#949494	96	26	149	95.5	96.5	25.5	26.5
#929292	97	26	147	96.5	97.5	25.5	26.5
#8F8F8F	98	26	144	97.5	98.5	25.5	26.5
#8F8F8F	99	26	144	98.5	99.5	25.5	26.5
#8B8B8B	100	26	140	99.5	100.5	25.5	26.5
#8E8E8E	101	26	143	100.5	101.5	25.5	26.5
#8F8F8F	102	26	144	101.5	102.5	25.5	26.5
#919191	103	26	146	102.5	103.5	25.5	26.5
#909090	104	26	145	103.5	104.5	25.5	26.5
#8A8A8A	105	26	139	104.5	105.5	25.5	26.5
#868686	106	26	135	105.5	106.5	25.5	26.5
#909090	107	26	145	106.5	107.5	25.5	26.5
#999999	108	26	154	107.5	108.5	25.5	26.5
#9C9C9C	109	26	157	108.5	109.5	25.5	26.5
#9E9E9E	110	26	159	109.5	110.5	25.5	26.5
#9B9B9B	111	26	156	110.5	111.5	25.5	26.5
#9B9B9B	112	26	156	111.5	112.5	25.5	26.5
#979797	113	26	152	112.5	113.5	25.5	26.5
#969696	114	26	151	113.5	114.5	25.5	26.5
#969696	115	26	151	114.5	115.5	25.5	26.5
#969696	116	26	151	115.5	116.5	25.5	26.5
#939393	117	26	148	116.5	117.5	25.5	26.5
#949494	118	26	149	117.5	118.5	25.5	26.5
#949494	119	26	149	118.5	119.5	25.5	26.5
#969696	120	26	151	119.5	120.5	25.5	26.5
#969696	121	26	151	120.5	121.5	25.5	26.5
#909090	122	26	145	121.5	122.5	25.5	26.5
#8D8D8D	123	26	142	122.5	123.5	25.5	26.5
#8C8C8C	124	26	141	123.5	124.5	25.5	26.5
#8C8C8C	125	26	141	124.5	125.5	25.5	26.5
#8A8A8A	126	26	139	125.5	126.5	25.5	26.5
#888888	127	26	137	126.5	127.5	25.5	26.5
#898989	128	26	138	127.5	128.5	25.5	26.5
#888888	129	26	137	128.5	129.5	25.5	26.5
#878787	130	26	136	129.5	130.5	25.5	26.5
#858585	131	26	134	130.5	131.5	25.5	26.5
#858585	132	26	134	131.5	132.5	25.5	26.5
#858585	133	26	134	132.5	133.5	25.5	26.5
#828282	134	26	131	133.5	134.5	25.5	26.5
#808080	135	26	129	134.5	135.5	25.5	26.5
#7C7C7C	136	26	125	135.5	136.5	25.5	26.5
#7A7A7A	137	26	123	136.5	137.5	25.5	26.5
#757575	138	26	118	137.5	138.5	25.5	26.5
#707070	139	26	113	138.5	139.5	25.5	26.5
#747474	0	25	117	-0.5	0.5	24.5	25.5
#9B9B9B	1	25	156	0.5	1.5	24.5	25.5
#999999	2	25	154	1.5	2.5	24.5	25.5
#9D9D9D	3	25	158	2.5	3.5	24.5	25.5
#A0A0A0	4	25	161	3.5	4.5	24.5	25.5
#A2A2A2	5	25	163	4.5	5.5	24.5	25.5
#A2A2A2	6	25	163	5.5	6.5	24.5	25.5
#A7A7A7	7	25	168	6.5	7.5	24.5	25.5
#A8A8A8	8	25	169	7.5	8.5	24.5	25.5
#A9A9A9	9	25	170	8.5	9.5	24.5	25.5
#AAAAAA	10	25	171	9.5	10.5	24.5	25.5
#ABABAB	11	25	172	10.5	11.5	24.5	25.5
#ACACAC	12	25	173	11.5	12.5	24.5	25.5
#B2B2B2	13	25	179	12.5	13.5	24.5	25.5
#B5B5B5	14	25	182	13.5	14.5	24.5	25.5
#B3B3B3	15	25	180	14.5	15.5	24.5	25.5
#B1B1B1	16	25	178	15.5	16.5	24.5	25.5
#B2B2B2	17	25	179	16.5	17.5	24.5	25.5
#B6B6B6	18	25	183	17.5	18.5	24.5	25.5
#B6B6B6	19	25	183	18.5	19.5	24.5	25.5
#B8B8B8	20	25	185	19.5	20.5	24.5	25.5
#B9B9B9	21	25	186	20.5	21.5	24.5	25.5
#B6B6B6	22	25	183	21.5	22.5	24.5	25.5
#B7B7B7	23	25	184	22.5	23.5	24.5	25.5
#B7B7B7	24	25	184	23.5	24.5	24.5	25.5
#B6B6B6	25	25	183	24.5	25.5	24.5	25.5
#B5B5B5	26	25	182	25.5	26.5	24.5	25.5
#B5B5B5	27	25	182	26.5	27.5	24.5	25.5
#B5B5B5	28	25	182	27.5	28.5	24.5	25.5
#B4B4B4	29	25	181	28.5	29.5	24.5	25.5
#B3B3B3	30	25	180	29.5	30.5	24.5	25.5
#B3B3B3	31	25	180	30.5	31.5	24.5	25.5
#B4B4B4	32	25	181	31.5	32.5	24.5	25.5
#B4B4B4	33	25	181	32.5	33.5	24.5	25.5
#B1B1B1	34	25	178	33.5	34.5	24.5	25.5
#B3B3B3	35	25	180	34.5	35.5	24.5	25.5
#B1B1B1	36	25	178	35.5	36.5	24.5	25.5
#B0B0B0	37	25	177	36.5	37.5	24.5	25.5
#B1B1B1	38	25	178	37.5	38.5	24.5	25.5
#B1B1B1	39	25	178	38.5	39.5	24.5	25.5
#B3B3B3	40	25	180	39.5	40.5	24.5	25.5
#B2B2B2	41	25	179	40.5	41.5	24.5	25.5
#B4B4B4	42	25	181	41.5	42.5	24.5	25.5
#B5B5B5	43	25	182	42.5	43.5	24.5	25.5
#B4B4B4	44	25	181	43.5	44.5	24.5	25.5
#A9A9A9	45	25	170	44.5	45.5	24.5	25.5
#A3A3A3	46	25	164	45.5	46.5	24.5	25.5
#A7A7A7	47	25	168	46.5	47.5	24.5	25.5
#ADADAD	48	25	174	47.5	48.5	24.5	25.5
#B1B1B1	49	25	178	48.5	49.5	24.5	25.5
#AFAFAF	50	25	176	49.5	50.5	24.5	25.5
#B0B0B0	51	25	177	50.5	51.5	24.5	25.5
#B3B3B3	52	25	180	51.5	52.5	24.5	25.5
#B6B6B6	53	25	183	52.5	53.5	24.5	25.5
#BABABA	54	25	187	53.5	54.5	24.5	25.5
#BCBCBC	55	25	189	54.5	55.5	24.5	25.5
#BABABA	56	25	187	55.5	56.5	24.5	25.5
#BCBCBC	57	25	189	56.5	57.5	24.5	25.5
#BEBEBE	58	25	191	57.5	58.5	24.5	25.5
#BEBEBE	59	25	191	58.5	59.5	24.5	25.5
#BCBCBC	60	25	189	59.5	60.5	24.5	25.5
#BBBBBB	61	25	188	60.5	61.5	24.5	25.5
#BDBDBD	62	25	190	61.5	62.5	24.5	25.5
#BDBDBD	63	25	190	62.5	63.5	24.5	25.5
#BCBCBC	64	25	189	63.5	64.5	24.5	25.5
#BBBBBB	65	25	188	64.5	65.5	24.5	25.5
#BCBCBC	66	25	189	65.5	66.5	24.5	25.5
#BBBBBB	67	25	188	66.5	67.5	24.5	25.5
#B8B8B8	68	25	185	67.5	68.5	24.5	25.5
#B7B7B7	69	25	184	68.5	69.5	24.5	25.5
#B7B7B7	70	25	184	69.5	70.5	24.5	25.5
#B5B5B5	71	25	182	70.5	71.5	24.5	25.5
#B7B7B7	72	25	184	71.5	72.5	24.5	25.5
#B3B3B3	73	25	180	72.5	73.5	24.5	25.5
#ACACAC	74	25	173	73.5	74.5	24.5	25.5
#ACACAC	75	25	173	74.5	75.5	24.5	25.5
#AAAAAA	76	25	171	75.5	76.5	24.5	25.5
#A9A9A9	77	25	170	76.5	77.5	24.5	25.5
#A9A9A9	78	25	170	77.5	78.5	24.5	25.5
#A7A7A7	79	25	168	78.5	79.5	24.5	25.5
#A6A6A6	80	25	167	79.5	80.5	24.5	25.5
#A5A5A5	81	25	166	80.5	81.5	24.5	25.5
#A4A4A4	82	25	165	81.5	82.5	24.5	25.5
#A2A2A2	83	25	163	82.5	83.5	24.5	25.5
#A2A2A2	84	25	163	83.5	84.5	24.5	25.5
#A0A0A0	85	25	161	84.5	85.5	24.5	25.5
#A0A0A0	86	25	161	85.5	86.5	24.5	25.5
#A0A0A0	87	25	161	86.5	87.5	24.5	25.5
#A0A0A0	88	25	161	87.5	88.5	24.5	25.5
#A1A1A1	89	25	162	88.5	89.5	24.5	25.5
#A0A0A0	90	25	161	89.5	90.5	24.5	25.5
#9B9B9B	91	25	156	90.5	91.5	24.5	25.5
#9B9B9B	92	25	156	91.5	92.5	24.5	25.5
#999999	93	25	154	92.5	93.5	24.5	25.5
#989898	94	25	153	93.5	94.5	24.5	25.5
#999999	95	25	154	94.5	95.5	24.5	25.5
#979797	96	25	152	95.5	96.5	24.5	25.5
#969696	97	25	151	96.5	97.5	24.5	25.5
#929292	98	25	147	97.5	98.5	24.5	25.5
#929292	99	25	147	98.5	99.5	24.5	25.5
#909090	100	25	145	99.5	100.5	24.5	25.5
#8C8C8C	101	25	141	100.5	101.5	24.5	25.5
#8F8F8F	102	25	144	101.5	102.5	24.5	25.5
#959595	103	25	150	102.5	103.5	24.5	25.5
#929292	104	25	147	103.5	104.5	24.5	25.5
#919191	105	25	146	104.5	105.5	24.5	25.5
#8C8C8C	106	25	141	105.5	106.5	24.5	25.5
#929292	107	25	147	106.5	107.5	24.5	25.5
#9C9C9C	108	25	157	107.5	108.5	24.5	25.5
#9E9E9E	109	25	159	108.5	109.5	24.5	25.5
#A0A0A0	110	25	161	109.5	110.5	24.5	25.5
#9E9E9E	111	25	159	110.5	111.5	24.5	25.5
#9C9C9C	112	25	157	111.5	112.5	24.5	25.5
#999999	113	25	154	112.5	113.5	24.5	25.5
#989898	114	25	153	113.5	114.5	24.5	25.5
#979797	115	25	152	114.5	115.5	24.5	25.5
#979797	116	25	152	115.5	116.5	24.5	25.5
#959595	117	25	150	116.5	117.5	24.5	25.5
#949494	118	25	149	117.5	118.5	24.5	25.5
#959595	119	25	150	118.5	119.5	24.5	25.5
#979797	120	25	152	119.5	120.5	24.5	25.5
#969696	121	25	151	120.5	121.5	24.5	25.5
#959595	122	25	150	121.5	122.5	24.5	25.5
#909090	123	25	145	122.5	123.5	24.5	25.5
#8E8E8E	124	25	143	123.5	124.5	24.5	25.5
#8D8D8D	125	25	142	124.5	125.5	24.5	25.5
#8A8A8A	126	25	139	125.5	126.5	24.5	25.5
#8A8A8A	127	25	139	126.5	127.5	24.5	25.5
#8A8A8A	128	25	139	127.5	128.5	24.5	25.5
#898989	129	25	138	128.5	129.5	24.5	25.5
#888888	130	25	137	129.5	130.5	24.5	25.5
#878787	131	25	136	130.5	131.5	24.5	25.5
#878787	132	25	136	131.5	132.5	24.5	25.5
#848484	133	25	133	132.5	133.5	24.5	25.5
#838383	134	25	132	133.5	134.5	24.5	25.5
#7F7F7F	135	25	128	134.5	135.5	24.5	25.5
#7C7C7C	136	25	125	135.5	136.5	24.5	25.5
#787878	137	25	121	136.5	137.5	24.5	25.5
#757575	138	25	118	137.5	138.5	24.5	25.5
#717171	139	25	114	138.5	139.5	24.5	25.5
#757575	0	24	118	-0.5	0.5	23.5	24.5
#9A9A9A	1	24	155	0.5	1.5	23.5	24.5
#9B9B9B	2	24	156	1.5	2.5	23.5	24.5
#9E9E9E	3	24	159	2.5	3.5	23.5	24.5
#A0A0A0	4	24	161	3.5	4.5	23.5	24.5
#A3A3A3	5	24	164	4.5	5.5	23.5	24.5
#A3A3A3	6	24	164	5.5	6.5	23.5	24.5
#A6A6A6	7	24	167	6.5	7.5	23.5	24.5
#A9A9A9	8	24	170	7.5	8.5	23.5	24.5
#A9A9A9	9	24	170	8.5	9.5	23.5	24.5
#AAAAAA	10	24	171	9.5	10.5	23.5	24.5
#ACACAC	11	24	173	10.5	11.5	23.5	24.5
#AEAEAE	12	24	175	11.5	12.5	23.5	24.5
#B3B3B3	13	24	180	12.5	13.5	23.5	24.5
#B4B4B4	14	24	181	13.5	14.5	23.5	24.5
#B3B3B3	15	24	180	14.5	15.5	23.5	24.5
#B2B2B2	16	24	179	15.5	16.5	23.5	24.5
#B3B3B3	17	24	180	16.5	17.5	23.5	24.5
#B6B6B6	18	24	183	17.5	18.5	23.5	24.5
#B8B8B8	19	24	185	18.5	19.5	23.5	24.5
#B9B9B9	20	24	186	19.5	20.5	23.5	24.5
#B9B9B9	21	24	186	20.5	21.5	23.5	24.5
#B9B9B9	22	24	186	21.5	22.5	23.5	24.5
#B9B9B9	23	24	186	22.5	23.5	23.5	24.5
#B6B6B6	24	24	183	23.5	24.5	23.5	24.5
#B6B6B6	25	24	183	24.5	25.5	23.5	24.5
#B6B6B6	26	24	183	25.5	26.5	23.5	24.5
#B6B6B6	27	24	183	26.5	27.5	23.5	24.5
#B6B6B6	28	24	183	27.5	28.5	23.5	24.5
#B6B6B6	29	24	183	28.5	29.5	23.5	24.5
#B5B5B5	30	24	182	29.5	30.5	23.5	24.5
#B5B5B5	31	24	182	30.5	31.5	23.5	24.5
#B4B4B4	32	24	181	31.5	32.5	23.5	24.5
#B5B5B5	33	24	182	32.5	33.5	23.5	24.5
#B4B4B4	34	24	181	33.5	34.5	23.5	24.5
#B3B3B3	35	24	180	34.5	35.5	23.5	24.5
#B4B4B4	36	24	181	35.5	36.5	23.5	24.5
#B5B5B5	37	24	182	36.5	37.5	23.5	24.5
#B4B4B4	38	24	181	37.5	38.5	23.5	24.5
#B5B5B5	39	24	182	38.5	39.5	23.5	24.5
#B6B6B6	40	24	183	39.5	40.5	23.5	24.5
#B7B7B7	41	24	184	40.5	41.5	23.5	24.5
#B6B6B6	42	24	183	41.5	42.5	23.5	24.5
#B5B5B5	43	24	182	42.5	43.5	23.5	24.5
#B6B6B6	44	24	183	43.5	44.5	23.5	24.5
#B6B6B6	45	24	183	44.5	45.5	23.5	24.5
#ADADAD	46	24	174	45.5	46.5	23.5	24.5
#A6A6A6	47	24	167	46.5	47.5	23.5	24.5
#A7A7A7	48	24	168	47.5	48.5	23.5	24.5
#ACACAC	49	24	173	48.5	49.5	23.5	24.5
#ABABAB	50	24	172	49.5	50.5	23.5	24.5
#ADADAD	51	24	174	50.5	51.5	23.5	24.5
#B2B2B2	52	24	179	51.5	52.5	23.5	24.5
#B7B7B7	53	24	184	52.5	53.5	23.5	24.5
#BABABA	54	24	187	53.5	54.5	23.5	24.5
#BDBDBD	55	24	190	54.5	55.5	23.5	24.5
#BCBCBC	56	24	189	55.5	56.5	23.5	24.5
#BBBBBB	57	24	188	56.5	57.5	23.5	24.5
#BCBCBC	58	24	189	57.5	58.5	23.5	24.5
#BEBEBE	59	24	191	58.5	59.5	23.5	24.5
#BDBDBD	60	24	190	59.5	60.5	23.5	24.5
#BDBDBD	61	24	190	60.5	61.5	23.5	24.5
#BEBEBE	62	24	191	61.5	62.5	23.5	24.5
#BDBDBD	63	24	190	62.5	63.5	23.5	24.5
#BDBDBD	64	24	190	63.5	64.5	23.5	24.5
#BDBDBD	65	24	190	64.5	65.5	23.5	24.5
#BDBDBD	66	24	190	65.5	66.5	23.5	24.5
#BDBDBD	67	24	190	66.5	67.5	23.5	24.5
#BDBDBD	68	24	190	67.5	68.5	23.5	24.5
#B9B9B9	69	24	186	68.5	69.5	23.5	24.5
#B9B9B9	70	24	186	69.5	70.5	23.5	24.5
#BABABA	71	24	187	70.5	71.5	23.5	24.5
#B8B8B8	72	24	185	71.5	72.5	23.5	24.5
#B3B3B3	73	24	180	72.5	73.5	23.5	24.5
#AFAFAF	74	24	176	73.5	74.5	23.5	24.5
#AFAFAF	75	24	176	74.5	75.5	23.5	24.5
#ACACAC	76	24	173	75.5	76.5	23.5	24.5
#A9A9A9	77	24	170	76.5	77.5	23.5	24.5
#A8A8A8	78	24	169	77.5	78.5	23.5	24.5
#A8A8A8	79	24	169	78.5	79.5	23.5	24.5
#A8A8A8	80	24	169	79.5	80.5	23.5	24.5
#A7A7A7	81	24	168	80.5	81.5	23.5	24.5
#A5A5A5	82	24	166	81.5	82.5	23.5	24.5
#A4A4A4	83	24	165	82.5	83.5	23.5	24.5
#A3A3A3	84	24	164	83.5	84.5	23.5	24.5
#A1A1A1	85	24	162	84.5	85.5	23.5	24.5
#A0A0A0	86	24	161	85.5	86.5	23.5	24.5
#A0A0A0	87	24	161	86.5	87.5	23.5	24.5
#A1A1A1	88	24	162	87.5	88.5	23.5	24.5
#A3A3A3	89	24	164	88.5	89.5	23.5	24.5
#A2A2A2	90	24	163	89.5	90.5	23.5	24.5
#9E9E9E	91	24	159	90.5	91.5	23.5	24.5
#9C9C9C	92	24	157	91.5	92.5	23.5	24.5
#9D9D9D	93	24	158	92.5	93.5	23.5	24.5
#9B9B9B	94	24	156	93.5	94.5	23.5	24.5
#999999	95	24	154	94.5	95.5	23.5	24.5
#9B9B9B	96	24	156	95.5	96.5	23.5	24.5
#9B9B9B	97	24	156	96.5	97.5	23.5	24.5
#969696	98	24	151	97.5	98.5	23.5	24.5
#939393	99	24	148	98.5	99.5	23.5	24.5
#8E8E8E	100	24	143	99.5	100.5	23.5	24.5
#898989	101	24	138	100.5	101.5	23.5	24.5
#8A8A8A	102	24	139	101.5	102.5	23.5	24.5
#919191	103	24	146	102.5	103.5	23.5	24.5
#919191	104	24	146	103.5	104.5	23.5	24.5
#949494	105	24	149	104.5	105.5	23.5	24.5
#949494	106	24	149	105.5	106.5	23.5	24.5
#969696	107	24	151	106.5	107.5	23.5	24.5
#9C9C9C	108	24	157	107.5	108.5	23.5	24.5
#9E9E9E	109	24	159	108.5	109.5	23.5	24.5
#A1A1A1	110	24	162	109.5	110.5	23.5	24.5
#9F9F9F	111	24	160	110.5	111.5	23.5	24.5
#9E9E9E	112	24	159	111.5	112.5	23.5	24.5
#9B9B9B	113	24	156	112.5	113.5	23.5	24.5
#9A9A9A	114	24	155	113.5	114.5	23.5	24.5
#989898	115	24	153	114.5	115.5	23.5	24.5
#979797	116	24	152	115.5	116.5	23.5	24.5
#969696	117	24	151	116.5	117.5	23.5	24.5
#959595	118	24	150	117.5	118.5	23.5	24.5
#959595	119	24	150	118.5	119.5	23.5	24.5
#969696	120	24	151	119.5	120.5	23.5	24.5
#979797	121	24	152	120.5	121.5	23.5	24.5
#979797	122	24	152	121.5	122.5	23.5	24.5
#939393	123	24	148	122.5	123.5	23.5	24.5
#8F8F8F	124	24	144	123.5	124.5	23.5	24.5
#8D8D8D	125	24	142	124.5	125.5	23.5	24.5
#8B8B8B	126	24	140	125.5	126.5	23.5	24.5
#8A8A8A	127	24	139	126.5	127.5	23.5	24.5
#8B8B8B	128	24	140	127.5	128.5	23.5	24.5
#8A8A8A	129	24	139	128.5	129.5	23.5	24.5
#888888	130	24	137	129.5	130.5	23.5	24.5
#868686	131	24	135	130.5	131.5	23.5	24.5
#868686	132	24	135	131.5	132.5	23.5	24.5
#858585	133	24	134	132.5	133.5	23.5	24.5
#838383	134	24	132	133.5	134.5	23.5	24.5
#818181	135	24	130	134.5	135.5	23.5	24.5
#7D7D7D	136	24	126	135.5	136.5	23.5	24.5
#797979	137	24	122	136.5	137.5	23.5	24.5
#757575	138	24	118	137.5	138.5	23.5	24.5
#717171	139	24	114	138.5	139.5	23.5	24.5
#757575	0	23	118	-0.5	0.5	22.5	23.5
#9A9A9A	1	23	155	0.5	1.5	22.5	23.5
#9A9A9A	2	23	155	1.5	2.5	22.5	23.5
#9D9D9D	3	23	158	2.5	3.5	22.5	23.5
#A1A1A1	4	23	162	3.5	4.5	22.5	23.5
#A3A3A3	5	23	164	4.5	5.5	22.5	23.5
#A3A3A3	6	23	164	5.5	6.5	22.5	23.5
#A6A6A6	7	23	167	6.5	7.5	22.5	23.5
#A9A9A9	8	23	170	7.5	8.5	22.5	23.5
#AAAAAA	9	23	171	8.5	9.5	22.5	23.5
#ACACAC	10	23	173	9.5	10.5	22.5	23.5
#ACACAC	11	23	173	10.5	11.5	22.5	23.5
#AFAFAF	12	23	176	11.5	12.5	22.5	23.5
#B4B4B4	13	23	181	12.5	13.5	22.5	23.5
#B3B3B3	14	23	180	13.5	14.5	22.5	23.5
#B2B2B2	15	23	179	14.5	15.5	22.5	23.5
#B4B4B4	16	23	181	15.5	16.5	22.5	23.5
#B6B6B6	17	23	183	16.5	17.5	22.5	23.5
#B6B6B6	18	23	183	17.5	18.5	22.5	23.5
#B9B9B9	19	23	186	18.5	19.5	22.5	23.5
#B9B9B9	20	23	186	19.5	20.5	22.5	23.5
#BABABA	21	23	187	20.5	21.5	22.5	23.5
#BABABA	22	23	187	21.5	22.5	22.5	23.5
#B9B9B9	23	23	186	22.5	23.5	22.5	23.5
#B7B7B7	24	23	184	23.5	24.5	22.5	23.5
#B8B8B8	25	23	185	24.5	25.5	22.5	23.5
#B8B8B8	26	23	185	25.5	26.5	22.5	23.5
#B8B8B8	27	23	185	26.5	27.5	22.5	23.5
#B7B7B7	28	23	184	27.5	28.5	22.5	23.5
#B8B8B8	29	23	185	28.5	29.5	22.5	23.5
#B6B6B6	30	23	183	29.5	30.5	22.5	23.5
#B6B6B6	31	23	183	30.5	31.5	22.5	23.5
#B7B7B7	32	23	184	31.5	32.5	22.5	23.5
#B6B6B6	33	23	183	32.5	33.5	22.5	23.5
#B6B6B6	34	23	183	33.5	34.5	22.5	23.5
#B5B5B5	35	23	182	34.5	35.5	22.5	23.5
#B7B7B7	36	23	184	35.5	36.5	22.5	23.5
#B6B6B6	37	23	183	36.5	37.5	22.5	23.5
#B6B6B6	38	23	183	37.5	38.5	22.5	23.5
#B5B5B5	39	23	182	38.5	39.5	22.5	23.5
#B5B5B5	40	23	182	39.5	40.5	22.5	23.5
#B6B6B6	41	23	183	40.5	41.5	22.5	23.5
#B8B8B8	42	23	185	41.5	42.5	22.5	23.5
#B6B6B6	43	23	183	42.5	43.5	22.5	23.5
#B6B6B6	44	23	183	43.5	44.5	22.5	23.5
#B6B6B6	45	23	183	44.5	45.5	22.5	23.5
#B3B3B3	46	23	180	45.5	46.5	22.5	23.5
#ABABAB	47	23	172	46.5	47.5	22.5	23.5
#A4A4A4	48	23	165	47.5	48.5	22.5	23.5
#A7A7A7	49	23	168	48.5	49.5	22.5	23.5
#ADADAD	50	23	174	49.5	50.5	22.5	23.5
#B0B0B0	51	23	177	50.5	51.5	22.5	23.5
#B2B2B2	52	23	179	51.5	52.5	22.5	23.5
#B7B7B7	53	23	184	52.5	53.5	22.5	23.5
#BBBBBB	54	23	188	53.5	54.5	22.5	23.5
#BFBFBF	55	23	192	54.5	55.5	22.5	23.5
#BFBFBF	56	23	192	55.5	56.5	22.5	23.5
#BDBDBD	57	23	190	56.5	57.5	22.5	23.5
#BEBEBE	58	23	191	57.5	58.5	22.5	23.5
#BEBEBE	59	23	191	58.5	59.5	22.5	23.5
#BDBDBD	60	23	190	59.5	60.5	22.5	23.5
#BEBEBE	61	23	191	60.5	61.5	22.5	23.5
#C0C0C0	62	23	193	61.5	62.5	22.5	23.5
#C0C0C0	63	23	193	62.5	63.5	22.5	23.5
#BFBFBF	64	23	192	63.5	64.5	22.5	23.5
#BEBEBE	65	23	191	64.5	65.5	22.5	23.5
#BDBDBD	66	23	190	65.5	66.5	22.5	23.5
#BCBCBC	67	23	189	66.5	67.5	22.5	23.5
#BBBBBB	68	23	188	67.5	68.5	22.5	23.5
#BABABA	69	23	187	68.5	69.5	22.5	23.5
#BBBBBB	70	23	188	69.5	70.5	22.5	23.5
#BCBCBC	71	23	189	70.5	71.5	22.5	23.5
#B9B9B9	72	23	186	71.5	72.5	22.5	23.5
#B4B4B4	73	23	181	72.5	73.5	22.5	23.5
#B1B1B1	74	23	178	73.5	74.5	22.5	23.5
#B0B0B0	75	23	177	74.5	75.5	22.5	23.5
#B0B0B0	76	23	177	75.5	76.5	22.5	23.5
#ACACAC	77	23	173	76.5	77.5	22.5	23.5
#ABABAB	78	23	172	77.5	78.5	22.5	23.5
#AAAAAA	79	23	171	78.5	79.5	22.5	23.5
#A8A8A8	80	23	169	79.5	80.5	22.5	23.5
#A7A7A7	81	23	168	80.5	81.5	22.5	23.5
#A6A6A6	82	23	167	81.5	82.5	22.5	23.5
#A6A6A6	83	23	167	82.5	83.5	22.5	23.5
#A5A5A5	84	23	166	83.5	84.5	22.5	23.5
#A3A3A3	85	23	164	84.5	85.5	22.5	23.5
#A1A1A1	86	23	162	85.5	86.5	22.5	23.5
#A2A2A2	87	23	163	86.5	87.5	22.5	23.5
#A3A3A3	88	23	164	87.5	88.5	22.5	23.5
#A4A4A4	89	23	165	88.5	89.5	22.5	23.5
#A4A4A4	90	23	165	89.5	90.5	22.5	23.5
#A2A2A2	91	23	163	90.5	91.5	22.5	23.5
#A0A0A0	92	23	161	91.5	92.5	22.5	23.5
#A1A1A1	93	23	162	92.5	93.5	22.5	23.5
#A1A1A1	94	23	162	93.5	94.5	22.5	23.5
#9C9C9C	95	23	157	94.5	95.5	22.5	23.5
#9D9D9D	96	23	158	95.5	96.5	22.5	23.5
#9F9F9F	97	23	160	96.5	97.5	22.5	23.5
#999999	98	23	154	97.5	98.5	22.5	23.5
#929292	99	23	147	98.5	99.5	22.5	23.5
#898989	100	23	138	99.5	100.5	22.5	23.5
#828282	101	23	131	100.5	101.5	22.5	23.5
#828282	102	23	131	101.5	102.5	22.5	23.5
#898989	103	23	138	102.5	103.5	22.5	23.5
#8F8F8F	104	23	144	103.5	104.5	22.5	23.5
#979797	105	23	152	104.5	105.5	22.5	23.5
#979797	106	23	152	105.5	106.5	22.5	23.5
#989898	107	23	153	106.5	107.5	22.5	23.5
#9A9A9A	108	23	155	107.5	108.5	22.5	23.5
#A0A0A0	109	23	161	108.5	109.5	22.5	23.5
#A2A2A2	110	23	163	109.5	110.5	22.5	23.5
#A1A1A1	111	23	162	110.5	111.5	22.5	23.5
#9F9F9F	112	23	160	111.5	112.5	22.5	23.5
#9B9B9B	113	23	156	112.5	113.5	22.5	23.5
#9B9B9B	114	23	156	113.5	114.5	22.5	23.5
#999999	115	23	154	114.5	115.5	22.5	23.5
#989898	116	23	153	115.5	116.5	22.5	23.5
#979797	117	23	152	116.5	117.5	22.5	23.5
#989898	118	23	153	117.5	118.5	22.5	23.5
#969696	119	23	151	118.5	119.5	22.5	23.5
#959595	120	23	150	119.5	120.5	22.5	23.5
#969696	121	23	151	120.5	121.5	22.5	23.5
#979797	122	23	152	121.5	122.5	22.5	23.5
#979797	123	23	152	122.5	123.5	22.5	23.5
#929292	124	23	147	123.5	124.5	22.5	23.5
#8F8F8F	125	23	144	124.5	125.5	22.5	23.5
#8D8D8D	126	23	142	125.5	126.5	22.5	23.5
#8C8C8C	127	23	141	126.5	127.5	22.5	23.5
#8D8D8D	128	23	142	127.5	128.5	22.5	23.5
#8B8B8B	129	23	140	128.5	129.5	22.5	23.5
#8A8A8A	130	23	139	129.5	130.5	22.5	23.5
#888888	131	23	137	130.5	131.5	22.5	23.5
#868686	132	23	135	131.5	132.5	22.5	23.5
#868686	133	23	135	132.5	133.5	22.5	23.5
#838383	134	23	132	133.5	134.5	22.5	23.5
#808080	135	23	129	134.5	135.5	22.5	23.5
#7C7C7C	136	23	125	135.5	136.5	22.5	23.5
#797979	137	23	122	136.5	137.5	22.5	23.5
#747474	138	23	117	137.5	138.5	22.5	23.5
#707070	139	23	113	138.5	139.5	22.5	23.5
#757575	0	22	118	-0.5	0.5	21.5	22.5
#9B9B9B	1	22	156	0.5	1.5	21.5	22.5
#9A9A9A	2	22	155	1.5	2.5	21.5	22.5
#A0A0A0	3	22	161	2.5	3.5	21.5	22.5
#A2A2A2	4	22	163	3.5	4.5	21.5	22.5
#A2A2A2	5	22	163	4.5	5.5	21.5	22.5
#A4A4A4	6	22	165	5.5	6.5	21.5	22.5
#A9A9A9	7	22	170	6.5	7.5	21.5	22.5
#ABABAB	8	22	172	7.5	8.5	21.5	22.5
#AAAAAA	9	22	171	8.5	9.5	21.5	22.5
#ADADAD	10	22	174	9.5	10.5	21.5	22.5
#ADADAD	11	22	174	10.5	11.5	21.5	22.5
#B2B2B2	12	22	179	11.5	12.5	21.5	22.5
#B4B4B4	13	22	181	12.5	13.5	21.5	22.5
#B3B3B3	14	22	180	13.5	14.5	21.5	22.5
#B3B3B3	15	22	180	14.5	15.5	21.5	22.5
#B6B6B6	16	22	183	15.5	16.5	21.5	22.5
#B9B9B9	17	22	186	16.5	17.5	21.5	22.5
#B9B9B9	18	22	186	17.5	18.5	21.5	22.5
#BABABA	19	22	187	18.5	19.5	21.5	22.5
#BBBBBB	20	22	188	19.5	20.5	21.5	22.5
#BBBBBB	21	22	188	20.5	21.5	21.5	22.5
#BCBCBC	22	22	189	21.5	22.5	21.5	22.5
#B9B9B9	23	22	186	22.5	23.5	21.5	22.5
#B9B9B9	24	22	186	23.5	24.5	21.5	22.5
#B9B9B9	25	22	186	24.5	25.5	21.5	22.5
#BABABA	26	22	187	25.5	26.5	21.5	22.5
#BABABA	27	22	187	26.5	27.5	21.5	22.5
#B9B9B9	28	22	186	27.5	28.5	21.5	22.5
#BABABA	29	22	187	28.5	29.5	21.5	22.5
#B9B9B9	30	22	186	29.5	30.5	21.5	22.5
#B8B8B8	31	22	185	30.5	31.5	21.5	22.5
#B8B8B8	32	22	185	31.5	32.5	21.5	22.5
#B9B9B9	33	22	186	32.5	33.5	21.5	22.5
#B8B8B8	34	22	185	33.5	34.5	21.5	22.5
#B7B7B7	35	22	184	34.5	35.5	21.5	22.5
#B8B8B8	36	22	185	35.5	36.5	21.5	22.5
#B7B7B7	37	22	184	36.5	37.5	21.5	22.5
#B9B9B9	38	22	186	37.5	38.5	21.5	22.5
#B7B7B7	39	22	184	38.5	39.5	21.5	22.5
#B7B7B7	40	22	184	39.5	40.5	21.5	22.5
#B7B7B7	41	22	184	40.5	41.5	21.5	22.5
#B7B7B7	42	22	184	41.5	42.5	21.5	22.5
#B6B6B6	43	22	183	42.5	43.5	21.5	22.5
#B6B6B6	44	22	183	43.5	44.5	21.5	22.5
#B7B7B7	45	22	184	44.5	45.5	21.5	22.5
#B6B6B6	46	22	183	45.5	46.5	21.5	22.5
#B3B3B3	47	22	180	46.5	47.5	21.5	22.5
#ACACAC	48	22	173	47.5	48.5	21.5	22.5
#A7A7A7	49	22	168	48.5	49.5	21.5	22.5
#AEAEAE	50	22	175	49.5	50.5	21.5	22.5
#B2B2B2	51	22	179	50.5	51.5	21.5	22.5
#B4B4B4	52	22	181	51.5	52.5	21.5	22.5
#B8B8B8	53	22	185	52.5	53.5	21.5	22.5
#B9B9B9	54	22	186	53.5	54.5	21.5	22.5
#C0C0C0	55	22	193	54.5	55.5	21.5	22.5
#C1C1C1	56	22	194	55.5	56.5	21.5	22.5
#C1C1C1	57	22	194	56.5	57.5	21.5	22.5
#C2C2C2	58	22	195	57.5	58.5	21.5	22.5
#BFBFBF	59	22	192	58.5	59.5	21.5	22.5
#BFBFBF	60	22	192	59.5	60.5	21.5	22.5
#C0C0C0	61	22	193	60.5	61.5	21.5	22.5
#C0C0C0	62	22	193	61.5	62.5	21.5	22.5
#C0C0C0	63	22	193	62.5	63.5	21.5	22.5
#BFBFBF	64	22	192	63.5	64.5	21.5	22.5
#BFBFBF	65	22	192	64.5	65.5	21.5	22.5
#BDBDBD	66	22	190	65.5	66.5	21.5	22.5
#BCBCBC	67	22	189	66.5	67.5	21.5	22.5
#BCBCBC	68	22	189	67.5	68.5	21.5	22.5
#BCBCBC	69	22	189	68.5	69.5	21.5	22.5
#BDBDBD	70	22	190	69.5	70.5	21.5	22.5
#BCBCBC	71	22	189	70.5	71.5	21.5	22.5
#BBBBBB	72	22	188	71.5	72.5	21.5	22.5
#B7B7B7	73	22	184	72.5	73.5	21.5	22.5
#B5B5B5	74	22	182	73.5	74.5	21.5	22.5
#B2B2B2	75	22	179	74.5	75.5	21.5	22.5
#B2B2B2	76	22	179	75.5	76.5	21.5	22.5
#B0B0B0	77	22	177	76.5	77.5	21.5	22.5
#ADADAD	78	22	174	77.5	78.5	21.5	22.5
#A9A9A9	79	22	170	78.5	79.5	21.5	22.5
#AAAAAA	80	22	171	79.5	80.5	21.5	22.5
#A7A7A7	81	22	168	80.5	81.5	21.5	22.5
#A5A5A5	82	22	166	81.5	82.5	21.5	22.5
#A6A6A6	83	22	167	82.5	83.5	21.5	22.5
#A5A5A5	84	22	166	83.5	84.5	21.5	22.5
#A5A5A5	85	22	166	84.5	85.5	21.5	22.5
#A3A3A3	86	22	164	85.5	86.5	21.5	22.5
#A1A1A1	87	22	162	86.5	87.5	21.5	22.5
#A2A2A2	88	22	163	87.5	88.5	21.5	22.5
#A4A4A4	89	22	165	88.5	89.5	21.5	22.5
#A4A4A4	90	22	165	89.5	90.5	21.5	22.5
#A5A5A5	91	22	166	90.5	91.5	21.5	22.5
#A7A7A7	92	22	168	91.5	92.5	21.5	22.5
#A5A5A5	93	22	166	92.5	93.5	21.5	22.5
#A3A3A3	94	22	164	93.5	94.5	21.5	22.5
#A2A2A2	95	22	163	94.5	95.5	21.5	22.5
#9E9E9E	96	22	159	95.5	96.5	21.5	22.5
#9D9D9D	97	22	158	96.5	97.5	21.5	22.5
#9D9D9D	98	22	158	97.5	98.5	21.5	22.5
#979797	99	22	152	98.5	99.5	21.5	22.5
#868686	100	22	135	99.5	100.5	21.5	22.5
#7F7F7F	101	22	128	100.5	101.5	21.5	22.5
#828282	102	22	131	101.5	102.5	21.5	22.5
#898989	103	22	138	102.5	103.5	21.5	22.5
#919191	104	22	146	103.5	104.5	21.5	22.5
#979797	105	22	152	104.5	105.5	21.5	22.5
#989898	106	22	153	105.5	106.5	21.5	22.5
#989898	107	22	153	106.5	107.5	21.5	22.5
#9A9A9A	108	22	155	107.5	108.5	21.5	22.5
#A1A1A1	109	22	162	108.5	109.5	21.5	22.5
#A4A4A4	110	22	165	109.5	110.5	21.5	22.5
#A4A4A4	111	22	165	110.5	111.5	21.5	22.5
#A0A0A0	112	22	161	111.5	112.5	21.5	22.5
#9D9D9D	113	22	158	112.5	113.5	21.5	22.5
#9B9B9B	114	22	156	113.5	114.5	21.5	22.5
#9D9D9D	115	22	158	114.5	115.5	21.5	22.5
#999999	116	22	154	115.5	116.5	21.5	22.5
#979797	117	22	152	116.5	117.5	21.5	22.5
#999999	118	22	154	117.5	118.5	21.5	22.5
#989898	119	22	153	118.5	119.5	21.5	22.5
#959595	120	22	150	119.5	120.5	21.5	22.5
#959595	121	22	150	120.5	121.5	21.5	22.5
#989898	122	22	153	121.5	122.5	21.5	22.5
#989898	123	22	153	122.5	123.5	21.5	22.5
#969696	124	22	151	123.5	124.5	21.5	22.5
#919191	125	22	146	124.5	125.5	21.5	22.5
#8E8E8E	126	22	143	125.5	126.5	21.5	22.5
#8C8C8C	127	22	141	126.5	127.5	21.5	22.5
#8C8C8C	128	22	141	127.5	128.5	21.5	22.5
#8A8A8A	129	22	139	128.5	129.5	21.5	22.5
#8A8A8A	130	22	139	129.5	130.5	21.5	22.5
#898989	131	22	138	130.5	131.5	21.5	22.5
#878787	132	22	136	131.5	132.5	21.5	22.5
#858585	133	22	134	132.5	133.5	21.5	22.5
#828282	134	22	131	133.5	134.5	21.5	22.5
#808080	135	22	129	134.5	135.5	21.5	22.5
#7C7C7C	136	22	125	135.5	136.5	21.5	22.5
#777777	137	22	120	136.5	137.5	21.5	22.5
#737373	138	22	116	137.5	138.5	21.5	22.5
#707070	139	22	113	138.5	139.5	21.5	22.5
#737373	0	21	116	-0.5	0.5	20.5	21.5
#9B9B9B	1	21	156	0.5	1.5	20.5	21.5
#9B9B9B	2	21	156	1.5	2.5	20.5	21.5
#A0A0A0	3	21	161	2.5	3.5	20.5	21.5
#A3A3A3	4	21	164	3.5	4.5	20.5	21.5
#A4A4A4	5	21	165	4.5	5.5	20.5	21.5
#A6A6A6	6	21	167	5.5	6.5	20.5	21.5
#A8A8A8	7	21	169	6.5	7.5	20.5	21.5
#ABABAB	8	21	172	7.5	8.5	20.5	21.5
#AAAAAA	9	21	171	8.5	9.5	20.5	21.5
#ADADAD	10	21	174	9.5	10.5	20.5	21.5
#AFAFAF	11	21	176	10.5	11.5	20.5	21.5
#B2B2B2	12	21	179	11.5	12.5	20.5	21.5
#B3B3B3	13	21	180	12.5	13.5	20.5	21.5
#B4B4B4	14	21	181	13.5	14.5	20.5	21.5
#B6B6B6	15	21	183	14.5	15.5	20.5	21.5
#B8B8B8	16	21	185	15.5	16.5	20.5	21.5
#B9B9B9	17	21	186	16.5	17.5	20.5	21.5
#BABABA	18	21	187	17.5	18.5	20.5	21.5
#BBBBBB	19	21	188	18.5	19.5	20.5	21.5
#BBBBBB	20	21	188	19.5	20.5	20.5	21.5
#BBBBBB	21	21	188	20.5	21.5	20.5	21.5
#BCBCBC	22	21	189	21.5	22.5	20.5	21.5
#BCBCBC	23	21	189	22.5	23.5	20.5	21.5
#BBBBBB	24	21	188	23.5	24.5	20.5	21.5
#BABABA	25	21	187	24.5	25.5	20.5	21.5
#BCBCBC	26	21	189	25.5	26.5	20.5	21.5
#BBBBBB	27	21	188	26.5	27.5	20.5	21.5
#BBBBBB	28	21	188	27.5	28.5	20.5	21.5
#BABABA	29	21	187	28.5	29.5	20.5	21.5
#BABABA	30	21	187	29.5	30.5	20.5	21.5
#BABABA	31	21	187	30.5	31.5	20.5	21.5
#BABABA	32	21	187	31.5	32.5	20.5	21.5
#BBBBBB	33	21	188	32.5	33.5	20.5	21.5
#BABABA	34	21	187	33.5	34.5	20.5	21.5
#BBBBBB	35	21	188	34.5	35.5	20.5	21.5
#BABABA	36	21	187	35.5	36.5	20.5	21.5
#B8B8B8	37	21	185	36.5	37.5	20.5	21.5
#B9B9B9	38	21	186	37.5	38.5	20.5	21.5
#B9B9B9	39	21	186	38.5	39.5	20.5	21.5
#B9B9B9	40	21	186	39.5	40.5	20.5	21.5
#B8B8B8	41	21	185	40.5	41.5	20.5	21.5
#B8B8B8	42	21	185	41.5	42.5	20.5	21.5
#B8B8B8	43	21	185	42.5	43.5	20.5	21.5
#B8B8B8	44	21	185	43.5	44.5	20.5	21.5
#B9B9B9	45	21	186	44.5	45.5	20.5	21.5
#BABABA	46	21	187	45.5	46.5	20.5	21.5
#B8B8B8	47	21	185	46.5	47.5	20.5	21.5
#B3B3B3	48	21	180	47.5	48.5	20.5	21.5
#ACACAC	49	21	173	48.5	49.5	20.5	21.5
#AEAEAE	50	21	175	49.5	50.5	20.5	21.5
#B2B2B2	51	21	179	50.5	51.5	20.5	21.5
#B6B6B6	52	21	183	51.5	52.5	20.5	21.5
#B9B9B9	53	21	186	52.5	53.5	20.5	21.5
#BCBCBC	54	21	189	53.5	54.5	20.5	21.5
#C1C1C1	55	21	194	54.5	55.5	20.5	21.5
#C2C2C2	56	21	195	55.5	56.5	20.5	21.5
#C3C3C3	57	21	196	56.5	57.5	20.5	21.5
#C3C3C3	58	21	196	57.5	58.5	20.5	21.5
#C1C1C1	59	21	194	58.5	59.5	20.5	21.5
#C0C0C0	60	21	193	59.5	60.5	20.5	21.5
#C1C1C1	61	21	194	60.5	61.5	20.5	21.5
#C2C2C2	62	21	195	61.5	62.5	20.5	21.5
#BFBFBF	63	21	192	62.5	63.5	20.5	21.5
#C0C0C0	64	21	193	63.5	64.5	20.5	21.5
#C1C1C1	65	21	194	64.5	65.5	20.5	21.5
#BFBFBF	66	21	192	65.5	66.5	20.5	21.5
#BDBDBD	67	21	190	66.5	67.5	20.5	21.5
#BEBEBE	68	21	191	67.5	68.5	20.5	21.5
#BDBDBD	69	21	190	68.5	69.5	20.5	21.5
#BEBEBE	70	21	191	69.5	70.5	20.5	21.5
#BDBDBD	71	21	190	70.5	71.5	20.5	21.5
#BBBBBB	72	21	188	71.5	72.5	20.5	21.5
#B8B8B8	73	21	185	72.5	73.5	20.5	21.5
#B8B8B8	74	21	185	73.5	74.5	20.5	21.5
#B5B5B5	75	21	182	74.5	75.5	20.5	21.5
#B5B5B5	76	21	182	75.5	76.5	20.5	21.5
#B3B3B3	77	21	180	76.5	77.5	20.5	21.5
#AFAFAF	78	21	176	77.5	78.5	20.5	21.5
#ACACAC	79	21	173	78.5	79.5	20.5	21.5
#AAAAAA	80	21	171	79.5	80.5	20.5	21.5
#AAAAAA	81	21	171	80.5	81.5	20.5	21.5
#A9A9A9	82	21	170	81.5	82.5	20.5	21.5
#A9A9A9	83	21	170	82.5	83.5	20.5	21.5
#A8A8A8	84	21	169	83.5	84.5	20.5	21.5
#A4A4A4	85	21	165	84.5	85.5	20.5	21.5
#A5A5A5	86	21	166	85.5	86.5	20.5	21.5
#A4A4A4	87	21	165	86.5	87.5	20.5	21.5
#A2A2A2	88	21	163	87.5	88.5	20.5	21.5
#A4A4A4	89	21	165	88.5	89.5	20.5	21.5
#A5A5A5	90	21	166	89.5	90.5	20.5	21.5
#A9A9A9	91	21	170	90.5	91.5	20.5	21.5
#A9A9A9	92	21	170	91.5	92.5	20.5	21.5
#A5A5A5	93	21	166	92.5	93.5	20.5	21.5
#A3A3A3	94	21	164	93.5	94.5	20.5	21.5
#A3A3A3	95	21	164	94.5	95.5	20.5	21.5
#A1A1A1	96	21	162	95.5	96.5	20.5	21.5
#9F9F9F	97	21	160	96.5	97.5	20.5	21.5
#A2A2A2	98	21	163	97.5	98.5	20.5	21.5
#9E9E9E	99	21	159	98.5	99.5	20.5	21.5
#8B8B8B	100	21	140	99.5	100.5	20.5	21.5
#7F7F7F	101	21	128	100.5	101.5	20.5	21.5
#838383	102	21	132	101.5	102.5	20.5	21.5
#8B8B8B	103	21	140	102.5	103.5	20.5	21.5
#949494	104	21	149	103.5	104.5	20.5	21.5
#9A9A9A	105	21	155	104.5	105.5	20.5	21.5
#9D9D9D	106	21	158	105.5	106.5	20.5	21.5
#9B9B9B	107	21	156	106.5	107.5	20.5	21.5
#9B9B9B	108	21	156	107.5	108.5	20.5	21.5
#9F9F9F	109	21	160	108.5	109.5	20.5	21.5
#A5A5A5	110	21	166	109.5	110.5	20.5	21.5
#A4A4A4	111	21	165	110.5	111.5	20.5	21.5
#A3A3A3	112	21	164	111.5	112.5	20.5	21.5
#9F9F9F	113	21	160	112.5	113.5	20.5	21.5
#9D9D9D	114	21	158	113.5	114.5	20.5	21.5
#9D9D9D	115	21	158	114.5	115.5	20.5	21.5
#9A9A9A	116	21	155	115.5	116.5	20.5	21.5
#989898	117	21	153	116.5	117.5	20.5	21.5
#999999	118	21	154	117.5	118.5	20.5	21.5
#989898	119	21	153	118.5	119.5	20.5	21.5
#969696	120	21	151	119.5	120.5	20.5	21.5
#969696	121	21	151	120.5	121.5	20.5	21.5
#969696	122	21	151	121.5	122.5	20.5	21.5
#999999	123	21	154	122.5	123.5	20.5	21.5
#989898	124	21	153	123.5	124.5	20.5	21.5
#949494	125	21	149	124.5	125.5	20.5	21.5
#909090	126	21	145	125.5	126.5	20.5	21.5
#8D8D8D	127	21	142	126.5	127.5	20.5	21.5
#8D8D8D	128	21	142	127.5	128.5	20.5	21.5
#8B8B8B	129	21	140	128.5	129.5	20.5	21.5
#8A8A8A	130	21	139	129.5	130.5	20.5	21.5
#888888	131	21	137	130.5	131.5	20.5	21.5
#878787	132	21	136	131.5	132.5	20.5	21.5
#848484	133	21	133	132.5	133.5	20.5	21.5
#818181	134	21	130	133.5	134.5	20.5	21.5
#7F7F7F	135	21	128	134.5	135.5	20.5	21.5
#7B7B7B	136	21	124	135.5	136.5	20.5	21.5
#777777	137	21	120	136.5	137.5	20.5	21.5
#737373	138	21	116	137.5	138.5	20.5	21.5
#707070	139	21	113	138.5	139.5	20.5	21.5
#757575	0	20	118	-0.5	0.5	19.5	20.5
#9B9B9B	1	20	156	0.5	1.5	19.5	20.5
#9C9C9C	2	20	157	1.5	2.5	19.5	20.5
#A0A0A0	3	20	161	2.5	3.5	19.5	20.5
#A2A2A2	4	20	163	3.5	4.5	19.5	20.5
#A5A5A5	5	20	166	4.5	5.5	19.5	20.5
#A6A6A6	6	20	167	5.5	6.5	19.5	20.5
#A9A9A9	7	20	170	6.5	7.5	19.5	20.5
#ABABAB	8	20	172	7.5	8.5	19.5	20.5
#ACACAC	9	20	173	8.5	9.5	19.5	20.5
#ADADAD	10	20	174	9.5	10.5	19.5	20.5
#AFAFAF	11	20	176	10.5	11.5	19.5	20.5
#B3B3B3	12	20	180	11.5	12.5	19.5	20.5
#B4B4B4	13	20	181	12.5	13.5	19.5	20.5
#B7B7B7	14	20	184	13.5	14.5	19.5	20.5
#B6B6B6	15	20	183	14.5	15.5	19.5	20.5
#B9B9B9	16	20	186	15.5	16.5	19.5	20.5
#B9B9B9	17	20	186	16.5	17.5	19.5	20.5
#BBBBBB	18	20	188	17.5	18.5	19.5	20.5
#BDBDBD	19	20	190	18.5	19.5	19.5	20.5
#BBBBBB	20	20	188	19.5	20.5	19.5	20.5
#BBBBBB	21	20	188	20.5	21.5	19.5	20.5
#BCBCBC	22	20	189	21.5	22.5	19.5	20.5
#BDBDBD	23	20	190	22.5	23.5	19.5	20.5
#BCBCBC	24	20	189	23.5	24.5	19.5	20.5
#BCBCBC	25	20	189	24.5	25.5	19.5	20.5
#BDBDBD	26	20	190	25.5	26.5	19.5	20.5
#BDBDBD	27	20	190	26.5	27.5	19.5	20.5
#BBBBBB	28	20	188	27.5	28.5	19.5	20.5
#BBBBBB	29	20	188	28.5	29.5	19.5	20.5
#BBBBBB	30	20	188	29.5	30.5	19.5	20.5
#BABABA	31	20	187	30.5	31.5	19.5	20.5
#BCBCBC	32	20	189	31.5	32.5	19.5	20.5
#BCBCBC	33	20	189	32.5	33.5	19.5	20.5
#BCBCBC	34	20	189	33.5	34.5	19.5	20.5
#BBBBBB	35	20	188	34.5	35.5	19.5	20.5
#B9B9B9	36	20	186	35.5	36.5	19.5	20.5
#B9B9B9	37	20	186	36.5	37.5	19.5	20.5
#BABABA	38	20	187	37.5	38.5	19.5	20.5
#BABABA	39	20	187	38.5	39.5	19.5	20.5
#BBBBBB	40	20	188	39.5	40.5	19.5	20.5
#BABABA	41	20	187	40.5	41.5	19.5	20.5
#B9B9B9	42	20	186	41.5	42.5	19.5	20.5
#BABABA	43	20	187	42.5	43.5	19.5	20.5
#BABABA	44	20	187	43.5	44.5	19.5	20.5
#BABABA	45	20	187	44.5	45.5	19.5	20.5
#BABABA	46	20	187	45.5	46.5	19.5	20.5
#BABABA	47	20	187	46.5	47.5	19.5	20.5
#B9B9B9	48	20	186	47.5	48.5	19.5	20.5
#B3B3B3	49	20	180	48.5	49.5	19.5	20.5
#B0B0B0	50	20	177	49.5	50.5	19.5	20.5
#B5B5B5	51	20	182	50.5	51.5	19.5	20.5
#BCBCBC	52	20	189	51.5	52.5	19.5	20.5
#BDBDBD	53	20	190	52.5	53.5	19.5	20.5
#BFBFBF	54	20	192	53.5	54.5	19.5	20.5
#C2C2C2	55	20	195	54.5	55.5	19.5	20.5
#C3C3C3	56	20	196	55.5	56.5	19.5	20.5
#C3C3C3	57	20	196	56.5	57.5	19.5	20.5
#C3C3C3	58	20	196	57.5	58.5	19.5	20.5
#C3C3C3	59	20	196	58.5	59.5	19.5	20.5
#C2C2C2	60	20	195	59.5	60.5	19.5	20.5
#C1C1C1	61	20	194	60.5	61.5	19.5	20.5
#C4C4C4	62	20	197	61.5	62.5	19.5	20.5
#C2C2C2	63	20	195	62.5	63.5	19.5	20.5
#C1C1C1	64	20	194	63.5	64.5	19.5	20.5
#C1C1C1	65	20	194	64.5	65.5	19.5	20.5
#C2C2C2	66	20	195	65.5	66.5	19.5	20.5
#C1C1C1	67	20	194	66.5	67.5	19.5	20.5
#C0C0C0	68	20	193	67.5	68.5	19.5	20.5
#BFBFBF	69	20	192	68.5	69.5	19.5	20.5
#BFBFBF	70	20	192	69.5	70.5	19.5	20.5
#BEBEBE	71	20	191	70.5	71.5	19.5	20.5
#BCBCBC	72	20	189	71.5	72.5	19.5	20.5
#B9B9B9	73	20	186	72.5	73.5	19.5	20.5
#BABABA	74	20	187	73.5	74.5	19.5	20.5
#BABABA	75	20	187	74.5	75.5	19.5	20.5
#B6B6B6	76	20	183	75.5	76.5	19.5	20.5
#B3B3B3	77	20	180	76.5	77.5	19.5	20.5
#B1B1B1	78	20	178	77.5	78.5	19.5	20.5
#AFAFAF	79	20	176	78.5	79.5	19.5	20.5
#AAAAAA	80	20	171	79.5	80.5	19.5	20.5
#A8A8A8	81	20	169	80.5	81.5	19.5	20.5
#AAAAAA	82	20	171	81.5	82.5	19.5	20.5
#ABABAB	83	20	172	82.5	83.5	19.5	20.5
#ACACAC	84	20	173	83.5	84.5	19.5	20.5
#AAAAAA	85	20	171	84.5	85.5	19.5	20.5
#ACACAC	86	20	173	85.5	86.5	19.5	20.5
#ACACAC	87	20	173	86.5	87.5	19.5	20.5
#AAAAAA	88	20	171	87.5	88.5	19.5	20.5
#A9A9A9	89	20	170	88.5	89.5	19.5	20.5
#AAAAAA	90	20	171	89.5	90.5	19.5	20.5
#AAAAAA	91	20	171	90.5	91.5	19.5	20.5
#AAAAAA	92	20	171	91.5	92.5	19.5	20.5
#A7A7A7	93	20	168	92.5	93.5	19.5	20.5
#A5A5A5	94	20	166	93.5	94.5	19.5	20.5
#A3A3A3	95	20	164	94.5	95.5	19.5	20.5
#A3A3A3	96	20	164	95.5	96.5	19.5	20.5
#A3A3A3	97	20	164	96.5	97.5	19.5	20.5
#A2A2A2	98	20	163	97.5	98.5	19.5	20.5
#A0A0A0	99	20	161	98.5	99.5	19.5	20.5
#939393	100	20	148	99.5	100.5	19.5	20.5
#828282	101	20	131	100.5	101.5	19.5	20.5
#868686	102	20	135	101.5	102.5	19.5	20.5
#8E8E8E	103	20	143	102.5	103.5	19.5	20.5
#989898	104	20	153	103.5	104.5	19.5	20.5
#9E9E9E	105	20	159	104.5	105.5	19.5	20.5
#9E9E9E	106	20	159	105.5	106.5	19.5	20.5
#9E9E9E	107	20	159	106.5	107.5	19.5	20.5
#9B9B9B	108	20	156	107.5	108.5	19.5	20.5
#9D9D9D	109	20	158	108.5	109.5	19.5	20.5
#A5A5A5	110	20	166	109.5	110.5	19.5	20.5
#A5A5A5	111	20	166	110.5	111.5	19.5	20.5
#A5A5A5	112	20	166	111.5	112.5	19.5	20.5
#A0A0A0	113	20	161	112.5	113.5	19.5	20.5
#9E9E9E	114	20	159	113.5	114.5	19.5	20.5
#9E9E9E	115	20	159	114.5	115.5	19.5	20.5
#9D9D9D	116	20	158	115.5	116.5	19.5	20.5
#9B9B9B	117	20	156	116.5	117.5	19.5	20.5
#9B9B9B	118	20	156	117.5	118.5	19.5	20.5
#999999	119	20	154	118.5	119.5	19.5	20.5
#989898	120	20	153	119.5	120.5	19.5	20.5
#979797	121	20	152	120.5	121.5	19.5	20.5
#969696	122	20	151	121.5	122.5	19.5	20.5
#979797	123	20	152	122.5	123.5	19.5	20.5
#979797	124	20	152	123.5	124.5	19.5	20.5
#959595	125	20	150	124.5	125.5	19.5	20.5
#929292	126	20	147	125.5	126.5	19.5	20.5
#8D8D8D	127	20	142	126.5	127.5	19.5	20.5
#8D8D8D	128	20	142	127.5	128.5	19.5	20.5
#8B8B8B	129	20	140	128.5	129.5	19.5	20.5
#898989	130	20	138	129.5	130.5	19.5	20.5
#888888	131	20	137	130.5	131.5	19.5	20.5
#888888	132	20	137	131.5	132.5	19.5	20.5
#858585	133	20	134	132.5	133.5	19.5	20.5
#818181	134	20	130	133.5	134.5	19.5	20.5
#7E7E7E	135	20	127	134.5	135.5	19.5	20.5
#7A7A7A	136	20	123	135.5	136.5	19.5	20.5
#767676	137	20	119	136.5	137.5	19.5	20.5
#737373	138	20	116	137.5	138.5	19.5	20.5
#707070	139	20	113	138.5	139.5	19.5	20.5
#767676	0	19	119	-0.5	0.5	18.5	19.5
#9C9C9C	1	19	157	0.5	1.5	18.5	19.5
#9C9C9C	2	19	157	1.5	2.5	18.5	19.5
#9F9F9F	3	19	160	2.5	3.5	18.5	19.5
#A2A2A2	4	19	163	3.5	4.5	18.5	19.5
#A4A4A4	5	19	165	4.5	5.5	18.5	19.5
#A6A6A6	6	19	167	5.5	6.5	18.5	19.5
#A9A9A9	7	19	170	6.5	7.5	18.5	19.5
#ACACAC	8	19	173	7.5	8.5	18.5	19.5
#ADADAD	9	19	174	8.5	9.5	18.5	19.5
#AEAEAE	10	19	175	9.5	10.5	18.5	19.5
#B0B0B0	11	19	177	10.5	11.5	18.5	19.5
#B4B4B4	12	19	181	11.5	12.5	18.5	19.5
#B4B4B4	13	19	181	12.5	13.5	18.5	19.5
#B6B6B6	14	19	183	13.5	14.5	18.5	19.5
#B8B8B8	15	19	185	14.5	15.5	18.5	19.5
#B9B9B9	16	19	186	15.5	16.5	18.5	19.5
#BABABA	17	19	187	16.5	17.5	18.5	19.5
#BABABA	18	19	187	17.5	18.5	18.5	19.5
#BCBCBC	19	19	189	18.5	19.5	18.5	19.5
#BDBDBD	20	19	190	19.5	20.5	18.5	19.5
#BDBDBD	21	19	190	20.5	21.5	18.5	19.5
#BCBCBC	22	19	189	21.5	22.5	18.5	19.5
#BDBDBD	23	19	190	22.5	23.5	18.5	19.5
#BDBDBD	24	19	190	23.5	24.5	18.5	19.5
#BCBCBC	25	19	189	24.5	25.5	18.5	19.5
#BDBDBD	26	19	190	25.5	26.5	18.5	19.5
#BDBDBD	27	19	190	26.5	27.5	18.5	19.5
#BDBDBD	28	19	190	27.5	28.5	18.5	19.5
#BDBDBD	29	19	190	28.5	29.5	18.5	19.5
#BDBDBD	30	19	190	29.5	30.5	18.5	19.5
#BCBCBC	31	19	189	30.5	31.5	18.5	19.5
#BDBDBD	32	19	190	31.5	32.5	18.5	19.5
#BCBCBC	33	19	189	32.5	33.5	18.5	19.5
#BDBDBD	34	19	190	33.5	34.5	18.5	19.5
#BCBCBC	35	19	189	34.5	35.5	18.5	19.5
#BBBBBB	36	19	188	35.5	36.5	18.5	19.5
#BBBBBB	37	19	188	36.5	37.5	18.5	19.5
#BBBBBB	38	19	188	37.5	38.5	18.5	19.5
#BBBBBB	39	19	188	38.5	39.5	18.5	19.5
#BBBBBB	40	19	188	39.5	40.5	18.5	19.5
#BBBBBB	41	19	188	40.5	41.5	18.5	19.5
#BBBBBB	42	19	188	41.5	42.5	18.5	19.5
#BCBCBC	43	19	189	42.5	43.5	18.5	19.5
#BCBCBC	44	19	189	43.5	44.5	18.5	19.5
#BCBCBC	45	19	189	44.5	45.5	18.5	19.5
#BDBDBD	46	19	190	45.5	46.5	18.5	19.5
#BEBEBE	47	19	191	46.5	47.5	18.5	19.5
#BDBDBD	48	19	190	47.5	48.5	18.5	19.5
#B9B9B9	49	19	186	48.5	49.5	18.5	19.5
#B3B3B3	50	19	180	49.5	50.5	18.5	19.5
#B6B6B6	51	19	183	50.5	51.5	18.5	19.5
#BEBEBE	52	19	191	51.5	52.5	18.5	19.5
#C0C0C0	53	19	193	52.5	53.5	18.5	19.5
#C0C0C0	54	19	193	53.5	54.5	18.5	19.5
#C1C1C1	55	19	194	54.5	55.5	18.5	19.5
#C2C2C2	56	19	195	55.5	56.5	18.5	19.5
#C5C5C5	57	19	198	56.5	57.5	18.5	19.5
#C3C3C3	58	19	196	57.5	58.5	18.5	19.5
#C3C3C3	59	19	196	58.5	59.5	18.5	19.5
#C4C4C4	60	19	197	59.5	60.5	18.5	19.5
#C3C3C3	61	19	196	60.5	61.5	18.5	19.5
#C5C5C5	62	19	198	61.5	62.5	18.5	19.5
#C3C3C3	63	19	196	62.5	63.5	18.5	19.5
#C2C2C2	64	19	195	63.5	64.5	18.5	19.5
#C2C2C2	65	19	195	64.5	65.5	18.5	19.5
#C4C4C4	66	19	197	65.5	66.5	18.5	19.5
#C3C3C3	67	19	196	66.5	67.5	18.5	19.5
#C0C0C0	68	19	193	67.5	68.5	18.5	19.5
#C0C0C0	69	19	193	68.5	69.5	18.5	19.5
#C1C1C1	70	19	194	69.5	70.5	18.5	19.5
#BEBEBE	71	19	191	70.5	71.5	18.5	19.5
#BBBBBB	72	19	188	71.5	72.5	18.5	19.5
#B9B9B9	73	19	186	72.5	73.5	18.5	19.5
#B5B5B5	74	19	182	73.5	74.5	18.5	19.5
#B6B6B6	75	19	183	74.5	75.5	18.5	19.5
#B7B7B7	76	19	184	75.5	76.5	18.5	19.5
#B7B7B7	77	19	184	76.5	77.5	18.5	19.5
#B6B6B6	78	19	183	77.5	78.5	18.5	19.5
#B7B7B7	79	19	184	78.5	79.5	18.5	19.5
#B4B4B4	80	19	181	79.5	80.5	18.5	19.5
#B1B1B1	81	19	178	80.5	81.5	18.5	19.5
#B0B0B0	82	19	177	81.5	82.5	18.5	19.5
#B2B2B2	83	19	179	82.5	83.5	18.5	19.5
#B4B4B4	84	19	181	83.5	84.5	18.5	19.5
#B2B2B2	85	19	179	84.5	85.5	18.5	19.5
#B2B2B2	86	19	179	85.5	86.5	18.5	19.5
#B0B0B0	87	19	177	86.5	87.5	18.5	19.5
#AFAFAF	88	19	176	87.5	88.5	18.5	19.5
#AFAFAF	89	19	176	88.5	89.5	18.5	19.5
#AFAFAF	90	19	176	89.5	90.5	18.5	19.5
#AEAEAE	91	19	175	90.5	91.5	18.5	19.5
#ACACAC	92	19	173	91.5	92.5	18.5	19.5
#ACACAC	93	19	173	92.5	93.5	18.5	19.5
#ABABAB	94	19	172	93.5	94.5	18.5	19.5
#AAAAAA	95	19	171	94.5	95.5	18.5	19.5
#A9A9A9	96	19	170	95.5	96.5	18.5	19.5
#A9A9A9	97	19	170	96.5	97.5	18.5	19.5
#A6A6A6	98	19	167	97.5	98.5	18.5	19.5
#A2A2A2	99	19	163	98.5	99.5	18.5	19.5
#989898	100	19	153	99.5	100.5	18.5	19.5
#8C8C8C	101	19	141	100.5	101.5	18.5	19.5
#8C8C8C	102	19	141	101.5	102.5	18.5	19.5
#949494	103	19	149	102.5	103.5	18.5	19.5
#9D9D9D	104	19	158	103.5	104.5	18.5	19.5
#A2A2A2	105	19	163	104.5	105.5	18.5	19.5
#A2A2A2	106	19	163	105.5	106.5	18.5	19.5
#A0A0A0	107	19	161	106.5	107.5	18.5	19.5
#9D9D9D	108	19	158	107.5	108.5	18.5	19.5
#9F9F9F	109	19	160	108.5	109.5	18.5	19.5
#A6A6A6	110	19	167	109.5	110.5	18.5	19.5
#A5A5A5	111	19	166	110.5	111.5	18.5	19.5
#A4A4A4	112	19	165	111.5	112.5	18.5	19.5
#A2A2A2	113	19	163	112.5	113.5	18.5	19.5
#A0A0A0	114	19	161	113.5	114.5	18.5	19.5
#9F9F9F	115	19	160	114.5	115.5	18.5	19.5
#9E9E9E	116	19	159	115.5	116.5	18.5	19.5
#9C9C9C	117	19	157	116.5	117.5	18.5	19.5
#9B9B9B	118	19	156	117.5	118.5	18.5	19.5
#9A9A9A	119	19	155	118.5	119.5	18.5	19.5
#9A9A9A	120	19	155	119.5	120.5	18.5	19.5
#979797	121	19	152	120.5	121.5	18.5	19.5
#969696	122	19	151	121.5	122.5	18.5	19.5
#969696	123	19	151	122.5	123.5	18.5	19.5
#999999	124	19	154	123.5	124.5	18.5	19.5
#979797	125	19	152	124.5	125.5	18.5	19.5
#939393	126	19	148	125.5	126.5	18.5	19.5
#8F8F8F	127	19	144	126.5	127.5	18.5	19.5
#8E8E8E	128	19	143	127.5	128.5	18.5	19.5
#8B8B8B	129	19	140	128.5	129.5	18.5	19.5
#898989	130	19	138	129.5	130.5	18.5	19.5
#898989	131	19	138	130.5	131.5	18.5	19.5
#878787	132	19	136	131.5	132.5	18.5	19.5
#848484	133	19	133	132.5	133.5	18.5	19.5
#818181	134	19	130	133.5	134.5	18.5	19.5
#7E7E7E	135	19	127	134.5	135.5	18.5	19.5
#7A7A7A	136	19	123	135.5	136.5	18.5	19.5
#767676	137	19	119	136.5	137.5	18.5	19.5
#737373	138	19	116	137.5	138.5	18.5	19.5
#6F6F6F	139	19	112	138.5	139.5	18.5	19.5
#767676	0	18	119	-0.5	0.5	17.5	18.5
#9C9C9C	1	18	157	0.5	1.5	17.5	18.5
#9D9D9D	2	18	158	1.5	2.5	17.5	18.5
#A1A1A1	3	18	162	2.5	3.5	17.5	18.5
#A4A4A4	4	18	165	3.5	4.5	17.5	18.5
#A7A7A7	5	18	168	4.5	5.5	17.5	18.5
#A7A7A7	6	18	168	5.5	6.5	17.5	18.5
#ABABAB	7	18	172	6.5	7.5	17.5	18.5
#ACACAC	8	18	173	7.5	8.5	17.5	18.5
#ABABAB	9	18	172	8.5	9.5	17.5	18.5
#B0B0B0	10	18	177	9.5	10.5	17.5	18.5
#B2B2B2	11	18	179	10.5	11.5	17.5	18.5
#B4B4B4	12	18	181	11.5	12.5	17.5	18.5
#B5B5B5	13	18	182	12.5	13.5	17.5	18.5
#B8B8B8	14	18	185	13.5	14.5	17.5	18.5
#B8B8B8	15	18	185	14.5	15.5	17.5	18.5
#BBBBBB	16	18	188	15.5	16.5	17.5	18.5
#BBBBBB	17	18	188	16.5	17.5	17.5	18.5
#BBBBBB	18	18	188	17.5	18.5	17.5	18.5
#BDBDBD	19	18	190	18.5	19.5	17.5	18.5
#BEBEBE	20	18	191	19.5	20.5	17.5	18.5
#BEBEBE	21	18	191	20.5	21.5	17.5	18.5
#BEBEBE	22	18	191	21.5	22.5	17.5	18.5
#BEBEBE	23	18	191	22.5	23.5	17.5	18.5
#BFBFBF	24	18	192	23.5	24.5	17.5	18.5
#BDBDBD	25	18	190	24.5	25.5	17.5	18.5
#BDBDBD	26	18	190	25.5	26.5	17.5	18.5
#BFBFBF	27	18	192	26.5	27.5	17.5	18.5
#BEBEBE	28	18	191	27.5	28.5	17.5	18.5
#BEBEBE	29	18	191	28.5	29.5	17.5	18.5
#BEBEBE	30	18	191	29.5	30.5	17.5	18.5
#BEBEBE	31	18	191	30.5	31.5	17.5	18.5
#BEBEBE	32	18	191	31.5	32.5	17.5	18.5
#BEBEBE	33	18	191	32.5	33.5	17.5	18.5
#BDBDBD	34	18	190	33.5	34.5	17.5	18.5
#BDBDBD	35	18	190	34.5	35.5	17.5	18.5
#BDBDBD	36	18	190	35.5	36.5	17.5	18.5
#BDBDBD	37	18	190	36.5	37.5	17.5	18.5
#BDBDBD	38	18	190	37.5	38.5	17.5	18.5
#BDBDBD	39	18	190	38.5	39.5	17.5	18.5
#BDBDBD	40	18	190	39.5	40.5	17.5	18.5
#BDBDBD	41	18	190	40.5	41.5	17.5	18.5
#BDBDBD	42	18	190	41.5	42.5	17.5	18.5
#BCBCBC	43	18	189	42.5	43.5	17.5	18.5
#BCBCBC	44	18	189	43.5	44.5	17.5	18.5
#BDBDBD	45	18	190	44.5	45.5	17.5	18.5
#BDBDBD	46	18	190	45.5	46.5	17.5	18.5
#BEBEBE	47	18	191	46.5	47.5	17.5	18.5
#BFBFBF	48	18	192	47.5	48.5	17.5	18.5
#BEBEBE	49	18	191	48.5	49.5	17.5	18.5
#B8B8B8	50	18	185	49.5	50.5	17.5	18.5
#B6B6B6	51	18	183	50.5	51.5	17.5	18.5
#BCBCBC	52	18	189	51.5	52.5	17.5	18.5
#C1C1C1	53	18	194	52.5	53.5	17.5	18.5
#C1C1C1	54	18	194	53.5	54.5	17.5	18.5
#C2C2C2	55	18	195	54.5	55.5	17.5	18.5
#C4C4C4	56	18	197	55.5	56.5	17.5	18.5
#C5C5C5	57	18	198	56.5	57.5	17.5	18.5
#C6C6C6	58	18	199	57.5	58.5	17.5	18.5
#C6C6C6	59	18	199	58.5	59.5	17.5	18.5
#C4C4C4	60	18	197	59.5	60.5	17.5	18.5
#C6C6C6	61	18	199	60.5	61.5	17.5	18.5
#C7C7C7	62	18	200	61.5	62.5	17.5	18.5
#C5C5C5	63	18	198	62.5	63.5	17.5	18.5
#C4C4C4	64	18	197	63.5	64.5	17.5	18.5
#C2C2C2	65	18	195	64.5	65.5	17.5	18.5
#C4C4C4	66	18	197	65.5	66.5	17.5	18.5
#C4C4C4	67	18	197	66.5	67.5	17.5	18.5
#C2C2C2	68	18	195	67.5	68.5	17.5	18.5
#C2C2C2	69	18	195	68.5	69.5	17.5	18.5
#C2C2C2	70	18	195	69.5	70.5	17.5	18.5
#BEBEBE	71	18	191	70.5	71.5	17.5	18.5
#B9B9B9	72	18	186	71.5	72.5	17.5	18.5
#B6B6B6	73	18	183	72.5	73.5	17.5	18.5
#B1B1B1	74	18	178	73.5	74.5	17.5	18.5
#B5B5B5	75	18	182	74.5	75.5	17.5	18.5
#BABABA	76	18	187	75.5	76.5	17.5	18.5
#BCBCBC	77	18	189	76.5	77.5	17.5	18.5
#BBBBBB	78	18	188	77.5	78.5	17.5	18.5
#BBBBBB	79	18	188	78.5	79.5	17.5	18.5
#BABABA	80	18	187	79.5	80.5	17.5	18.5
#B9B9B9	81	18	186	80.5	81.5	17.5	18.5
#B8B8B8	82	18	185	81.5	82.5	17.5	18.5
#B5B5B5	83	18	182	82.5	83.5	17.5	18.5
#B5B5B5	84	18	182	83.5	84.5	17.5	18.5
#B3B3B3	85	18	180	84.5	85.5	17.5	18.5
#B2B2B2	86	18	179	85.5	86.5	17.5	18.5
#B3B3B3	87	18	180	86.5	87.5	17.5	18.5
#B0B0B0	88	18	177	87.5	88.5	17.5	18.5
#B0B0B0	89	18	177	88.5	89.5	17.5	18.5
#B0B0B0	90	18	177	89.5	90.5	17.5	18.5
#AEAEAE	91	18	175	90.5	91.5	17.5	18.5
#ADADAD	92	18	174	91.5	92.5	17.5	18.5
#ADADAD	93	18	174	92.5	93.5	17.5	18.5
#AEAEAE	94	18	175	93.5	94.5	17.5	18.5
#AEAEAE	95	18	175	94.5	95.5	17.5	18.5
#AEAEAE	96	18	175	95.5	96.5	17.5	18.5
#ADADAD	97	18	174	96.5	97.5	17.5	18.5
#ABABAB	98	18	172	97.5	98.5	17.5	18.5
#A9A9A9	99	18	170	98.5	99.5	17.5	18.5
#9F9F9F	100	18	160	99.5	100.5	17.5	18.5
#939393	101	18	148	100.5	101.5	17.5	18.5
#8E8E8E	102	18	143	101.5	102.5	17.5	18.5
#959595	103	18	150	102.5	103.5	17.5	18.5
#9F9F9F	104	18	160	103.5	104.5	17.5	18.5
#A3A3A3	105	18	164	104.5	105.5	17.5	18.5
#A5A5A5	106	18	166	105.5	106.5	17.5	18.5
#A2A2A2	107	18	163	106.5	107.5	17.5	18.5
#A0A0A0	108	18	161	107.5	108.5	17.5	18.5
#A1A1A1	109	18	162	108.5	109.5	17.5	18.5
#A8A8A8	110	18	169	109.5	110.5	17.5	18.5
#A7A7A7	111	18	168	110.5	111.5	17.5	18.5
#A5A5A5	112	18	166	111.5	112.5	17.5	18.5
#A3A3A3	113	18	164	112.5	113.5	17.5	18.5
#A2A2A2	114	18	163	113.5	114.5	17.5	18.5
#A0A0A0	115	18	161	114.5	115.5	17.5	18.5
#9F9F9F	116	18	160	115.5	116.5	17.5	18.5
#9D9D9D	117	18	158	116.5	117.5	17.5	18.5
#9D9D9D	118	18	158	117.5	118.5	17.5	18.5
#9C9C9C	119	18	157	118.5	119.5	17.5	18.5
#9B9B9B	120	18	156	119.5	120.5	17.5	18.5
#989898	121	18	153	120.5	121.5	17.5	18.5
#969696	122	18	151	121.5	122.5	17.5	18.5
#959595	123	18	150	122.5	123.5	17.5	18.5
#969696	124	18	151	123.5	124.5	17.5	18.5
#969696	125	18	151	124.5	125.5	17.5	18.5
#959595	126	18	150	125.5	126.5	17.5	18.5
#929292	127	18	147	126.5	127.5	17.5	18.5
#8E8E8E	128	18	143	127.5	128.5	17.5	18.5
#8B8B8B	129	18	140	128.5	129.5	17.5	18.5
#8A8A8A	130	18	139	129.5	130.5	17.5	18.5
#878787	131	18	136	130.5	131.5	17.5	18.5
#858585	132	18	134	131.5	132.5	17.5	18.5
#838383	133	18	132	132.5	133.5	17.5	18.5
#7F7F7F	134	18	128	133.5	134.5	17.5	18.5
#7E7E7E	135	18	127	134.5	135.5	17.5	18.5
#7A7A7A	136	18	123	135.5	136.5	17.5	18.5
#777777	137	18	120	136.5	137.5	17.5	18.5
#737373	138	18	116	137.5	138.5	17.5	18.5
#707070	139	18	113	138.5	139.5	17.5	18.5
#757575	0	17	118	-0.5	0.5	16.5	17.5
#9D9D9D	1	17	158	0.5	1.5	16.5	17.5
#9E9E9E	2	17	159	1.5	2.5	16.5	17.5
#A2A2A2	3	17	163	2.5	3.5	16.5	17.5
#A4A4A4	4	17	165	3.5	4.5	16.5	17.5
#A7A7A7	5	17	168	4.5	5.5	16.5	17.5
#A7A7A7	6	17	168	5.5	6.5	16.5	17.5
#ABABAB	7	17	172	6.5	7.5	16.5	17.5
#AEAEAE	8	17	175	7.5	8.5	16.5	17.5
#AEAEAE	9	17	175	8.5	9.5	16.5	17.5
#B0B0B0	10	17	177	9.5	10.5	16.5	17.5
#B3B3B3	11	17	180	10.5	11.5	16.5	17.5
#B5B5B5	12	17	182	11.5	12.5	16.5	17.5
#B7B7B7	13	17	184	12.5	13.5	16.5	17.5
#B9B9B9	14	17	186	13.5	14.5	16.5	17.5
#B9B9B9	15	17	186	14.5	15.5	16.5	17.5
#BABABA	16	17	187	15.5	16.5	16.5	17.5
#BBBBBB	17	17	188	16.5	17.5	16.5	17.5
#BDBDBD	18	17	190	17.5	18.5	16.5	17.5
#BDBDBD	19	17	190	18.5	19.5	16.5	17.5
#BFBFBF	20	17	192	19.5	20.5	16.5	17.5
#C0C0C0	21	17	193	20.5	21.5	16.5	17.5
#C0C0C0	22	17	193	21.5	22.5	16.5	17.5
#C0C0C0	23	17	193	22.5	23.5	16.5	17.5
#C0C0C0	24	17	193	23.5	24.5	16.5	17.5
#BFBFBF	25	17	192	24.5	25.5	16.5	17.5
#BFBFBF	26	17	192	25.5	26.5	16.5	17.5
#C1C1C1	27	17	194	26.5	27.5	16.5	17.5
#C1C1C1	28	17	194	27.5	28.5	16.5	17.5
#C0C0C0	29	17	193	28.5	29.5	16.5	17.5
#C0C0C0	30	17	193	29.5	30.5	16.5	17.5
#C0C0C0	31	17	193	30.5	31.5	16.5	17.5
#BFBFBF	32	17	192	31.5	32.5	16.5	17.5
#C0C0C0	33	17	193	32.5	33.5	16.5	17.5
#BFBFBF	34	17	192	33.5	34.5	16.5	17.5
#BEBEBE	35	17	191	34.5	35.5	16.5	17.5
#BEBEBE	36	17	191	35.5	36.5	16.5	17.5
#BDBDBD	37	17	190	36.5	37.5	16.5	17.5
#BDBDBD	38	17	190	37.5	38.5	16.5	17.5
#BFBFBF	39	17	192	38.5	39.5	16.5	17.5
#BEBEBE	40	17	191	39.5	40.5	16.5	17.5
#BFBFBF	41	17	192	40.5	41.5	16.5	17.5
#BEBEBE	42	17	191	41.5	42.5	16.5	17.5
#BDBDBD	43	17	190	42.5	43.5	16.5	17.5
#BDBDBD	44	17	190	43.5	44.5	16.5	17.5
#BEBEBE	45	17	191	44.5	45.5	16.5	17.5
#BEBEBE	46	17	191	45.5	46.5	16.5	17.5
#BEBEBE	47	17	191	46.5	47.5	16.5	17.5
#C0C0C0	48	17	193	47.5	48.5	16.5	17.5
#C1C1C1	49	17	194	48.5	49.5	16.5	17.5
#BCBCBC	50	17	189	49.5	50.5	16.5	17.5
#BABABA	51	17	187	50.5	51.5	16.5	17.5
#BCBCBC	52	17	189	51.5	52.5	16.5	17.5
#BFBFBF	53	17	192	52.5	53.5	16.5	17.5
#C1C1C1	54	17	194	53.5	54.5	16.5	17.5
#C3C3C3	55	17	196	54.5	55.5	16.5	17.5
#C6C6C6	56	17	199	55.5	56.5	16.5	17.5
#C5C5C5	57	17	198	56.5	57.5	16.5	17.5
#C6C6C6	58	17	199	57.5	58.5	16.5	17.5
#C6C6C6	59	17	199	58.5	59.5	16.5	17.5
#C6C6C6	60	17	199	59.5	60.5	16.5	17.5
#C8C8C8	61	17	201	60.5	61.5	16.5	17.5
#C7C7C7	62	17	200	61.5	62.5	16.5	17.5
#C8C8C8	63	17	201	62.5	63.5	16.5	17.5
#C6C6C6	64	17	199	63.5	64.5	16.5	17.5
#C6C6C6	65	17	199	64.5	65.5	16.5	17.5
#C6C6C6	66	17	199	65.5	66.5	16.5	17.5
#C5C5C5	67	17	198	66.5	67.5	16.5	17.5
#C4C4C4	68	17	197	67.5	68.5	16.5	17.5
#C4C4C4	69	17	197	68.5	69.5	16.5	17.5
#C4C4C4	70	17	197	69.5	70.5	16.5	17.5
#BEBEBE	71	17	191	70.5	71.5	16.5	17.5
#B6B6B6	72	17	183	71.5	72.5	16.5	17.5
#B5B5B5	73	17	182	72.5	73.5	16.5	17.5
#B7B7B7	74	17	184	73.5	74.5	16.5	17.5
#BBBBBB	75	17	188	74.5	75.5	16.5	17.5
#BABABA	76	17	187	75.5	76.5	16.5	17.5
#BBBBBB	77	17	188	76.5	77.5	16.5	17.5
#BDBDBD	78	17	190	77.5	78.5	16.5	17.5
#BCBCBC	79	17	189	78.5	79.5	16.5	17.5
#BCBCBC	80	17	189	79.5	80.5	16.5	17.5
#BDBDBD	81	17	190	80.5	81.5	16.5	17.5
#BCBCBC	82	17	189	81.5	82.5	16.5	17.5
#B8B8B8	83	17	185	82.5	83.5	16.5	17.5
#B6B6B6	84	17	183	83.5	84.5	16.5	17.5
#B5B5B5	85	17	182	84.5	85.5	16.5	17.5
#B4B4B4	86	17	181	85.5	86.5	16.5	17.5
#B4B4B4	87	17	181	86.5	87.5	16.5	17.5
#B2B2B2	88	17	179	87.5	88.5	16.5	17.5
#B1B1B1	89	17	178	88.5	89.5	16.5	17.5
#AFAFAF	90	17	176	89.5	90.5	16.5	17.5
#AFAFAF	91	17	176	90.5	91.5	16.5	17.5
#AEAEAE	92	17	175	91.5	92.5	16.5	17.5
#AFAFAF	93	17	176	92.5	93.5	16.5	17.5
#AFAFAF	94	17	176	93.5	94.5	16.5	17.5
#AFAFAF	95	17	176	94.5	95.5	16.5	17.5
#AFAFAF	96	17	176	95.5	96.5	16.5	17.5
#AFAFAF	97	17	176	96.5	97.5	16.5	17.5
#ADADAD	98	17	174	97.5	98.5	16.5	17.5
#ADADAD	99	17	174	98.5	99.5	16.5	17.5
#A8A8A8	100	17	169	99.5	100.5	16.5	17.5
#9F9F9F	101	17	160	100.5	101.5	16.5	17.5
#979797	102	17	152	101.5	102.5	16.5	17.5
#989898	103	17	153	102.5	103.5	16.5	17.5
#9A9A9A	104	17	155	103.5	104.5	16.5	17.5
#9D9D9D	105	17	158	104.5	105.5	16.5	17.5
#A3A3A3	106	17	164	105.5	106.5	16.5	17.5
#A3A3A3	107	17	164	106.5	107.5	16.5	17.5
#A2A2A2	108	17	163	107.5	108.5	16.5	17.5
#A3A3A3	109	17	164	108.5	109.5	16.5	17.5
#A7A7A7	110	17	168	109.5	110.5	16.5	17.5
#A8A8A8	111	17	169	110.5	111.5	16.5	17.5
#A6A6A6	112	17	167	111.5	112.5	16.5	17.5
#A2A2A2	113	17	163	112.5	113.5	16.5	17.5
#A2A2A2	114	17	163	113.5	114.5	16.5	17.5
#A2A2A2	115	17	163	114.5	115.5	16.5	17.5
#9F9F9F	116	17	160	115.5	116.5	16.5	17.5
#9F9F9F	117	17	160	116.5	117.5	16.5	17.5
#9E9E9E	118	17	159	117.5	118.5	16.5	17.5
#9D9D9D	119	17	158	118.5	119.5	16.5	17.5
#9C9C9C	120	17	157	119.5	120.5	16.5	17.5
#9A9A9A	121	17	155	120.5	121.5	16.5	17.5
#989898	122	17	153	121.5	122.5	16.5	17.5
#969696	123	17	151	122.5	123.5	16.5	17.5
#949494	124	17	149	123.5	124.5	16.5	17.5
#959595	125	17	150	124.5	125.5	16.5	17.5
#949494	126	17	149	125.5	126.5	16.5	17.5
#939393	127	17	148	126.5	127.5	16.5	17.5
#8F8F8F	128	17	144	127.5	128.5	16.5	17.5
#8C8C8C	129	17	141	128.5	129.5	16.5	17.5
#898989	130	17	138	129.5	130.5	16.5	17.5
#868686	131	17	135	130.5	131.5	16.5	17.5
#848484	132	17	133	131.5	132.5	16.5	17.5
#828282	133	17	131	132.5	133.5	16.5	17.5
#808080	134	17	129	133.5	134.5	16.5	17.5
#7E7E7E	135	17	127	134.5	135.5	16.5	17.5
#7A7A7A	136	17	123	135.5	136.5	16.5	17.5
#777777	137	17	120	136.5	137.5	16.5	17.5
#737373	138	17	116	137.5	138.5	16.5	17.5
#6F6F6F	139	17	112	138.5	139.5	16.5	17.5
#767676	0	16	119	-0.5	0.5	15.5	16.5
#9D9D9D	1	16	158	0.5	1.5	15.5	16.5
#9E9E9E	2	16	159	1.5	2.5	15.5	16.5
#A1A1A1	3	16	162	2.5	3.5	15.5	16.5
#A4A4A4	4	16	165	3.5	4.5	15.5	16.5
#A7A7A7	5	16	168	4.5	5.5	15.5	16.5
#A9A9A9	6	16	170	5.5	6.5	15.5	16.5
#ABABAB	7	16	172	6.5	7.5	15.5	16.5
#AFAFAF	8	16	176	7.5	8.5	15.5	16.5
#B0B0B0	9	16	177	8.5	9.5	15.5	16.5
#B1B1B1	10	16	178	9.5	10.5	15.5	16.5
#B3B3B3	11	16	180	10.5	11.5	15.5	16.5
#B6B6B6	12	16	183	11.5	12.5	15.5	16.5
#B7B7B7	13	16	184	12.5	13.5	15.5	16.5
#B9B9B9	14	16	186	13.5	14.5	15.5	16.5
#B9B9B9	15	16	186	14.5	15.5	15.5	16.5
#BBBBBB	16	16	188	15.5	16.5	15.5	16.5
#BEBEBE	17	16	191	16.5	17.5	15.5	16.5
#BEBEBE	18	16	191	17.5	18.5	15.5	16.5
#BEBEBE	19	16	191	18.5	19.5	15.5	16.5
#BFBFBF	20	16	192	19.5	20.5	15.5	16.5
#C1C1C1	21	16	194	20.5	21.5	15.5	16.5
#C0C0C0	22	16	193	21.5	22.5	15.5	16.5
#C0C0C0	23	16	193	22.5	23.5	15.5	16.5
#C1C1C1	24	16	194	23.5	24.5	15.5	16.5
#C1C1C1	25	16	194	24.5	25.5	15.5	16.5
#C1C1C1	26	16	194	25.5	26.5	15.5	16.5
#C2C2C2	27	16	195	26.5	27.5	15.5	16.5
#C1C1C1	28	16	194	27.5	28.5	15.5	16.5
#C0C0C0	29	16	193	28.5	29.5	15.5	16.5
#C1C1C1	30	16	194	29.5	30.5	15.5	16.5
#BFBFBF	31	16	192	30.5	31.5	15.5	16.5
#C0C0C0	32	16	193	31.5	32.5	15.5	16.5
#C0C0C0	33	16	193	32.5	33.5	15.5	16.5
#C0C0C0	34	16	193	33.5	34.5	15.5	16.5
#BFBFBF	35	16	192	34.5	35.5	15.5	16.5
#BEBEBE	36	16	191	35.5	36.5	15.5	16.5
#BFBFBF	37	16	192	36.5	37.5	15.5	16.5
#C0C0C0	38	16	193	37.5	38.5	15.5	16.5
#C1C1C1	39	16	194	38.5	39.5	15.5	16.5
#BFBFBF	40	16	192	39.5	40.5	15.5	16.5
#BFBFBF	41	16	192	40.5	41.5	15.5	16.5
#BEBEBE	42	16	191	41.5	42.5	15.5	16.5
#BFBFBF	43	16	192	42.5	43.5	15.5	16.5
#BFBFBF	44	16	192	43.5	44.5	15.5	16.5
#C0C0C0	45	16	193	44.5	45.5	15.5	16.5
#C0C0C0	46	16	193	45.5	46.5	15.5	16.5
#C0C0C0	47	16	193	46.5	47.5	15.5	16.5
#C0C0C0	48	16	193	47.5	48.5	15.5	16.5
#C2C2C2	49	16	195	48.5	49.5	15.5	16.5
#C1C1C1	50	16	194	49.5	50.5	15.5	16.5
#C0C0C0	51	16	193	50.5	51.5	15.5	16.5
#BDBDBD	52	16	190	51.5	52.5	15.5	16.5
#BDBDBD	53	16	190	52.5	53.5	15.5	16.5
#BFBFBF	54	16	192	53.5	54.5	15.5	16.5
#C2C2C2	55	16	195	54.5	55.5	15.5	16.5
#C4C4C4	56	16	197	55.5	56.5	15.5	16.5
#C6C6C6	57	16	199	56.5	57.5	15.5	16.5
#C7C7C7	58	16	200	57.5	58.5	15.5	16.5
#C6C6C6	59	16	199	58.5	59.5	15.5	16.5
#C8C8C8	60	16	201	59.5	60.5	15.5	16.5
#C8C8C8	61	16	201	60.5	61.5	15.5	16.5
#C7C7C7	62	16	200	61.5	62.5	15.5	16.5
#C9C9C9	63	16	202	62.5	63.5	15.5	16.5
#C8C8C8	64	16	201	63.5	64.5	15.5	16.5
#C7C7C7	65	16	200	64.5	65.5	15.5	16.5
#C7C7C7	66	16	200	65.5	66.5	15.5	16.5
#C7C7C7	67	16	200	66.5	67.5	15.5	16.5
#C5C5C5	68	16	198	67.5	68.5	15.5	16.5
#C5C5C5	69	16	198	68.5	69.5	15.5	16.5
#C4C4C4	70	16	197	69.5	70.5	15.5	16.5
#BFBFBF	71	16	192	70.5	71.5	15.5	16.5
#B9B9B9	72	16	186	71.5	72.5	15.5	16.5
#BABABA	73	16	187	72.5	73.5	15.5	16.5
#BCBCBC	74	16	189	73.5	74.5	15.5	16.5
#BCBCBC	75	16	189	74.5	75.5	15.5	16.5
#BBBBBB	76	16	188	75.5	76.5	15.5	16.5
#BBBBBB	77	16	188	76.5	77.5	15.5	16.5
#BDBDBD	78	16	190	77.5	78.5	15.5	16.5
#BDBDBD	79	16	190	78.5	79.5	15.5	16.5
#BEBEBE	80	16	191	79.5	80.5	15.5	16.5
#BDBDBD	81	16	190	80.5	81.5	15.5	16.5
#BCBCBC	82	16	189	81.5	82.5	15.5	16.5
#BBBBBB	83	16	188	82.5	83.5	15.5	16.5
#B8B8B8	84	16	185	83.5	84.5	15.5	16.5
#B5B5B5	85	16	182	84.5	85.5	15.5	16.5
#B5B5B5	86	16	182	85.5	86.5	15.5	16.5
#B5B5B5	87	16	182	86.5	87.5	15.5	16.5
#B3B3B3	88	16	180	87.5	88.5	15.5	16.5
#B2B2B2	89	16	179	88.5	89.5	15.5	16.5
#B1B1B1	90	16	178	89.5	90.5	15.5	16.5
#B2B2B2	91	16	179	90.5	91.5	15.5	16.5
#AFAFAF	92	16	176	91.5	92.5	15.5	16.5
#AFAFAF	93	16	176	92.5	93.5	15.5	16.5
#B0B0B0	94	16	177	93.5	94.5	15.5	16.5
#B0B0B0	95	16	177	94.5	95.5	15.5	16.5
#AFAFAF	96	16	176	95.5	96.5	15.5	16.5
#AFAFAF	97	16	176	96.5	97.5	15.5	16.5
#AFAFAF	98	16	176	97.5	98.5	15.5	16.5
#AFAFAF	99	16	176	98.5	99.5	15.5	16.5
#ADADAD	100	16	174	99.5	100.5	15.5	16.5
#A9A9A9	101	16	170	100.5	101.5	15.5	16.5
#A8A8A8	102	16	169	101.5	102.5	15.5	16.5
#A6A6A6	103	16	167	102.5	103.5	15.5	16.5
#9C9C9C	104	16	157	103.5	104.5	15.5	16.5
#999999	105	16	154	104.5	105.5	15.5	16.5
#9E9E9E	106	16	159	105.5	106.5	15.5	16.5
#A1A1A1	107	16	162	106.5	107.5	15.5	16.5
#A3A3A3	108	16	164	107.5	108.5	15.5	16.5
#A4A4A4	109	16	165	108.5	109.5	15.5	16.5
#A8A8A8	110	16	169	109.5	110.5	15.5	16.5
#AAAAAA	111	16	171	110.5	111.5	15.5	16.5
#A6A6A6	112	16	167	111.5	112.5	15.5	16.5
#A3A3A3	113	16	164	112.5	113.5	15.5	16.5
#A3A3A3	114	16	164	113.5	114.5	15.5	16.5
#A2A2A2	115	16	163	114.5	115.5	15.5	16.5
#A1A1A1	116	16	162	115.5	116.5	15.5	16.5
#9F9F9F	117	16	160	116.5	117.5	15.5	16.5
#9D9D9D	118	16	158	117.5	118.5	15.5	16.5
#9E9E9E	119	16	159	118.5	119.5	15.5	16.5
#9D9D9D	120	16	158	119.5	120.5	15.5	16.5
#9B9B9B	121	16	156	120.5	121.5	15.5	16.5
#999999	122	16	154	121.5	122.5	15.5	16.5
#969696	123	16	151	122.5	123.5	15.5	16.5
#949494	124	16	149	123.5	124.5	15.5	16.5
#929292	125	16	147	124.5	125.5	15.5	16.5
#939393	126	16	148	125.5	126.5	15.5	16.5
#939393	127	16	148	126.5	127.5	15.5	16.5
#919191	128	16	146	127.5	128.5	15.5	16.5
#8C8C8C	129	16	141	128.5	129.5	15.5	16.5
#888888	130	16	137	129.5	130.5	15.5	16.5
#868686	131	16	135	130.5	131.5	15.5	16.5
#848484	132	16	133	131.5	132.5	15.5	16.5
#818181	133	16	130	132.5	133.5	15.5	16.5
#7F7F7F	134	16	128	133.5	134.5	15.5	16.5
#7C7C7C	135	16	125	134.5	135.5	15.5	16.5
#7B7B7B	136	16	124	135.5	136.5	15.5	16.5
#777777	137	16	120	136.5	137.5	15.5	16.5
#737373	138	16	116	137.5	138.5	15.5	16.5
#6F6F6F	139	16	112	138.5	139.5	15.5	16.5
#767676	0	15	119	-0.5	0.5	14.5	15.5
#9C9C9C	1	15	157	0.5	1.5	14.5	15.5
#9E9E9E	2	15	159	1.5	2.5	14.5	15.5
#A2A2A2	3	15	163	2.5	3.5	14.5	15.5
#A7A7A7	4	15	168	3.5	4.5	14.5	15.5
#A7A7A7	5	15	168	4.5	5.5	14.5	15.5
#A9A9A9	6	15	170	5.5	6.5	14.5	15.5
#ACACAC	7	15	173	6.5	7.5	14.5	15.5
#AFAFAF	8	15	176	7.5	8.5	14.5	15.5
#B0B0B0	9	15	177	8.5	9.5	14.5	15.5
#B3B3B3	10	15	180	9.5	10.5	14.5	15.5
#B4B4B4	11	15	181	10.5	11.5	14.5	15.5
#B7B7B7	12	15	184	11.5	12.5	14.5	15.5
#B8B8B8	13	15	185	12.5	13.5	14.5	15.5
#B8B8B8	14	15	185	13.5	14.5	14.5	15.5
#B9B9B9	15	15	186	14.5	15.5	14.5	15.5
#BCBCBC	16	15	189	15.5	16.5	14.5	15.5
#BCBCBC	17	15	189	16.5	17.5	14.5	15.5
#BDBDBD	18	15	190	17.5	18.5	14.5	15.5
#BFBFBF	19	15	192	18.5	19.5	14.5	15.5
#C1C1C1	20	15	194	19.5	20.5	14.5	15.5
#C0C0C0	21	15	193	20.5	21.5	14.5	15.5
#C1C1C1	22	15	194	21.5	22.5	14.5	15.5
#C1C1C1	23	15	194	22.5	23.5	14.5	15.5
#C2C2C2	24	15	195	23.5	24.5	14.5	15.5
#C1C1C1	25	15	194	24.5	25.5	14.5	15.5
#C3C3C3	26	15	196	25.5	26.5	14.5	15.5
#C3C3C3	27	15	196	26.5	27.5	14.5	15.5
#C2C2C2	28	15	195	27.5	28.5	14.5	15.5
#C2C2C2	29	15	195	28.5	29.5	14.5	15.5
#C1C1C1	30	15	194	29.5	30.5	14.5	15.5
#C0C0C0	31	15	193	30.5	31.5	14.5	15.5
#C1C1C1	32	15	194	31.5	32.5	14.5	15.5
#C0C0C0	33	15	193	32.5	33.5	14.5	15.5
#C1C1C1	34	15	194	33.5	34.5	14.5	15.5
#C0C0C0	35	15	193	34.5	35.5	14.5	15.5
#C0C0C0	36	15	193	35.5	36.5	14.5	15.5
#BFBFBF	37	15	192	36.5	37.5	14.5	15.5
#C1C1C1	38	15	194	37.5	38.5	14.5	15.5
#C1C1C1	39	15	194	38.5	39.5	14.5	15.5
#C1C1C1	40	15	194	39.5	40.5	14.5	15.5
#C1C1C1	41	15	194	40.5	41.5	14.5	15.5
#C0C0C0	42	15	193	41.5	42.5	14.5	15.5
#C0C0C0	43	15	193	42.5	43.5	14.5	15.5
#C1C1C1	44	15	194	43.5	44.5	14.5	15.5
#C1C1C1	45	15	194	44.5	45.5	14.5	15.5
#C1C1C1	46	15	194	45.5	46.5	14.5	15.5
#C0C0C0	47	15	193	46.5	47.5	14.5	15.5
#C1C1C1	48	15	194	47.5	48.5	14.5	15.5
#C4C4C4	49	15	197	48.5	49.5	14.5	15.5
#C6C6C6	50	15	199	49.5	50.5	14.5	15.5
#C5C5C5	51	15	198	50.5	51.5	14.5	15.5
#C1C1C1	52	15	194	51.5	52.5	14.5	15.5
#C1C1C1	53	15	194	52.5	53.5	14.5	15.5
#C0C0C0	54	15	193	53.5	54.5	14.5	15.5
#C1C1C1	55	15	194	54.5	55.5	14.5	15.5
#C5C5C5	56	15	198	55.5	56.5	14.5	15.5
#C8C8C8	57	15	201	56.5	57.5	14.5	15.5
#C6C6C6	58	15	199	57.5	58.5	14.5	15.5
#C6C6C6	59	15	199	58.5	59.5	14.5	15.5
#C9C9C9	60	15	202	59.5	60.5	14.5	15.5
#C9C9C9	61	15	202	60.5	61.5	14.5	15.5
#CACACA	62	15	203	61.5	62.5	14.5	15.5
#C9C9C9	63	15	202	62.5	63.5	14.5	15.5
#C9C9C9	64	15	202	63.5	64.5	14.5	15.5
#C8C8C8	65	15	201	64.5	65.5	14.5	15.5
#C8C8C8	66	15	201	65.5	66.5	14.5	15.5
#C8C8C8	67	15	201	66.5	67.5	14.5	15.5
#C6C6C6	68	15	199	67.5	68.5	14.5	15.5
#C5C5C5	69	15	198	68.5	69.5	14.5	15.5
#C4C4C4	70	15	197	69.5	70.5	14.5	15.5
#C2C2C2	71	15	195	70.5	71.5	14.5	15.5
#BFBFBF	72	15	192	71.5	72.5	14.5	15.5
#C0C0C0	73	15	193	72.5	73.5	14.5	15.5
#BEBEBE	74	15	191	73.5	74.5	14.5	15.5
#BEBEBE	75	15	191	74.5	75.5	14.5	15.5
#BDBDBD	76	15	190	75.5	76.5	14.5	15.5
#BEBEBE	77	15	191	76.5	77.5	14.5	15.5
#BFBFBF	78	15	192	77.5	78.5	14.5	15.5
#BEBEBE	79	15	191	78.5	79.5	14.5	15.5
#BEBEBE	80	15	191	79.5	80.5	14.5	15.5
#BEBEBE	81	15	191	80.5	81.5	14.5	15.5
#BDBDBD	82	15	190	81.5	82.5	14.5	15.5
#BCBCBC	83	15	189	82.5	83.5	14.5	15.5
#BBBBBB	84	15	188	83.5	84.5	14.5	15.5
#B8B8B8	85	15	185	84.5	85.5	14.5	15.5
#B6B6B6	86	15	183	85.5	86.5	14.5	15.5
#B6B6B6	87	15	183	86.5	87.5	14.5	15.5
#B4B4B4	88	15	181	87.5	88.5	14.5	15.5
#B3B3B3	89	15	180	88.5	89.5	14.5	15.5
#B2B2B2	90	15	179	89.5	90.5	14.5	15.5
#B3B3B3	91	15	180	90.5	91.5	14.5	15.5
#B1B1B1	92	15	178	91.5	92.5	14.5	15.5
#B0B0B0	93	15	177	92.5	93.5	14.5	15.5
#B0B0B0	94	15	177	93.5	94.5	14.5	15.5
#AFAFAF	95	15	176	94.5	95.5	14.5	15.5
#AFAFAF	96	15	176	95.5	96.5	14.5	15.5
#AFAFAF	97	15	176	96.5	97.5	14.5	15.5
#B0B0B0	98	15	177	97.5	98.5	14.5	15.5
#B0B0B0	99	15	177	98.5	99.5	14.5	15.5
#B0B0B0	100	15	177	99.5	100.5	14.5	15.5
#AEAEAE	101	15	175	100.5	101.5	14.5	15.5
#ACACAC	102	15	173	101.5	102.5	14.5	15.5
#ABABAB	103	15	172	102.5	103.5	14.5	15.5
#A7A7A7	104	15	168	103.5	104.5	14.5	15.5
#9C9C9C	105	15	157	104.5	105.5	14.5	15.5
#989898	106	15	153	105.5	106.5	14.5	15.5
#A1A1A1	107	15	162	106.5	107.5	14.5	15.5
#A4A4A4	108	15	165	107.5	108.5	14.5	15.5
#A5A5A5	109	15	166	108.5	109.5	14.5	15.5
#A9A9A9	110	15	170	109.5	110.5	14.5	15.5
#ABABAB	111	15	172	110.5	111.5	14.5	15.5
#A8A8A8	112	15	169	111.5	112.5	14.5	15.5
#A4A4A4	113	15	165	112.5	113.5	14.5	15.5
#A3A3A3	114	15	164	113.5	114.5	14.5	15.5
#A2A2A2	115	15	163	114.5	115.5	14.5	15.5
#A0A0A0	116	15	161	115.5	116.5	14.5	15.5
#9F9F9F	117	15	160	116.5	117.5	14.5	15.5
#9F9F9F	118	15	160	117.5	118.5	14.5	15.5
#9E9E9E	119	15	159	118.5	119.5	14.5	15.5
#9D9D9D	120	15	158	119.5	120.5	14.5	15.5
#9B9B9B	121	15	156	120.5	121.5	14.5	15.5
#989898	122	15	153	121.5	122.5	14.5	15.5
#959595	123	15	150	122.5	123.5	14.5	15.5
#939393	124	15	148	123.5	124.5	14.5	15.5
#919191	125	15	146	124.5	125.5	14.5	15.5
#919191	126	15	146	125.5	126.5	14.5	15.5
#939393	127	15	148	126.5	127.5	14.5	15.5
#919191	128	15	146	127.5	128.5	14.5	15.5
#8D8D8D	129	15	142	128.5	129.5	14.5	15.5
#898989	130	15	138	129.5	130.5	14.5	15.5
#878787	131	15	136	130.5	131.5	14.5	15.5
#838383	132	15	132	131.5	132.5	14.5	15.5
#808080	133	15	129	132.5	133.5	14.5	15.5
#7D7D7D	134	15	126	133.5	134.5	14.5	15.5
#7B7B7B	135	15	124	134.5	135.5	14.5	15.5
#797979	136	15	122	135.5	136.5	14.5	15.5
#767676	137	15	119	136.5	137.5	14.5	15.5
#727272	138	15	115	137.5	138.5	14.5	15.5
#6F6F6F	139	15	112	138.5	139.5	14.5	15.5
#757575	0	14	118	-0.5	0.5	13.5	14.5
#9F9F9F	1	14	160	0.5	1.5	13.5	14.5
#9F9F9F	2	14	160	1.5	2.5	13.5	14.5
#A3A3A3	3	14	164	2.5	3.5	13.5	14.5
#A6A6A6	4	14	167	3.5	4.5	13.5	14.5
#A7A7A7	5	14	168	4.5	5.5	13.5	14.5
#A8A8A8	6	14	169	5.5	6.5	13.5	14.5
#ACACAC	7	14	173	6.5	7.5	13.5	14.5
#AFAFAF	8	14	176	7.5	8.5	13.5	14.5
#B1B1B1	9	14	178	8.5	9.5	13.5	14.5
#B4B4B4	10	14	181	9.5	10.5	13.5	14.5
#B4B4B4	11	14	181	10.5	11.5	13.5	14.5
#B6B6B6	12	14	183	11.5	12.5	13.5	14.5
#B9B9B9	13	14	186	12.5	13.5	13.5	14.5
#B9B9B9	14	14	186	13.5	14.5	13.5	14.5
#BABABA	15	14	187	14.5	15.5	13.5	14.5
#BCBCBC	16	14	189	15.5	16.5	13.5	14.5
#BCBCBC	17	14	189	16.5	17.5	13.5	14.5
#BFBFBF	18	14	192	17.5	18.5	13.5	14.5
#C1C1C1	19	14	194	18.5	19.5	13.5	14.5
#C1C1C1	20	14	194	19.5	20.5	13.5	14.5
#C1C1C1	21	14	194	20.5	21.5	13.5	14.5
#C2C2C2	22	14	195	21.5	22.5	13.5	14.5
#C2C2C2	23	14	195	22.5	23.5	13.5	14.5
#C3C3C3	24	14	196	23.5	24.5	13.5	14.5
#C3C3C3	25	14	196	24.5	25.5	13.5	14.5
#C4C4C4	26	14	197	25.5	26.5	13.5	14.5
#C4C4C4	27	14	197	26.5	27.5	13.5	14.5
#C4C4C4	28	14	197	27.5	28.5	13.5	14.5
#C3C3C3	29	14	196	28.5	29.5	13.5	14.5
#C2C2C2	30	14	195	29.5	30.5	13.5	14.5
#C1C1C1	31	14	194	30.5	31.5	13.5	14.5
#C2C2C2	32	14	195	31.5	32.5	13.5	14.5
#C1C1C1	33	14	194	32.5	33.5	13.5	14.5
#C2C2C2	34	14	195	33.5	34.5	13.5	14.5
#C2C2C2	35	14	195	34.5	35.5	13.5	14.5
#C2C2C2	36	14	195	35.5	36.5	13.5	14.5
#C0C0C0	37	14	193	36.5	37.5	13.5	14.5
#C2C2C2	38	14	195	37.5	38.5	13.5	14.5
#C1C1C1	39	14	194	38.5	39.5	13.5	14.5
#C1C1C1	40	14	194	39.5	40.5	13.5	14.5
#C1C1C1	41	14	194	40.5	41.5	13.5	14.5
#C1C1C1	42	14	194	41.5	42.5	13.5	14.5
#C1C1C1	43	14	194	42.5	43.5	13.5	14.5
#C2C2C2	44	14	195	43.5	44.5	13.5	14.5
#C1C1C1	45	14	194	44.5	45.5	13.5	14.5
#C2C2C2	46	14	195	45.5	46.5	13.5	14.5
#C1C1C1	47	14	194	46.5	47.5	13.5	14.5
#C2C2C2	48	14	195	47.5	48.5	13.5	14.5
#C3C3C3	49	14	196	48.5	49.5	13.5	14.5
#C8C8C8	50	14	201	49.5	50.5	13.5	14.5
#C6C6C6	51	14	199	50.5	51.5	13.5	14.5
#C3C3C3	52	14	196	51.5	52.5	13.5	14.5
#C4C4C4	53	14	197	52.5	53.5	13.5	14.5
#C5C5C5	54	14	198	53.5	54.5	13.5	14.5
#C6C6C6	55	14	199	54.5	55.5	13.5	14.5
#C5C5C5	56	14	198	55.5	56.5	13.5	14.5
#C8C8C8	57	14	201	56.5	57.5	13.5	14.5
#C7C7C7	58	14	200	57.5	58.5	13.5	14.5
#C6C6C6	59	14	199	58.5	59.5	13.5	14.5
#C9C9C9	60	14	202	59.5	60.5	13.5	14.5
#C9C9C9	61	14	202	60.5	61.5	13.5	14.5
#CACACA	62	14	203	61.5	62.5	13.5	14.5
#C9C9C9	63	14	202	62.5	63.5	13.5	14.5
#C9C9C9	64	14	202	63.5	64.5	13.5	14.5
#C9C9C9	65	14	202	64.5	65.5	13.5	14.5
#C7C7C7	66	14	200	65.5	66.5	13.5	14.5
#C3C3C3	67	14	196	66.5	67.5	13.5	14.5
#C4C4C4	68	14	197	67.5	68.5	13.5	14.5
#C3C3C3	69	14	196	68.5	69.5	13.5	14.5
#C3C3C3	70	14	196	69.5	70.5	13.5	14.5
#C3C3C3	71	14	196	70.5	71.5	13.5	14.5
#C2C2C2	72	14	195	71.5	72.5	13.5	14.5
#C1C1C1	73	14	194	72.5	73.5	13.5	14.5
#C0C0C0	74	14	193	73.5	74.5	13.5	14.5
#BEBEBE	75	14	191	74.5	75.5	13.5	14.5
#BEBEBE	76	14	191	75.5	76.5	13.5	14.5
#BEBEBE	77	14	191	76.5	77.5	13.5	14.5
#BEBEBE	78	14	191	77.5	78.5	13.5	14.5
#BDBDBD	79	14	190	78.5	79.5	13.5	14.5
#BEBEBE	80	14	191	79.5	80.5	13.5	14.5
#BDBDBD	81	14	190	80.5	81.5	13.5	14.5
#BEBEBE	82	14	191	81.5	82.5	13.5	14.5
#BBBBBB	83	14	188	82.5	83.5	13.5	14.5
#BBBBBB	84	14	188	83.5	84.5	13.5	14.5
#BABABA	85	14	187	84.5	85.5	13.5	14.5
#B8B8B8	86	14	185	85.5	86.5	13.5	14.5
#B6B6B6	87	14	183	86.5	87.5	13.5	14.5
#B6B6B6	88	14	183	87.5	88.5	13.5	14.5
#B5B5B5	89	14	182	88.5	89.5	13.5	14.5
#B5B5B5	90	14	182	89.5	90.5	13.5	14.5
#B3B3B3	91	14	180	90.5	91.5	13.5	14.5
#B2B2B2	92	14	179	91.5	92.5	13.5	14.5
#B2B2B2	93	14	179	92.5	93.5	13.5	14.5
#B1B1B1	94	14	178	93.5	94.5	13.5	14.5
#B0B0B0	95	14	177	94.5	95.5	13.5	14.5
#B0B0B0	96	14	177	95.5	96.5	13.5	14.5
#B1B1B1	97	14	178	96.5	97.5	13.5	14.5
#B1B1B1	98	14	178	97.5	98.5	13.5	14.5
#B1B1B1	99	14	178	98.5	99.5	13.5	14.5
#B1B1B1	100	14	178	99.5	100.5	13.5	14.5
#AFAFAF	101	14	176	100.5	101.5	13.5	14.5
#AEAEAE	102	14	175	101.5	102.5	13.5	14.5
#ACACAC	103	14	173	102.5	103.5	13.5	14.5
#ABABAB	104	14	172	103.5	104.5	13.5	14.5
#A5A5A5	105	14	166	104.5	105.5	13.5	14.5
#9A9A9A	106	14	155	105.5	106.5	13.5	14.5
#9E9E9E	107	14	159	106.5	107.5	13.5	14.5
#A5A5A5	108	14	166	107.5	108.5	13.5	14.5
#A7A7A7	109	14	168	108.5	109.5	13.5	14.5
#AAAAAA	110	14	171	109.5	110.5	13.5	14.5
#ABABAB	111	14	172	110.5	111.5	13.5	14.5
#A9A9A9	112	14	170	111.5	112.5	13.5	14.5
#A5A5A5	113	14	166	112.5	113.5	13.5	14.5
#A4A4A4	114	14	165	113.5	114.5	13.5	14.5
#A4A4A4	115	14	165	114.5	115.5	13.5	14.5
#A3A3A3	116	14	164	115.5	116.5	13.5	14.5
#9F9F9F	117	14	160	116.5	117.5	13.5	14.5
#9F9F9F	118	14	160	117.5	118.5	13.5	14.5
#9F9F9F	119	14	160	118.5	119.5	13.5	14.5
#9E9E9E	120	14	159	119.5	120.5	13.5	14.5
#9B9B9B	121	14	156	120.5	121.5	13.5	14.5
#999999	122	14	154	121.5	122.5	13.5	14.5
#969696	123	14	151	122.5	123.5	13.5	14.5
#929292	124	14	147	123.5	124.5	13.5	14.5
#909090	125	14	145	124.5	125.5	13.5	14.5
#909090	126	14	145	125.5	126.5	13.5	14.5
#919191	127	14	146	126.5	127.5	13.5	14.5
#8F8F8F	128	14	144	127.5	128.5	13.5	14.5
#8E8E8E	129	14	143	128.5	129.5	13.5	14.5
#898989	130	14	138	129.5	130.5	13.5	14.5
#868686	131	14	135	130.5	131.5	13.5	14.5
#828282	132	14	131	131.5	132.5	13.5	14.5
#808080	133	14	129	132.5	133.5	13.5	14.5
#7E7E7E	134	14	127	133.5	134.5	13.5	14.5
#7B7B7B	135	14	124	134.5	135.5	13.5	14.5
#797979	136	14	122	135.5	136.5	13.5	14.5
#767676	137	14	119	136.5	137.5	13.5	14.5
#727272	138	14	115	137.5	138.5	13.5	14.5
#6F6F6F	139	14	112	138.5	139.5	13.5	14.5
#777777	0	13	120	-0.5	0.5	12.5	13.5
#9E9E9E	1	13	159	0.5	1.5	12.5	13.5
#A0A0A0	2	13	161	1.5	2.5	12.5	13.5
#A4A4A4	3	13	165	2.5	3.5	12.5	13.5
#A7A7A7	4	13	168	3.5	4.5	12.5	13.5
#A7A7A7	5	13	168	4.5	5.5	12.5	13.5
#A9A9A9	6	13	170	5.5	6.5	12.5	13.5
#ACACAC	7	13	173	6.5	7.5	12.5	13.5
#B0B0B0	8	13	177	7.5	8.5	12.5	13.5
#B1B1B1	9	13	178	8.5	9.5	12.5	13.5
#B6B6B6	10	13	183	9.5	10.5	12.5	13.5
#B7B7B7	11	13	184	10.5	11.5	12.5	13.5
#B7B7B7	12	13	184	11.5	12.5	12.5	13.5
#B9B9B9	13	13	186	12.5	13.5	12.5	13.5
#BABABA	14	13	187	13.5	14.5	12.5	13.5
#BABABA	15	13	187	14.5	15.5	12.5	13.5
#BDBDBD	16	13	190	15.5	16.5	12.5	13.5
#BEBEBE	17	13	191	16.5	17.5	12.5	13.5
#C0C0C0	18	13	193	17.5	18.5	12.5	13.5
#C0C0C0	19	13	193	18.5	19.5	12.5	13.5
#C1C1C1	20	13	194	19.5	20.5	12.5	13.5
#C2C2C2	21	13	195	20.5	21.5	12.5	13.5
#C2C2C2	22	13	195	21.5	22.5	12.5	13.5
#C2C2C2	23	13	195	22.5	23.5	12.5	13.5
#C3C3C3	24	13	196	23.5	24.5	12.5	13.5
#C4C4C4	25	13	197	24.5	25.5	12.5	13.5
#C4C4C4	26	13	197	25.5	26.5	12.5	13.5
#C6C6C6	27	13	199	26.5	27.5	12.5	13.5
#C4C4C4	28	13	197	27.5	28.5	12.5	13.5
#C3C3C3	29	13	196	28.5	29.5	12.5	13.5
#C3C3C3	30	13	196	29.5	30.5	12.5	13.5
#C2C2C2	31	13	195	30.5	31.5	12.5	13.5
#C3C3C3	32	13	196	31.5	32.5	12.5	13.5
#C2C2C2	33	13	195	32.5	33.5	12.5	13.5
#C3C3C3	34	13	196	33.5	34.5	12.5	13.5
#C2C2C2	35	13	195	34.5	35.5	12.5	13.5
#C2C2C2	36	13	195	35.5	36.5	12.5	13.5
#C1C1C1	37	13	194	36.5	37.5	12.5	13.5
#C2C2C2	38	13	195	37.5	38.5	12.5	13.5
#C4C4C4	39	13	197	38.5	39.5	12.5	13.5
#C3C3C3	40	13	196	39.5	40.5	12.5	13.5
#C3C3C3	41	13	196	40.5	41.5	12.5	13.5
#C3C3C3	42	13	196	41.5	42.5	12.5	13.5
#C2C2C2	43	13	195	42.5	43.5	12.5	13.5
#C4C4C4	44	13	197	43.5	44.5	12.5	13.5
#C3C3C3	45	13	196	44.5	45.5	12.5	13.5
#C3C3C3	46	13	196	45.5	46.5	12.5	13.5
#C4C4C4	47	13	197	46.5	47.5	12.5	13.5
#C4C4C4	48	13	197	47.5	48.5	12.5	13.5
#C6C6C6	49	13	199	48.5	49.5	12.5	13.5
#C8C8C8	50	13	201	49.5	50.5	12.5	13.5
#C6C6C6	51	13	199	50.5	51.5	12.5	13.5
#C4C4C4	52	13	197	51.5	52.5	12.5	13.5
#C4C4C4	53	13	197	52.5	53.5	12.5	13.5
#C5C5C5	54	13	198	53.5	54.5	12.5	13.5
#C8C8C8	55	13	201	54.5	55.5	12.5	13.5
#C7C7C7	56	13	200	55.5	56.5	12.5	13.5
#C8C8C8	57	13	201	56.5	57.5	12.5	13.5
#C8C8C8	58	13	201	57.5	58.5	12.5	13.5
#C8C8C8	59	13	201	58.5	59.5	12.5	13.5
#CACACA	60	13	203	59.5	60.5	12.5	13.5
#CACACA	61	13	203	60.5	61.5	12.5	13.5
#CBCBCB	62	13	204	61.5	62.5	12.5	13.5
#CACACA	63	13	203	62.5	63.5	12.5	13.5
#CACACA	64	13	203	63.5	64.5	12.5	13.5
#C9C9C9	65	13	202	64.5	65.5	12.5	13.5
#C8C8C8	66	13	201	65.5	66.5	12.5	13.5
#C5C5C5	67	13	198	66.5	67.5	12.5	13.5
#C4C4C4	68	13	197	67.5	68.5	12.5	13.5
#C3C3C3	69	13	196	68.5	69.5	12.5	13.5
#C3C3C3	70	13	196	69.5	70.5	12.5	13.5
#C2C2C2	71	13	195	70.5	71.5	12.5	13.5
#C3C3C3	72	13	196	71.5	72.5	12.5	13.5
#C2C2C2	73	13	195	72.5	73.5	12.5	13.5
#C0C0C0	74	13	193	73.5	74.5	12.5	13.5
#BFBFBF	75	13	192	74.5	75.5	12.5	13.5
#BFBFBF	76	13	192	75.5	76.5	12.5	13.5
#BEBEBE	77	13	191	76.5	77.5	12.5	13.5
#BEBEBE	78	13	191	77.5	78.5	12.5	13.5
#BEBEBE	79	13	191	78.5	79.5	12.5	13.5
#BEBEBE	80	13	191	79.5	80.5	12.5	13.5
#BDBDBD	81	13	190	80.5	81.5	12.5	13.5
#BDBDBD	82	13	190	81.5	82.5	12.5	13.5
#BDBDBD	83	13	190	82.5	83.5	12.5	13.5
#BBBBBB	84	13	188	83.5	84.5	12.5	13.5
#BBBBBB	85	13	188	84.5	85.5	12.5	13.5
#BABABA	86	13	187	85.5	86.5	12.5	13.5
#B9B9B9	87	13	186	86.5	87.5	12.5	13.5
#B7B7B7	88	13	184	87.5	88.5	12.5	13.5
#B6B6B6	89	13	183	88.5	89.5	12.5	13.5
#B6B6B6	90	13	183	89.5	90.5	12.5	13.5
#B6B6B6	91	13	183	90.5	91.5	12.5	13.5
#B4B4B4	92	13	181	91.5	92.5	12.5	13.5
#B3B3B3	93	13	180	92.5	93.5	12.5	13.5
#B3B3B3	94	13	180	93.5	94.5	12.5	13.5
#B2B2B2	95	13	179	94.5	95.5	12.5	13.5
#B1B1B1	96	13	178	95.5	96.5	12.5	13.5
#B1B1B1	97	13	178	96.5	97.5	12.5	13.5
#B1B1B1	98	13	178	97.5	98.5	12.5	13.5
#B3B3B3	99	13	180	98.5	99.5	12.5	13.5
#B1B1B1	100	13	178	99.5	100.5	12.5	13.5
#B1B1B1	101	13	178	100.5	101.5	12.5	13.5
#B1B1B1	102	13	178	101.5	102.5	12.5	13.5
#AFAFAF	103	13	176	102.5	103.5	12.5	13.5
#ADADAD	104	13	174	103.5	104.5	12.5	13.5
#ABABAB	105	13	172	104.5	105.5	12.5	13.5
#A4A4A4	106	13	165	105.5	106.5	12.5	13.5
#9E9E9E	107	13	159	106.5	107.5	12.5	13.5
#A6A6A6	108	13	167	107.5	108.5	12.5	13.5
#A8A8A8	109	13	169	108.5	109.5	12.5	13.5
#ACACAC	110	13	173	109.5	110.5	12.5	13.5
#ACACAC	111	13	173	110.5	111.5	12.5	13.5
#AAAAAA	112	13	171	111.5	112.5	12.5	13.5
#A6A6A6	113	13	167	112.5	113.5	12.5	13.5
#A5A5A5	114	13	166	113.5	114.5	12.5	13.5
#A4A4A4	115	13	165	114.5	115.5	12.5	13.5
#A4A4A4	116	13	165	115.5	116.5	12.5	13.5
#A1A1A1	117	13	162	116.5	117.5	12.5	13.5
#A1A1A1	118	13	162	117.5	118.5	12.5	13.5
#A0A0A0	119	13	161	118.5	119.5	12.5	13.5
#9E9E9E	120	13	159	119.5	120.5	12.5	13.5
#9C9C9C	121	13	157	120.5	121.5	12.5	13.5
#999999	122	13	154	121.5	122.5	12.5	13.5
#969696	123	13	151	122.5	123.5	12.5	13.5
#939393	124	13	148	123.5	124.5	12.5	13.5
#8F8F8F	125	13	144	124.5	125.5	12.5	13.5
#8E8E8E	126	13	143	125.5	126.5	12.5	13.5
#8E8E8E	127	13	143	126.5	127.5	12.5	13.5
#8F8F8F	128	13	144	127.5	128.5	12.5	13.5
#8D8D8D	129	13	142	128.5	129.5	12.5	13.5
#8A8A8A	130	13	139	129.5	130.5	12.5	13.5
#868686	131	13	135	130.5	131.5	12.5	13.5
#838383	132	13	132	131.5	132.5	12.5	13.5
#808080	133	13	129	132.5	133.5	12.5	13.5
#7D7D7D	134	13	126	133.5	134.5	12.5	13.5
#7B7B7B	135	13	124	134.5	135.5	12.5	13.5
#797979	136	13	122	135.5	136.5	12.5	13.5
#757575	137	13	118	136.5	137.5	12.5	13.5
#727272	138	13	115	137.5	138.5	12.5	13.5
#6E6E6E	139	13	111	138.5	139.5	12.5	13.5
#777777	0	12	120	-0.5	0.5	11.5	12.5
#9E9E9E	1	12	159	0.5	1.5	11.5	12.5
#9F9F9F	2	12	160	1.5	2.5	11.5	12.5
#A3A3A3	3	12	164	2.5	3.5	11.5	12.5
#A7A7A7	4	12	168	3.5	4.5	11.5	12.5
#A7A7A7	5	12	168	4.5	5.5	11.5	12.5
#AAAAAA	6	12	171	5.5	6.5	11.5	12.5
#ADADAD	7	12	174	6.5	7.5	11.5	12.5
#B1B1B1	8	12	178	7.5	8.5	11.5	12.5
#B2B2B2	9	12	179	8.5	9.5	11.5	12.5
#B6B6B6	10	12	183	9.5	10.5	11.5	12.5
#B7B7B7	11	12	184	10.5	11.5	11.5	12.5
#B8B8B8	12	12	185	11.5	12.5	11.5	12.5
#BABABA	13	12	187	12.5	13.5	11.5	12.5
#BBBBBB	14	12	188	13.5	14.5	11.5	12.5
#BBBBBB	15	12	188	14.5	15.5	11.5	12.5
#BDBDBD	16	12	190	15.5	16.5	11.5	12.5
#BFBFBF	17	12	192	16.5	17.5	11.5	12.5
#BFBFBF	18	12	192	17.5	18.5	11.5	12.5
#C1C1C1	19	12	194	18.5	19.5	11.5	12.5
#C2C2C2	20	12	195	19.5	20.5	11.5	12.5
#C2C2C2	21	12	195	20.5	21.5	11.5	12.5
#C4C4C4	22	12	197	21.5	22.5	11.5	12.5
#C5C5C5	23	12	198	22.5	23.5	11.5	12.5
#C5C5C5	24	12	198	23.5	24.5	11.5	12.5
#C5C5C5	25	12	198	24.5	25.5	11.5	12.5
#C5C5C5	26	12	198	25.5	26.5	11.5	12.5
#C5C5C5	27	12	198	26.5	27.5	11.5	12.5
#C5C5C5	28	12	198	27.5	28.5	11.5	12.5
#C5C5C5	29	12	198	28.5	29.5	11.5	12.5
#C4C4C4	30	12	197	29.5	30.5	11.5	12.5
#C4C4C4	31	12	197	30.5	31.5	11.5	12.5
#C4C4C4	32	12	197	31.5	32.5	11.5	12.5
#C3C3C3	33	12	196	32.5	33.5	11.5	12.5
#C2C2C2	34	12	195	33.5	34.5	11.5	12.5
#C3C3C3	35	12	196	34.5	35.5	11.5	12.5
#C4C4C4	36	12	197	35.5	36.5	11.5	12.5
#C4C4C4	37	12	197	36.5	37.5	11.5	12.5
#C3C3C3	38	12	196	37.5	38.5	11.5	12.5
#C4C4C4	39	12	197	38.5	39.5	11.5	12.5
#C4C4C4	40	12	197	39.5	40.5	11.5	12.5
#C4C4C4	41	12	197	40.5	41.5	11.5	12.5
#C5C5C5	42	12	198	41.5	42.5	11.5	12.5
#C5C5C5	43	12	198	42.5	43.5	11.5	12.5
#C5C5C5	44	12	198	43.5	44.5	11.5	12.5
#C5C5C5	45	12	198	44.5	45.5	11.5	12.5
#C5C5C5	46	12	198	45.5	46.5	11.5	12.5
#C5C5C5	47	12	198	46.5	47.5	11.5	12.5
#C7C7C7	48	12	200	47.5	48.5	11.5	12.5
#C8C8C8	49	12	201	48.5	49.5	11.5	12.5
#C8C8C8	50	12	201	49.5	50.5	11.5	12.5
#C7C7C7	51	12	200	50.5	51.5	11.5	12.5
#C8C8C8	52	12	201	51.5	52.5	11.5	12.5
#C4C4C4	53	12	197	52.5	53.5	11.5	12.5
#C4C4C4	54	12	197	53.5	54.5	11.5	12.5
#C7C7C7	55	12	200	54.5	55.5	11.5	12.5
#C9C9C9	56	12	202	55.5	56.5	11.5	12.5
#CACACA	57	12	203	56.5	57.5	11.5	12.5
#C9C9C9	58	12	202	57.5	58.5	11.5	12.5
#C9C9C9	59	12	202	58.5	59.5	11.5	12.5
#CACACA	60	12	203	59.5	60.5	11.5	12.5
#CACACA	61	12	203	60.5	61.5	11.5	12.5
#CBCBCB	62	12	204	61.5	62.5	11.5	12.5
#CBCBCB	63	12	204	62.5	63.5	11.5	12.5
#CACACA	64	12	203	63.5	64.5	11.5	12.5
#CBCBCB	65	12	204	64.5	65.5	11.5	12.5
#CBCBCB	66	12	204	65.5	66.5	11.5	12.5
#C9C9C9	67	12	202	66.5	67.5	11.5	12.5
#C7C7C7	68	12	200	67.5	68.5	11.5	12.5
#C4C4C4	69	12	197	68.5	69.5	11.5	12.5
#C3C3C3	70	12	196	69.5	70.5	11.5	12.5
#C2C2C2	71	12	195	70.5	71.5	11.5	12.5
#C3C3C3	72	12	196	71.5	72.5	11.5	12.5
#C3C3C3	73	12	196	72.5	73.5	11.5	12.5
#C1C1C1	74	12	194	73.5	74.5	11.5	12.5
#BFBFBF	75	12	192	74.5	75.5	11.5	12.5
#BEBEBE	76	12	191	75.5	76.5	11.5	12.5
#BEBEBE	77	12	191	76.5	77.5	11.5	12.5
#BEBEBE	78	12	191	77.5	78.5	11.5	12.5
#BDBDBD	79	12	190	78.5	79.5	11.5	12.5
#BDBDBD	80	12	190	79.5	80.5	11.5	12.5
#BDBDBD	81	12	190	80.5	81.5	11.5	12.5
#BEBEBE	82	12	191	81.5	82.5	11.5	12.5
#BEBEBE	83	12	191	82.5	83.5	11.5	12.5
#BCBCBC	84	12	189	83.5	84.5	11.5	12.5
#BCBCBC	85	12	189	84.5	85.5	11.5	12.5
#BBBBBB	86	12	188	85.5	86.5	11.5	12.5
#BABABA	87	12	187	86.5	87.5	11.5	12.5
#BABABA	88	12	187	87.5	88.5	11.5	12.5
#B9B9B9	89	12	186	88.5	89.5	11.5	12.5
#B8B8B8	90	12	185	89.5	90.5	11.5	12.5
#B8B8B8	91	12	185	90.5	91.5	11.5	12.5
#B6B6B6	92	12	183	91.5	92.5	11.5	12.5
#B6B6B6	93	12	183	92.5	93.5	11.5	12.5
#B5B5B5	94	12	182	93.5	94.5	11.5	12.5
#B4B4B4	95	12	181	94.5	95.5	11.5	12.5
#B3B3B3	96	12	180	95.5	96.5	11.5	12.5
#B2B2B2	97	12	179	96.5	97.5	11.5	12.5
#B3B3B3	98	12	180	97.5	98.5	11.5	12.5
#B4B4B4	99	12	181	98.5	99.5	11.5	12.5
#B3B3B3	100	12	180	99.5	100.5	11.5	12.5
#B3B3B3	101	12	180	100.5	101.5	11.5	12.5
#B3B3B3	102	12	180	101.5	102.5	11.5	12.5
#B2B2B2	103	12	179	102.5	103.5	11.5	12.5
#AEAEAE	104	12	175	103.5	104.5	11.5	12.5
#ACACAC	105	12	173	104.5	105.5	11.5	12.5
#ACACAC	106	12	173	105.5	106.5	11.5	12.5
#A5A5A5	107	12	166	106.5	107.5	11.5	12.5
#A6A6A6	108	12	167	107.5	108.5	11.5	12.5
#AAAAAA	109	12	171	108.5	109.5	11.5	12.5
#ACACAC	110	12	173	109.5	110.5	11.5	12.5
#ADADAD	111	12	174	110.5	111.5	11.5	12.5
#ACACAC	112	12	173	111.5	112.5	11.5	12.5
#A8A8A8	113	12	169	112.5	113.5	11.5	12.5
#A6A6A6	114	12	167	113.5	114.5	11.5	12.5
#A3A3A3	115	12	164	114.5	115.5	11.5	12.5
#A3A3A3	116	12	164	115.5	116.5	11.5	12.5
#A1A1A1	117	12	162	116.5	117.5	11.5	12.5
#A1A1A1	118	12	162	117.5	118.5	11.5	12.5
#9F9F9F	119	12	160	118.5	119.5	11.5	12.5
#9E9E9E	120	12	159	119.5	120.5	11.5	12.5
#9E9E9E	121	12	159	120.5	121.5	11.5	12.5
#999999	122	12	154	121.5	122.5	11.5	12.5
#959595	123	12	150	122.5	123.5	11.5	12.5
#929292	124	12	147	123.5	124.5	11.5	12.5
#909090	125	12	145	124.5	125.5	11.5	12.5
#8E8E8E	126	12	143	125.5	126.5	11.5	12.5
#8B8B8B	127	12	140	126.5	127.5	11.5	12.5
#8D8D8D	128	12	142	127.5	128.5	11.5	12.5
#8C8C8C	129	12	141	128.5	129.5	11.5	12.5
#8B8B8B	130	12	140	129.5	130.5	11.5	12.5
#868686	131	12	135	130.5	131.5	11.5	12.5
#828282	132	12	131	131.5	132.5	11.5	12.5
#7F7F7F	133	12	128	132.5	133.5	11.5	12.5
#7D7D7D	134	12	126	133.5	134.5	11.5	12.5
#7A7A7A	135	12	123	134.5	135.5	11.5	12.5
#777777	136	12	120	135.5	136.5	11.5	12.5
#737373	137	12	116	136.5	137.5	11.5	12.5
#717171	138	12	114	137.5	138.5	11.5	12.5
#6E6E6E	139	12	111	138.5	139.5	11.5	12.5
#787878	0	11	121	-0.5	0.5	10.5	11.5
#A0A0A0	1	11	161	0.5	1.5	10.5	11.5
#A1A1A1	2	11	162	1.5	2.5	10.5	11.5
#A5A5A5	3	11	166	2.5	3.5	10.5	11.5
#A7A7A7	4	11	168	3.5	4.5	10.5	11.5
#A9A9A9	5	11	170	4.5	5.5	10.5	11.5
#ADADAD	6	11	174	5.5	6.5	10.5	11.5
#B0B0B0	7	11	177	6.5	7.5	10.5	11.5
#B0B0B0	8	11	177	7.5	8.5	10.5	11.5
#B3B3B3	9	11	180	8.5	9.5	10.5	11.5
#B6B6B6	10	11	183	9.5	10.5	10.5	11.5
#B9B9B9	11	11	186	10.5	11.5	10.5	11.5
#B9B9B9	12	11	186	11.5	12.5	10.5	11.5
#BABABA	13	11	187	12.5	13.5	10.5	11.5
#BBBBBB	14	11	188	13.5	14.5	10.5	11.5
#BDBDBD	15	11	190	14.5	15.5	10.5	11.5
#BEBEBE	16	11	191	15.5	16.5	10.5	11.5
#BFBFBF	17	11	192	16.5	17.5	10.5	11.5
#BFBFBF	18	11	192	17.5	18.5	10.5	11.5
#C2C2C2	19	11	195	18.5	19.5	10.5	11.5
#C1C1C1	20	11	194	19.5	20.5	10.5	11.5
#C3C3C3	21	11	196	20.5	21.5	10.5	11.5
#C4C4C4	22	11	197	21.5	22.5	10.5	11.5
#C4C4C4	23	11	197	22.5	23.5	10.5	11.5
#C5C5C5	24	11	198	23.5	24.5	10.5	11.5
#C5C5C5	25	11	198	24.5	25.5	10.5	11.5
#C6C6C6	26	11	199	25.5	26.5	10.5	11.5
#C4C4C4	27	11	197	26.5	27.5	10.5	11.5
#C6C6C6	28	11	199	27.5	28.5	10.5	11.5
#C6C6C6	29	11	199	28.5	29.5	10.5	11.5
#C4C4C4	30	11	197	29.5	30.5	10.5	11.5
#C6C6C6	31	11	199	30.5	31.5	10.5	11.5
#C6C6C6	32	11	199	31.5	32.5	10.5	11.5
#C6C6C6	33	11	199	32.5	33.5	10.5	11.5
#C5C5C5	34	11	198	33.5	34.5	10.5	11.5
#C5C5C5	35	11	198	34.5	35.5	10.5	11.5
#C5C5C5	36	11	198	35.5	36.5	10.5	11.5
#C6C6C6	37	11	199	36.5	37.5	10.5	11.5
#C6C6C6	38	11	199	37.5	38.5	10.5	11.5
#C4C4C4	39	11	197	38.5	39.5	10.5	11.5
#C6C6C6	40	11	199	39.5	40.5	10.5	11.5
#C5C5C5	41	11	198	40.5	41.5	10.5	11.5
#C5C5C5	42	11	198	41.5	42.5	10.5	11.5
#C4C4C4	43	11	197	42.5	43.5	10.5	11.5
#C4C4C4	44	11	197	43.5	44.5	10.5	11.5
#C5C5C5	45	11	198	44.5	45.5	10.5	11.5
#C5C5C5	46	11	198	45.5	46.5	10.5	11.5
#C6C6C6	47	11	199	46.5	47.5	10.5	11.5
#C7C7C7	48	11	200	47.5	48.5	10.5	11.5
#C8C8C8	49	11	201	48.5	49.5	10.5	11.5
#C8C8C8	50	11	201	49.5	50.5	10.5	11.5
#C8C8C8	51	11	201	50.5	51.5	10.5	11.5
#C9C9C9	52	11	202	51.5	52.5	10.5	11.5
#C8C8C8	53	11	201	52.5	53.5	10.5	11.5
#C6C6C6	54	11	199	53.5	54.5	10.5	11.5
#C8C8C8	55	11	201	54.5	55.5	10.5	11.5
#C9C9C9	56	11	202	55.5	56.5	10.5	11.5
#CCCCCC	57	11	205	56.5	57.5	10.5	11.5
#C9C9C9	58	11	202	57.5	58.5	10.5	11.5
#CACACA	59	11	203	58.5	59.5	10.5	11.5
#CACACA	60	11	203	59.5	60.5	10.5	11.5
#C9C9C9	61	11	202	60.5	61.5	10.5	11.5
#CBCBCB	62	11	204	61.5	62.5	10.5	11.5
#CBCBCB	63	11	204	62.5	63.5	10.5	11.5
#CCCCCC	64	11	205	63.5	64.5	10.5	11.5
#CCCCCC	65	11	205	64.5	65.5	10.5	11.5
#CBCBCB	66	11	204	65.5	66.5	10.5	11.5
#CACACA	67	11	203	66.5	67.5	10.5	11.5
#C8C8C8	68	11	201	67.5	68.5	10.5	11.5
#C7C7C7	69	11	200	68.5	69.5	10.5	11.5
#C8C8C8	70	11	201	69.5	70.5	10.5	11.5
#C4C4C4	71	11	197	70.5	71.5	10.5	11.5
#C2C2C2	72	11	195	71.5	72.5	10.5	11.5
#C3C3C3	73	11	196	72.5	73.5	10.5	11.5
#C0C0C0	74	11	193	73.5	74.5	10.5	11.5
#BFBFBF	75	11	192	74.5	75.5	10.5	11.5
#C0C0C0	76	11	193	75.5	76.5	10.5	11.5
#BEBEBE	77	11	191	76.5	77.5	10.5	11.5
#BDBDBD	78	11	190	77.5	78.5	10.5	11.5
#BDBDBD	79	11	190	78.5	79.5	10.5	11.5
#BCBCBC	80	11	189	79.5	80.5	10.5	11.5
#BCBCBC	81	11	189	80.5	81.5	10.5	11.5
#BCBCBC	82	11	189	81.5	82.5	10.5	11.5
#BBBBBB	83	11	188	82.5	83.5	10.5	11.5
#BBBBBB	84	11	188	83.5	84.5	10.5	11.5
#BABABA	85	11	187	84.5	85.5	10.5	11.5
#BCBCBC	86	11	189	85.5	86.5	10.5	11.5
#BCBCBC	87	11	189	86.5	87.5	10.5	11.5
#BABABA	88	11	187	87.5	88.5	10.5	11.5
#BABABA	89	11	187	88.5	89.5	10.5	11.5
#BABABA	90	11	187	89.5	90.5	10.5	11.5
#BABABA	91	11	187	90.5	91.5	10.5	11.5
#B8B8B8	92	11	185	91.5	92.5	10.5	11.5
#B8B8B8	93	11	185	92.5	93.5	10.5	11.5
#B7B7B7	94	11	184	93.5	94.5	10.5	11.5
#B5B5B5	95	11	182	94.5	95.5	10.5	11.5
#B4B4B4	96	11	181	95.5	96.5	10.5	11.5
#B5B5B5	97	11	182	96.5	97.5	10.5	11.5
#B4B4B4	98	11	181	97.5	98.5	10.5	11.5
#B3B3B3	99	11	180	98.5	99.5	10.5	11.5
#B2B2B2	100	11	179	99.5	100.5	10.5	11.5
#B2B2B2	101	11	179	100.5	101.5	10.5	11.5
#B3B3B3	102	11	180	101.5	102.5	10.5	11.5
#B2B2B2	103	11	179	102.5	103.5	10.5	11.5
#B0B0B0	104	11	177	103.5	104.5	10.5	11.5
#AEAEAE	105	11	175	104.5	105.5	10.5	11.5
#ADADAD	106	11	174	105.5	106.5	10.5	11.5
#AAAAAA	107	11	171	106.5	107.5	10.5	11.5
#A8A8A8	108	11	169	107.5	108.5	10.5	11.5
#ABABAB	109	11	172	108.5	109.5	10.5	11.5
#AEAEAE	110	11	175	109.5	110.5	10.5	11.5
#ADADAD	111	11	174	110.5	111.5	10.5	11.5
#ADADAD	112	11	174	111.5	112.5	10.5	11.5
#A8A8A8	113	11	169	112.5	113.5	10.5	11.5
#A7A7A7	114	11	168	113.5	114.5	10.5	11.5
#A5A5A5	115	11	166	114.5	115.5	10.5	11.5
#A4A4A4	116	11	165	115.5	116.5	10.5	11.5
#A2A2A2	117	11	163	116.5	117.5	10.5	11.5
#A1A1A1	118	11	162	117.5	118.5	10.5	11.5
#A1A1A1	119	11	162	118.5	119.5	10.5	11.5
#9E9E9E	120	11	159	119.5	120.5	10.5	11.5
#9D9D9D	121	11	158	120.5	121.5	10.5	11.5
#9A9A9A	122	11	155	121.5	122.5	10.5	11.5
#979797	123	11	152	122.5	123.5	10.5	11.5
#939393	124	11	148	123.5	124.5	10.5	11.5
#909090	125	11	145	124.5	125.5	10.5	11.5
#8D8D8D	126	11	142	125.5	126.5	10.5	11.5
#8B8B8B	127	11	140	126.5	127.5	10.5	11.5
#898989	128	11	138	127.5	128.5	10.5	11.5
#8A8A8A	129	11	139	128.5	129.5	10.5	11.5
#8A8A8A	130	11	139	129.5	130.5	10.5	11.5
#878787	131	11	136	130.5	131.5	10.5	11.5
#838383	132	11	132	131.5	132.5	10.5	11.5
#808080	133	11	129	132.5	133.5	10.5	11.5
#7C7C7C	134	11	125	133.5	134.5	10.5	11.5
#797979	135	11	122	134.5	135.5	10.5	11.5
#787878	136	11	121	135.5	136.5	10.5	11.5
#747474	137	11	117	136.5	137.5	10.5	11.5
#727272	138	11	115	137.5	138.5	10.5	11.5
#6F6F6F	139	11	112	138.5	139.5	10.5	11.5
#787878	0	10	121	-0.5	0.5	9.5	10.5
#A0A0A0	1	10	161	0.5	1.5	9.5	10.5
#A2A2A2	2	10	163	1.5	2.5	9.5	10.5
#A6A6A6	3	10	167	2.5	3.5	9.5	10.5
#A8A8A8	4	10	169	3.5	4.5	9.5	10.5
#AAAAAA	5	10	171	4.5	5.5	9.5	10.5
#ADADAD	6	10	174	5.5	6.5	9.5	10.5
#B0B0B0	7	10	177	6.5	7.5	9.5	10.5
#B0B0B0	8	10	177	7.5	8.5	9.5	10.5
#B4B4B4	9	10	181	8.5	9.5	9.5	10.5
#B7B7B7	10	10	184	9.5	10.5	9.5	10.5
#B8B8B8	11	10	185	10.5	11.5	9.5	10.5
#B7B7B7	12	10	184	11.5	12.5	9.5	10.5
#BBBBBB	13	10	188	12.5	13.5	9.5	10.5
#BCBCBC	14	10	189	13.5	14.5	9.5	10.5
#BDBDBD	15	10	190	14.5	15.5	9.5	10.5
#BEBEBE	16	10	191	15.5	16.5	9.5	10.5
#C0C0C0	17	10	193	16.5	17.5	9.5	10.5
#C0C0C0	18	10	193	17.5	18.5	9.5	10.5
#C2C2C2	19	10	195	18.5	19.5	9.5	10.5
#C3C3C3	20	10	196	19.5	20.5	9.5	10.5
#C5C5C5	21	10	198	20.5	21.5	9.5	10.5
#C6C6C6	22	10	199	21.5	22.5	9.5	10.5
#C6C6C6	23	10	199	22.5	23.5	9.5	10.5
#C6C6C6	24	10	199	23.5	24.5	9.5	10.5
#C5C5C5	25	10	198	24.5	25.5	9.5	10.5
#C6C6C6	26	10	199	25.5	26.5	9.5	10.5
#C6C6C6	27	10	199	26.5	27.5	9.5	10.5
#C5C5C5	28	10	198	27.5	28.5	9.5	10.5
#C6C6C6	29	10	199	28.5	29.5	9.5	10.5
#C5C5C5	30	10	198	29.5	30.5	9.5	10.5
#C6C6C6	31	10	199	30.5	31.5	9.5	10.5
#C6C6C6	32	10	199	31.5	32.5	9.5	10.5
#C6C6C6	33	10	199	32.5	33.5	9.5	10.5
#C7C7C7	34	10	200	33.5	34.5	9.5	10.5
#C5C5C5	35	10	198	34.5	35.5	9.5	10.5
#C6C6C6	36	10	199	35.5	36.5	9.5	10.5
#C5C5C5	37	10	198	36.5	37.5	9.5	10.5
#C5C5C5	38	10	198	37.5	38.5	9.5	10.5
#C6C6C6	39	10	199	38.5	39.5	9.5	10.5
#C6C6C6	40	10	199	39.5	40.5	9.5	10.5
#C6C6C6	41	10	199	40.5	41.5	9.5	10.5
#C7C7C7	42	10	200	41.5	42.5	9.5	10.5
#C6C6C6	43	10	199	42.5	43.5	9.5	10.5
#C5C5C5	44	10	198	43.5	44.5	9.5	10.5
#C6C6C6	45	10	199	44.5	45.5	9.5	10.5
#C7C7C7	46	10	200	45.5	46.5	9.5	10.5
#C7C7C7	47	10	200	46.5	47.5	9.5	10.5
#CACACA	48	10	203	47.5	48.5	9.5	10.5
#C9C9C9	49	10	202	48.5	49.5	9.5	10.5
#C9C9C9	50	10	202	49.5	50.5	9.5	10.5
#C9C9C9	51	10	202	50.5	51.5	9.5	10.5
#C9C9C9	52	10	202	51.5	52.5	9.5	10.5
#CACACA	53	10	203	52.5	53.5	9.5	10.5
#C9C9C9	54	10	202	53.5	54.5	9.5	10.5
#CACACA	55	10	203	54.5	55.5	9.5	10.5
#CBCBCB	56	10	204	55.5	56.5	9.5	10.5
#CCCCCC	57	10	205	56.5	57.5	9.5	10.5
#CACACA	58	10	203	57.5	58.5	9.5	10.5
#CBCBCB	59	10	204	58.5	59.5	9.5	10.5
#CBCBCB	60	10	204	59.5	60.5	9.5	10.5
#CACACA	61	10	203	60.5	61.5	9.5	10.5
#CCCCCC	62	10	205	61.5	62.5	9.5	10.5
#CCCCCC	63	10	205	62.5	63.5	9.5	10.5
#CCCCCC	64	10	205	63.5	64.5	9.5	10.5
#CBCBCB	65	10	204	64.5	65.5	9.5	10.5
#CACACA	66	10	203	65.5	66.5	9.5	10.5
#CACACA	67	10	203	66.5	67.5	9.5	10.5
#C9C9C9	68	10	202	67.5	68.5	9.5	10.5
#C8C8C8	69	10	201	68.5	69.5	9.5	10.5
#C8C8C8	70	10	201	69.5	70.5	9.5	10.5
#C6C6C6	71	10	199	70.5	71.5	9.5	10.5
#C4C4C4	72	10	197	71.5	72.5	9.5	10.5
#C1C1C1	73	10	194	72.5	73.5	9.5	10.5
#BFBFBF	74	10	192	73.5	74.5	9.5	10.5
#C1C1C1	75	10	194	74.5	75.5	9.5	10.5
#C0C0C0	76	10	193	75.5	76.5	9.5	10.5
#BEBEBE	77	10	191	76.5	77.5	9.5	10.5
#BCBCBC	78	10	189	77.5	78.5	9.5	10.5
#BDBDBD	79	10	190	78.5	79.5	9.5	10.5
#BCBCBC	80	10	189	79.5	80.5	9.5	10.5
#BCBCBC	81	10	189	80.5	81.5	9.5	10.5
#BCBCBC	82	10	189	81.5	82.5	9.5	10.5
#BCBCBC	83	10	189	82.5	83.5	9.5	10.5
#BDBDBD	84	10	190	83.5	84.5	9.5	10.5
#BBBBBB	85	10	188	84.5	85.5	9.5	10.5
#BABABA	86	10	187	85.5	86.5	9.5	10.5
#BABABA	87	10	187	86.5	87.5	9.5	10.5
#BABABA	88	10	187	87.5	88.5	9.5	10.5
#BABABA	89	10	187	88.5	89.5	9.5	10.5
#B9B9B9	90	10	186	89.5	90.5	9.5	10.5
#B8B8B8	91	10	185	90.5	91.5	9.5	10.5
#B9B9B9	92	10	186	91.5	92.5	9.5	10.5
#B8B8B8	93	10	185	92.5	93.5	9.5	10.5
#B6B6B6	94	10	183	93.5	94.5	9.5	10.5
#B6B6B6	95	10	183	94.5	95.5	9.5	10.5
#B6B6B6	96	10	183	95.5	96.5	9.5	10.5
#B6B6B6	97	10	183	96.5	97.5	9.5	10.5
#B4B4B4	98	10	181	97.5	98.5	9.5	10.5
#B4B4B4	99	10	181	98.5	99.5	9.5	10.5
#B3B3B3	100	10	180	99.5	100.5	9.5	10.5
#B3B3B3	101	10	180	100.5	101.5	9.5	10.5
#B4B4B4	102	10	181	101.5	102.5	9.5	10.5
#B3B3B3	103	10	180	102.5	103.5	9.5	10.5
#B1B1B1	104	10	178	103.5	104.5	9.5	10.5
#B0B0B0	105	10	177	104.5	105.5	9.5	10.5
#AFAFAF	106	10	176	105.5	106.5	9.5	10.5
#ACACAC	107	10	173	106.5	107.5	9.5	10.5
#AAAAAA	108	10	171	107.5	108.5	9.5	10.5
#ACACAC	109	10	173	108.5	109.5	9.5	10.5
#ACACAC	110	10	173	109.5	110.5	9.5	10.5
#ACACAC	111	10	173	110.5	111.5	9.5	10.5
#ACACAC	112	10	173	111.5	112.5	9.5	10.5
#A9A9A9	113	10	170	112.5	113.5	9.5	10.5
#A8A8A8	114	10	169	113.5	114.5	9.5	10.5
#A5A5A5	115	10	166	114.5	115.5	9.5	10.5
#A4A4A4	116	10	165	115.5	116.5	9.5	10.5
#A1A1A1	117	10	162	116.5	117.5	9.5	10.5
#A0A0A0	118	10	161	117.5	118.5	9.5	10.5
#A0A0A0	119	10	161	118.5	119.5	9.5	10.5
#9E9E9E	120	10	159	119.5	120.5	9.5	10.5
#9B9B9B	121	10	156	120.5	121.5	9.5	10.5
#999999	122	10	154	121.5	122.5	9.5	10.5
#969696	123	10	151	122.5	123.5	9.5	10.5
#929292	124	10	147	123.5	124.5	9.5	10.5
#8F8F8F	125	10	144	124.5	125.5	9.5	10.5
#8D8D8D	126	10	142	125.5	126.5	9.5	10.5
#898989	127	10	138	126.5	127.5	9.5	10.5
#888888	128	10	137	127.5	128.5	9.5	10.5
#888888	129	10	137	128.5	129.5	9.5	10.5
#888888	130	10	137	129.5	130.5	9.5	10.5
#888888	131	10	137	130.5	131.5	9.5	10.5
#838383	132	10	132	131.5	132.5	9.5	10.5
#7F7F7F	133	10	128	132.5	133.5	9.5	10.5
#7D7D7D	134	10	126	133.5	134.5	9.5	10.5
#7A7A7A	135	10	123	134.5	135.5	9.5	10.5
#777777	136	10	120	135.5	136.5	9.5	10.5
#737373	137	10	116	136.5	137.5	9.5	10.5
#707070	138	10	113	137.5	138.5	9.5	10.5
#6D6D6D	139	10	110	138.5	139.5	9.5	10.5
#787878	0	9	121	-0.5	0.5	8.5	9.5
#A2A2A2	1	9	163	0.5	1.5	8.5	9.5
#A2A2A2	2	9	163	1.5	2.5	8.5	9.5
#A5A5A5	3	9	166	2.5	3.5	8.5	9.5
#A8A8A8	4	9	169	3.5	4.5	8.5	9.5
#AAAAAA	5	9	171	4.5	5.5	8.5	9.5
#ADADAD	6	9	174	5.5	6.5	8.5	9.5
#B0B0B0	7	9	177	6.5	7.5	8.5	9.5
#B2B2B2	8	9	179	7.5	8.5	8.5	9.5
#B6B6B6	9	9	183	8.5	9.5	8.5	9.5
#B7B7B7	10	9	184	9.5	10.5	8.5	9.5
#B6B6B6	11	9	183	10.5	11.5	8.5	9.5
#B9B9B9	12	9	186	11.5	12.5	8.5	9.5
#BABABA	13	9	187	12.5	13.5	8.5	9.5
#BDBDBD	14	9	190	13.5	14.5	8.5	9.5
#BDBDBD	15	9	190	14.5	15.5	8.5	9.5
#BFBFBF	16	9	192	15.5	16.5	8.5	9.5
#C1C1C1	17	9	194	16.5	17.5	8.5	9.5
#C1C1C1	18	9	194	17.5	18.5	8.5	9.5
#C2C2C2	19	9	195	18.5	19.5	8.5	9.5
#C4C4C4	20	9	197	19.5	20.5	8.5	9.5
#C5C5C5	21	9	198	20.5	21.5	8.5	9.5
#C5C5C5	22	9	198	21.5	22.5	8.5	9.5
#C6C6C6	23	9	199	22.5	23.5	8.5	9.5
#C6C6C6	24	9	199	23.5	24.5	8.5	9.5
#C6C6C6	25	9	199	24.5	25.5	8.5	9.5
#C7C7C7	26	9	200	25.5	26.5	8.5	9.5
#C6C6C6	27	9	199	26.5	27.5	8.5	9.5
#C6C6C6	28	9	199	27.5	28.5	8.5	9.5
#C8C8C8	29	9	201	28.5	29.5	8.5	9.5
#C7C7C7	30	9	200	29.5	30.5	8.5	9.5
#C7C7C7	31	9	200	30.5	31.5	8.5	9.5
#C5C5C5	32	9	198	31.5	32.5	8.5	9.5
#C7C7C7	33	9	200	32.5	33.5	8.5	9.5
#C6C6C6	34	9	199	33.5	34.5	8.5	9.5
#C6C6C6	35	9	199	34.5	35.5	8.5	9.5
#C7C7C7	36	9	200	35.5	36.5	8.5	9.5
#C6C6C6	37	9	199	36.5	37.5	8.5	9.5
#C7C7C7	38	9	200	37.5	38.5	8.5	9.5
#C7C7C7	39	9	200	38.5	39.5	8.5	9.5
#C6C6C6	40	9	199	39.5	40.5	8.5	9.5
#C5C5C5	41	9	198	40.5	41.5	8.5	9.5
#C5C5C5	42	9	198	41.5	42.5	8.5	9.5
#C6C6C6	43	9	199	42.5	43.5	8.5	9.5
#C7C7C7	44	9	200	43.5	44.5	8.5	9.5
#C7C7C7	45	9	200	44.5	45.5	8.5	9.5
#C9C9C9	46	9	202	45.5	46.5	8.5	9.5
#CACACA	47	9	203	46.5	47.5	8.5	9.5
#CACACA	48	9	203	47.5	48.5	8.5	9.5
#CACACA	49	9	203	48.5	49.5	8.5	9.5
#C9C9C9	50	9	202	49.5	50.5	8.5	9.5
#CACACA	51	9	203	50.5	51.5	8.5	9.5
#CBCBCB	52	9	204	51.5	52.5	8.5	9.5
#CBCBCB	53	9	204	52.5	53.5	8.5	9.5
#C9C9C9	54	9	202	53.5	54.5	8.5	9.5
#CACACA	55	9	203	54.5	55.5	8.5	9.5
#CBCBCB	56	9	204	55.5	56.5	8.5	9.5
#CBCBCB	57	9	204	56.5	57.5	8.5	9.5
#CBCBCB	58	9	204	57.5	58.5	8.5	9.5
#CCCCCC	59	9	205	58.5	59.5	8.5	9.5
#CCCCCC	60	9	205	59.5	60.5	8.5	9.5
#CDCDCD	61	9	206	60.5	61.5	8.5	9.5
#CDCDCD	62	9	206	61.5	62.5	8.5	9.5
#CDCDCD	63	9	206	62.5	63.5	8.5	9.5
#CDCDCD	64	9	206	63.5	64.5	8.5	9.5
#CBCBCB	65	9	204	64.5	65.5	8.5	9.5
#CBCBCB	66	9	204	65.5	66.5	8.5	9.5
#CACACA	67	9	203	66.5	67.5	8.5	9.5
#CACACA	68	9	203	67.5	68.5	8.5	9.5
#C9C9C9	69	9	202	68.5	69.5	8.5	9.5
#C8C8C8	70	9	201	69.5	70.5	8.5	9.5
#C7C7C7	71	9	200	70.5	71.5	8.5	9.5
#C7C7C7	72	9	200	71.5	72.5	8.5	9.5
#C4C4C4	73	9	197	72.5	73.5	8.5	9.5
#C2C2C2	74	9	195	73.5	74.5	8.5	9.5
#C2C2C2	75	9	195	74.5	75.5	8.5	9.5
#C1C1C1	76	9	194	75.5	76.5	8.5	9.5
#C0C0C0	77	9	193	76.5	77.5	8.5	9.5
#BFBFBF	78	9	192	77.5	78.5	8.5	9.5
#BCBCBC	79	9	189	78.5	79.5	8.5	9.5
#BBBBBB	80	9	188	79.5	80.5	8.5	9.5
#BBBBBB	81	9	188	80.5	81.5	8.5	9.5
#BCBCBC	82	9	189	81.5	82.5	8.5	9.5
#BBBBBB	83	9	188	82.5	83.5	8.5	9.5
#BBBBBB	84	9	188	83.5	84.5	8.5	9.5
#BCBCBC	85	9	189	84.5	85.5	8.5	9.5
#BBBBBB	86	9	188	85.5	86.5	8.5	9.5
#BABABA	87	9	187	86.5	87.5	8.5	9.5
#BABABA	88	9	187	87.5	88.5	8.5	9.5
#BABABA	89	9	187	88.5	89.5	8.5	9.5
#B9B9B9	90	9	186	89.5	90.5	8.5	9.5
#B8B8B8	91	9	185	90.5	91.5	8.5	9.5
#B8B8B8	92	9	185	91.5	92.5	8.5	9.5
#B7B7B7	93	9	184	92.5	93.5	8.5	9.5
#B7B7B7	94	9	184	93.5	94.5	8.5	9.5
#B6B6B6	95	9	183	94.5	95.5	8.5	9.5
#B6B6B6	96	9	183	95.5	96.5	8.5	9.5
#B5B5B5	97	9	182	96.5	97.5	8.5	9.5
#B5B5B5	98	9	182	97.5	98.5	8.5	9.5
#B5B5B5	99	9	182	98.5	99.5	8.5	9.5
#B5B5B5	100	9	182	99.5	100.5	8.5	9.5
#B5B5B5	101	9	182	100.5	101.5	8.5	9.5
#B5B5B5	102	9	182	101.5	102.5	8.5	9.5
#B4B4B4	103	9	181	102.5	103.5	8.5	9.5
#B2B2B2	104	9	179	103.5	104.5	8.5	9.5
#B3B3B3	105	9	180	104.5	105.5	8.5	9.5
#B1B1B1	106	9	178	105.5	106.5	8.5	9.5
#AFAFAF	107	9	176	106.5	107.5	8.5	9.5
#AEAEAE	108	9	175	107.5	108.5	8.5	9.5
#ADADAD	109	9	174	108.5	109.5	8.5	9.5
#ADADAD	110	9	174	109.5	110.5	8.5	9.5
#AEAEAE	111	9	175	110.5	111.5	8.5	9.5
#ACACAC	112	9	173	111.5	112.5	8.5	9.5
#AAAAAA	113	9	171	112.5	113.5	8.5	9.5
#A7A7A7	114	9	168	113.5	114.5	8.5	9.5
#A6A6A6	115	9	167	114.5	115.5	8.5	9.5
#A3A3A3	116	9	164	115.5	116.5	8.5	9.5
#A1A1A1	117	9	162	116.5	117.5	8.5	9.5
#A0A0A0	118	9	161	117.5	118.5	8.5	9.5
#A0A0A0	119	9	161	118.5	119.5	8.5	9.5
#9E9E9E	120	9	159	119.5	120.5	8.5	9.5
#9B9B9B	121	9	156	120.5	121.5	8.5	9.5
#989898	122	9	153	121.5	122.5	8.5	9.5
#969696	123	9	151	122.5	123.5	8.5	9.5
#929292	124	9	147	123.5	124.5	8.5	9.5
#8E8E8E	125	9	143	124.5	125.5	8.5	9.5
#8C8C8C	126	9	141	125.5	126.5	8.5	9.5
#898989	127	9	138	126.5	127.5	8.5	9.5
#878787	128	9	136	127.5	128.5	8.5	9.5
#858585	129	9	134	128.5	129.5	8.5	9.5
#868686	130	9	135	129.5	130.5	8.5	9.5
#858585	131	9	134	130.5	131.5	8.5	9.5
#848484	132	9	133	131.5	132.5	8.5	9.5
#7F7F7F	133	9	128	132.5	133.5	8.5	9.5
#7D7D7D	134	9	126	133.5	134.5	8.5	9.5
#7B7B7B	135	9	124	134.5	135.5	8.5	9.5
#787878	136	9	121	135.5	136.5	8.5	9.5
#737373	137	9	116	136.5	137.5	8.5	9.5
#707070	138	9	113	137.5	138.5	8.5	9.5
#6C6C6C	139	9	109	138.5	139.5	8.5	9.5
#797979	0	8	122	-0.5	0.5	7.5	8.5
#A2A2A2	1	8	163	0.5	1.5	7.5	8.5
#A2A2A2	2	8	163	1.5	2.5	7.5	8.5
#A6A6A6	3	8	167	2.5	3.5	7.5	8.5
#A9A9A9	4	8	170	3.5	4.5	7.5	8.5
#ABABAB	5	8	172	4.5	5.5	7.5	8.5
#ADADAD	6	8	174	5.5	6.5	7.5	8.5
#AEAEAE	7	8	175	6.5	7.5	7.5	8.5
#B2B2B2	8	8	179	7.5	8.5	7.5	8.5
#B6B6B6	9	8	183	8.5	9.5	7.5	8.5
#B7B7B7	10	8	184	9.5	10.5	7.5	8.5
#B8B8B8	11	8	185	10.5	11.5	7.5	8.5
#B9B9B9	12	8	186	11.5	12.5	7.5	8.5
#BBBBBB	13	8	188	12.5	13.5	7.5	8.5
#BEBEBE	14	8	191	13.5	14.5	7.5	8.5
#BFBFBF	15	8	192	14.5	15.5	7.5	8.5
#C0C0C0	16	8	193	15.5	16.5	7.5	8.5
#C1C1C1	17	8	194	16.5	17.5	7.5	8.5
#C1C1C1	18	8	194	17.5	18.5	7.5	8.5
#C3C3C3	19	8	196	18.5	19.5	7.5	8.5
#C4C4C4	20	8	197	19.5	20.5	7.5	8.5
#C6C6C6	21	8	199	20.5	21.5	7.5	8.5
#C5C5C5	22	8	198	21.5	22.5	7.5	8.5
#C5C5C5	23	8	198	22.5	23.5	7.5	8.5
#C5C5C5	24	8	198	23.5	24.5	7.5	8.5
#C6C6C6	25	8	199	24.5	25.5	7.5	8.5
#C7C7C7	26	8	200	25.5	26.5	7.5	8.5
#C7C7C7	27	8	200	26.5	27.5	7.5	8.5
#C6C6C6	28	8	199	27.5	28.5	7.5	8.5
#C7C7C7	29	8	200	28.5	29.5	7.5	8.5
#C7C7C7	30	8	200	29.5	30.5	7.5	8.5
#C8C8C8	31	8	201	30.5	31.5	7.5	8.5
#C6C6C6	32	8	199	31.5	32.5	7.5	8.5
#C7C7C7	33	8	200	32.5	33.5	7.5	8.5
#C5C5C5	34	8	198	33.5	34.5	7.5	8.5
#C6C6C6	35	8	199	34.5	35.5	7.5	8.5
#C7C7C7	36	8	200	35.5	36.5	7.5	8.5
#C7C7C7	37	8	200	36.5	37.5	7.5	8.5
#C7C7C7	38	8	200	37.5	38.5	7.5	8.5
#C7C7C7	39	8	200	38.5	39.5	7.5	8.5
#C6C6C6	40	8	199	39.5	40.5	7.5	8.5
#C5C5C5	41	8	198	40.5	41.5	7.5	8.5
#C6C6C6	42	8	199	41.5	42.5	7.5	8.5
#C7C7C7	43	8	200	42.5	43.5	7.5	8.5
#C9C9C9	44	8	202	43.5	44.5	7.5	8.5
#C9C9C9	45	8	202	44.5	45.5	7.5	8.5
#C9C9C9	46	8	202	45.5	46.5	7.5	8.5
#CACACA	47	8	203	46.5	47.5	7.5	8.5
#CBCBCB	48	8	204	47.5	48.5	7.5	8.5
#CBCBCB	49	8	204	48.5	49.5	7.5	8.5
#CCCCCC	50	8	205	49.5	50.5	7.5	8.5
#CBCBCB	51	8	204	50.5	51.5	7.5	8.5
#CCCCCC	52	8	205	51.5	52.5	7.5	8.5
#CDCDCD	53	8	206	52.5	53.5	7.5	8.5
#CCCCCC	54	8	205	53.5	54.5	7.5	8.5
#CBCBCB	55	8	204	54.5	55.5	7.5	8.5
#CCCCCC	56	8	205	55.5	56.5	7.5	8.5
#CDCDCD	57	8	206	56.5	57.5	7.5	8.5
#CCCCCC	58	8	205	57.5	58.5	7.5	8.5
#CCCCCC	59	8	205	58.5	59.5	7.5	8.5
#CECECE	60	8	207	59.5	60.5	7.5	8.5
#CFCFCF	61	8	208	60.5	61.5	7.5	8.5
#CDCDCD	62	8	206	61.5	62.5	7.5	8.5
#CDCDCD	63	8	206	62.5	63.5	7.5	8.5
#CDCDCD	64	8	206	63.5	64.5	7.5	8.5
#CECECE	65	8	207	64.5	65.5	7.5	8.5
#CCCCCC	66	8	205	65.5	66.5	7.5	8.5
#CBCBCB	67	8	204	66.5	67.5	7.5	8.5
#CACACA	68	8	203	67.5	68.5	7.5	8.5
#C9C9C9	69	8	202	68.5	69.5	7.5	8.5
#CACACA	70	8	203	69.5	70.5	7.5	8.5
#C9C9C9	71	8	202	70.5	71.5	7.5	8.5
#C8C8C8	72	8	201	71.5	72.5	7.5	8.5
#C7C7C7	73	8	200	72.5	73.5	7.5	8.5
#C5C5C5	74	8	198	73.5	74.5	7.5	8.5
#C4C4C4	75	8	197	74.5	75.5	7.5	8.5
#C3C3C3	76	8	196	75.5	76.5	7.5	8.5
#C2C2C2	77	8	195	76.5	77.5	7.5	8.5
#C2C2C2	78	8	195	77.5	78.5	7.5	8.5
#BFBFBF	79	8	192	78.5	79.5	7.5	8.5
#BDBDBD	80	8	190	79.5	80.5	7.5	8.5
#BCBCBC	81	8	189	80.5	81.5	7.5	8.5
#BCBCBC	82	8	189	81.5	82.5	7.5	8.5
#BBBBBB	83	8	188	82.5	83.5	7.5	8.5
#B9B9B9	84	8	186	83.5	84.5	7.5	8.5
#BABABA	85	8	187	84.5	85.5	7.5	8.5
#BABABA	86	8	187	85.5	86.5	7.5	8.5
#BBBBBB	87	8	188	86.5	87.5	7.5	8.5
#BBBBBB	88	8	188	87.5	88.5	7.5	8.5
#BABABA	89	8	187	88.5	89.5	7.5	8.5
#B9B9B9	90	8	186	89.5	90.5	7.5	8.5
#B9B9B9	91	8	186	90.5	91.5	7.5	8.5
#B8B8B8	92	8	185	91.5	92.5	7.5	8.5
#B8B8B8	93	8	185	92.5	93.5	7.5	8.5
#B7B7B7	94	8	184	93.5	94.5	7.5	8.5
#B6B6B6	95	8	183	94.5	95.5	7.5	8.5
#B8B8B8	96	8	185	95.5	96.5	7.5	8.5
#B7B7B7	97	8	184	96.5	97.5	7.5	8.5
#B7B7B7	98	8	184	97.5	98.5	7.5	8.5
#B7B7B7	99	8	184	98.5	99.5	7.5	8.5
#B6B6B6	100	8	183	99.5	100.5	7.5	8.5
#B4B4B4	101	8	181	100.5	101.5	7.5	8.5
#B4B4B4	102	8	181	101.5	102.5	7.5	8.5
#B5B5B5	103	8	182	102.5	103.5	7.5	8.5
#B4B4B4	104	8	181	103.5	104.5	7.5	8.5
#B3B3B3	105	8	180	104.5	105.5	7.5	8.5
#B1B1B1	106	8	178	105.5	106.5	7.5	8.5
#B0B0B0	107	8	177	106.5	107.5	7.5	8.5
#B1B1B1	108	8	178	107.5	108.5	7.5	8.5
#AFAFAF	109	8	176	108.5	109.5	7.5	8.5
#AFAFAF	110	8	176	109.5	110.5	7.5	8.5
#AEAEAE	111	8	175	110.5	111.5	7.5	8.5
#ADADAD	112	8	174	111.5	112.5	7.5	8.5
#ABABAB	113	8	172	112.5	113.5	7.5	8.5
#A8A8A8	114	8	169	113.5	114.5	7.5	8.5
#A5A5A5	115	8	166	114.5	115.5	7.5	8.5
#A2A2A2	116	8	163	115.5	116.5	7.5	8.5
#A1A1A1	117	8	162	116.5	117.5	7.5	8.5
#A1A1A1	118	8	162	117.5	118.5	7.5	8.5
#A0A0A0	119	8	161	118.5	119.5	7.5	8.5
#9D9D9D	120	8	158	119.5	120.5	7.5	8.5
#9B9B9B	121	8	156	120.5	121.5	7.5	8.5
#989898	122	8	153	121.5	122.5	7.5	8.5
#959595	123	8	150	122.5	123.5	7.5	8.5
#919191	124	8	146	123.5	124.5	7.5	8.5
#8F8F8F	125	8	144	124.5	125.5	7.5	8.5
#8C8C8C	126	8	141	125.5	126.5	7.5	8.5
#8A8A8A	127	8	139	126.5	127.5	7.5	8.5
#868686	128	8	135	127.5	128.5	7.5	8.5
#848484	129	8	133	128.5	129.5	7.5	8.5
#858585	130	8	134	129.5	130.5	7.5	8.5
#858585	131	8	134	130.5	131.5	7.5	8.5
#838383	132	8	132	131.5	132.5	7.5	8.5
#808080	133	8	129	132.5	133.5	7.5	8.5
#7D7D7D	134	8	126	133.5	134.5	7.5	8.5
#7A7A7A	135	8	123	134.5	135.5	7.5	8.5
#777777	136	8	120	135.5	136.5	7.5	8.5
#737373	137	8	116	136.5	137.5	7.5	8.5
#6F6F6F	138	8	112	137.5	138.5	7.5	8.5
#6D6D6D	139	8	110	138.5	139.5	7.5	8.5
#797979	0	7	122	-0.5	0.5	6.5	7.5
#A1A1A1	1	7	162	0.5	1.5	6.5	7.5
#A2A2A2	2	7	163	1.5	2.5	6.5	7.5
#A6A6A6	3	7	167	2.5	3.5	6.5	7.5
#A9A9A9	4	7	170	3.5	4.5	6.5	7.5
#ADADAD	5	7	174	4.5	5.5	6.5	7.5
#AEAEAE	6	7	175	5.5	6.5	6.5	7.5
#B0B0B0	7	7	177	6.5	7.5	6.5	7.5
#B4B4B4	8	7	181	7.5	8.5	6.5	7.5
#B6B6B6	9	7	183	8.5	9.5	6.5	7.5
#B5B5B5	10	7	182	9.5	10.5	6.5	7.5
#B7B7B7	11	7	184	10.5	11.5	6.5	7.5
#BBBBBB	12	7	188	11.5	12.5	6.5	7.5
#BDBDBD	13	7	190	12.5	13.5	6.5	7.5
#BDBDBD	14	7	190	13.5	14.5	6.5	7.5
#BFBFBF	15	7	192	14.5	15.5	6.5	7.5
#BFBFBF	16	7	192	15.5	16.5	6.5	7.5
#C1C1C1	17	7	194	16.5	17.5	6.5	7.5
#C3C3C3	18	7	196	17.5	18.5	6.5	7.5
#C4C4C4	19	7	197	18.5	19.5	6.5	7.5
#C4C4C4	20	7	197	19.5	20.5	6.5	7.5
#C6C6C6	21	7	199	20.5	21.5	6.5	7.5
#C6C6C6	22	7	199	21.5	22.5	6.5	7.5
#C6C6C6	23	7	199	22.5	23.5	6.5	7.5
#C7C7C7	24	7	200	23.5	24.5	6.5	7.5
#C7C7C7	25	7	200	24.5	25.5	6.5	7.5
#C8C8C8	26	7	201	25.5	26.5	6.5	7.5
#C7C7C7	27	7	200	26.5	27.5	6.5	7.5
#C8C8C8	28	7	201	27.5	28.5	6.5	7.5
#C8C8C8	29	7	201	28.5	29.5	6.5	7.5
#C6C6C6	30	7	199	29.5	30.5	6.5	7.5
#C7C7C7	31	7	200	30.5	31.5	6.5	7.5
#C8C8C8	32	7	201	31.5	32.5	6.5	7.5
#C7C7C7	33	7	200	32.5	33.5	6.5	7.5
#C6C6C6	34	7	199	33.5	34.5	6.5	7.5
#C7C7C7	35	7	200	34.5	35.5	6.5	7.5
#C8C8C8	36	7	201	35.5	36.5	6.5	7.5
#C9C9C9	37	7	202	36.5	37.5	6.5	7.5
#C6C6C6	38	7	199	37.5	38.5	6.5	7.5
#C5C5C5	39	7	198	38.5	39.5	6.5	7.5
#C6C6C6	40	7	199	39.5	40.5	6.5	7.5
#C7C7C7	41	7	200	40.5	41.5	6.5	7.5
#C9C9C9	42	7	202	41.5	42.5	6.5	7.5
#C9C9C9	43	7	202	42.5	43.5	6.5	7.5
#C9C9C9	44	7	202	43.5	44.5	6.5	7.5
#CBCBCB	45	7	204	44.5	45.5	6.5	7.5
#CACACA	46	7	203	45.5	46.5	6.5	7.5
#CACACA	47	7	203	46.5	47.5	6.5	7.5
#CBCBCB	48	7	204	47.5	48.5	6.5	7.5
#CDCDCD	49	7	206	48.5	49.5	6.5	7.5
#CDCDCD	50	7	206	49.5	50.5	6.5	7.5
#CDCDCD	51	7	206	50.5	51.5	6.5	7.5
#CDCDCD	52	7	206	51.5	52.5	6.5	7.5
#CECECE	53	7	207	52.5	53.5	6.5	7.5
#CFCFCF	54	7	208	53.5	54.5	6.5	7.5
#CECECE	55	7	207	54.5	55.5	6.5	7.5
#CECECE	56	7	207	55.5	56.5	6.5	7.5
#CECECE	57	7	207	56.5	57.5	6.5	7.5
#CCCCCC	58	7	205	57.5	58.5	6.5	7.5
#CDCDCD	59	7	206	58.5	59.5	6.5	7.5
#CECECE	60	7	207	59.5	60.5	6.5	7.5
#CECECE	61	7	207	60.5	61.5	6.5	7.5
#CECECE	62	7	207	61.5	62.5	6.5	7.5
#CECECE	63	7	207	62.5	63.5	6.5	7.5
#CFCFCF	64	7	208	63.5	64.5	6.5	7.5
#CECECE	65	7	207	64.5	65.5	6.5	7.5
#CDCDCD	66	7	206	65.5	66.5	6.5	7.5
#CBCBCB	67	7	204	66.5	67.5	6.5	7.5
#CBCBCB	68	7	204	67.5	68.5	6.5	7.5
#CACACA	69	7	203	68.5	69.5	6.5	7.5
#CBCBCB	70	7	204	69.5	70.5	6.5	7.5
#C8C8C8	71	7	201	70.5	71.5	6.5	7.5
#C8C8C8	72	7	201	71.5	72.5	6.5	7.5
#CACACA	73	7	203	72.5	73.5	6.5	7.5
#C8C8C8	74	7	201	73.5	74.5	6.5	7.5
#C6C6C6	75	7	199	74.5	75.5	6.5	7.5
#C7C7C7	76	7	200	75.5	76.5	6.5	7.5
#C5C5C5	77	7	198	76.5	77.5	6.5	7.5
#C3C3C3	78	7	196	77.5	78.5	6.5	7.5
#C2C2C2	79	7	195	78.5	79.5	6.5	7.5
#BFBFBF	80	7	192	79.5	80.5	6.5	7.5
#BDBDBD	81	7	190	80.5	81.5	6.5	7.5
#BCBCBC	82	7	189	81.5	82.5	6.5	7.5
#BCBCBC	83	7	189	82.5	83.5	6.5	7.5
#BABABA	84	7	187	83.5	84.5	6.5	7.5
#BABABA	85	7	187	84.5	85.5	6.5	7.5
#B9B9B9	86	7	186	85.5	86.5	6.5	7.5
#BCBCBC	87	7	189	86.5	87.5	6.5	7.5
#BCBCBC	88	7	189	87.5	88.5	6.5	7.5
#BBBBBB	89	7	188	88.5	89.5	6.5	7.5
#BABABA	90	7	187	89.5	90.5	6.5	7.5
#BABABA	91	7	187	90.5	91.5	6.5	7.5
#B8B8B8	92	7	185	91.5	92.5	6.5	7.5
#B9B9B9	93	7	186	92.5	93.5	6.5	7.5
#B9B9B9	94	7	186	93.5	94.5	6.5	7.5
#B7B7B7	95	7	184	94.5	95.5	6.5	7.5
#B8B8B8	96	7	185	95.5	96.5	6.5	7.5
#B9B9B9	97	7	186	96.5	97.5	6.5	7.5
#B7B7B7	98	7	184	97.5	98.5	6.5	7.5
#B7B7B7	99	7	184	98.5	99.5	6.5	7.5
#B6B6B6	100	7	183	99.5	100.5	6.5	7.5
#B5B5B5	101	7	182	100.5	101.5	6.5	7.5
#B4B4B4	102	7	181	101.5	102.5	6.5	7.5
#B5B5B5	103	7	182	102.5	103.5	6.5	7.5
#B4B4B4	104	7	181	103.5	104.5	6.5	7.5
#B5B5B5	105	7	182	104.5	105.5	6.5	7.5
#B1B1B1	106	7	178	105.5	106.5	6.5	7.5
#B1B1B1	107	7	178	106.5	107.5	6.5	7.5
#B1B1B1	108	7	178	107.5	108.5	6.5	7.5
#B0B0B0	109	7	177	108.5	109.5	6.5	7.5
#AFAFAF	110	7	176	109.5	110.5	6.5	7.5
#ADADAD	111	7	174	110.5	111.5	6.5	7.5
#AEAEAE	112	7	175	111.5	112.5	6.5	7.5
#ABABAB	113	7	172	112.5	113.5	6.5	7.5
#A8A8A8	114	7	169	113.5	114.5	6.5	7.5
#A6A6A6	115	7	167	114.5	115.5	6.5	7.5
#A5A5A5	116	7	166	115.5	116.5	6.5	7.5
#A3A3A3	117	7	164	116.5	117.5	6.5	7.5
#A2A2A2	118	7	163	117.5	118.5	6.5	7.5
#9F9F9F	119	7	160	118.5	119.5	6.5	7.5
#9D9D9D	120	7	158	119.5	120.5	6.5	7.5
#999999	121	7	154	120.5	121.5	6.5	7.5
#979797	122	7	152	121.5	122.5	6.5	7.5
#959595	123	7	150	122.5	123.5	6.5	7.5
#929292	124	7	147	123.5	124.5	6.5	7.5
#8E8E8E	125	7	143	124.5	125.5	6.5	7.5
#8C8C8C	126	7	141	125.5	126.5	6.5	7.5
#898989	127	7	138	126.5	127.5	6.5	7.5
#878787	128	7	136	127.5	128.5	6.5	7.5
#848484	129	7	133	128.5	129.5	6.5	7.5
#848484	130	7	133	129.5	130.5	6.5	7.5
#838383	131	7	132	130.5	131.5	6.5	7.5
#838383	132	7	132	131.5	132.5	6.5	7.5
#818181	133	7	130	132.5	133.5	6.5	7.5
#7E7E7E	134	7	127	133.5	134.5	6.5	7.5
#7B7B7B	135	7	124	134.5	135.5	6.5	7.5
#787878	136	7	121	135.5	136.5	6.5	7.5
#727272	137	7	115	136.5	137.5	6.5	7.5
#6F6F6F	138	7	112	137.5	138.5	6.5	7.5
#6D6D6D	139	7	110	138.5	139.5	6.5	7.5
#797979	0	6	122	-0.5	0.5	5.5	6.5
#A2A2A2	1	6	163	0.5	1.5	5.5	6.5
#A3A3A3	2	6	164	1.5	2.5	5.5	6.5
#A7A7A7	3	6	168	2.5	3.5	5.5	6.5
#A9A9A9	4	6	170	3.5	4.5	5.5	6.5
#ADADAD	5	6	174	4.5	5.5	5.5	6.5
#AFAFAF	6	6	176	5.5	6.5	5.5	6.5
#B2B2B2	7	6	179	6.5	7.5	5.5	6.5
#B5B5B5	8	6	182	7.5	8.5	5.5	6.5
#B5B5B5	9	6	182	8.5	9.5	5.5	6.5
#B5B5B5	10	6	182	9.5	10.5	5.5	6.5
#B8B8B8	11	6	185	10.5	11.5	5.5	6.5
#BABABA	12	6	187	11.5	12.5	5.5	6.5
#BDBDBD	13	6	190	12.5	13.5	5.5	6.5
#BEBEBE	14	6	191	13.5	14.5	5.5	6.5
#BEBEBE	15	6	191	14.5	15.5	5.5	6.5
#C0C0C0	16	6	193	15.5	16.5	5.5	6.5
#C3C3C3	17	6	196	16.5	17.5	5.5	6.5
#C4C4C4	18	6	197	17.5	18.5	5.5	6.5
#C4C4C4	19	6	197	18.5	19.5	5.5	6.5
#C5C5C5	20	6	198	19.5	20.5	5.5	6.5
#C6C6C6	21	6	199	20.5	21.5	5.5	6.5
#C6C6C6	22	6	199	21.5	22.5	5.5	6.5
#C6C6C6	23	6	199	22.5	23.5	5.5	6.5
#C6C6C6	24	6	199	23.5	24.5	5.5	6.5
#C6C6C6	25	6	199	24.5	25.5	5.5	6.5
#C8C8C8	26	6	201	25.5	26.5	5.5	6.5
#C8C8C8	27	6	201	26.5	27.5	5.5	6.5
#C7C7C7	28	6	200	27.5	28.5	5.5	6.5
#C8C8C8	29	6	201	28.5	29.5	5.5	6.5
#C8C8C8	30	6	201	29.5	30.5	5.5	6.5
#C8C8C8	31	6	201	30.5	31.5	5.5	6.5
#C8C8C8	32	6	201	31.5	32.5	5.5	6.5
#C8C8C8	33	6	201	32.5	33.5	5.5	6.5
#C9C9C9	34	6	202	33.5	34.5	5.5	6.5
#C7C7C7	35	6	200	34.5	35.5	5.5	6.5
#C7C7C7	36	6	200	35.5	36.5	5.5	6.5
#C7C7C7	37	6	200	36.5	37.5	5.5	6.5
#C7C7C7	38	6	200	37.5	38.5	5.5	6.5
#C7C7C7	39	6	200	38.5	39.5	5.5	6.5
#C9C9C9	40	6	202	39.5	40.5	5.5	6.5
#C9C9C9	41	6	202	40.5	41.5	5.5	6.5
#CACACA	42	6	203	41.5	42.5	5.5	6.5
#CACACA	43	6	203	42.5	43.5	5.5	6.5
#CACACA	44	6	203	43.5	44.5	5.5	6.5
#CACACA	45	6	203	44.5	45.5	5.5	6.5
#CACACA	46	6	203	45.5	46.5	5.5	6.5
#CBCBCB	47	6	204	46.5	47.5	5.5	6.5
#C9C9C9	48	6	202	47.5	48.5	5.5	6.5
#CBCBCB	49	6	204	48.5	49.5	5.5	6.5
#CDCDCD	50	6	206	49.5	50.5	5.5	6.5
#CECECE	51	6	207	50.5	51.5	5.5	6.5
#CECECE	52	6	207	51.5	52.5	5.5	6.5
#CECECE	53	6	207	52.5	53.5	5.5	6.5
#CECECE	54	6	207	53.5	54.5	5.5	6.5
#CECECE	55	6	207	54.5	55.5	5.5	6.5
#CFCFCF	56	6	208	55.5	56.5	5.5	6.5
#CECECE	57	6	207	56.5	57.5	5.5	6.5
#CDCDCD	58	6	206	57.5	58.5	5.5	6.5
#CECECE	59	6	207	58.5	59.5	5.5	6.5
#D1D1D1	60	6	210	59.5	60.5	5.5	6.5
#D0D0D0	61	6	209	60.5	61.5	5.5	6.5
#D0D0D0	62	6	209	61.5	62.5	5.5	6.5
#CFCFCF	63	6	208	62.5	63.5	5.5	6.5
#CFCFCF	64	6	208	63.5	64.5	5.5	6.5
#CECECE	65	6	207	64.5	65.5	5.5	6.5
#CECECE	66	6	207	65.5	66.5	5.5	6.5
#CECECE	67	6	207	66.5	67.5	5.5	6.5
#CDCDCD	68	6	206	67.5	68.5	5.5	6.5
#CCCCCC	69	6	205	68.5	69.5	5.5	6.5
#CACACA	70	6	203	69.5	70.5	5.5	6.5
#C9C9C9	71	6	202	70.5	71.5	5.5	6.5
#CACACA	72	6	203	71.5	72.5	5.5	6.5
#CCCCCC	73	6	205	72.5	73.5	5.5	6.5
#C9C9C9	74	6	202	73.5	74.5	5.5	6.5
#C7C7C7	75	6	200	74.5	75.5	5.5	6.5
#C7C7C7	76	6	200	75.5	76.5	5.5	6.5
#C6C6C6	77	6	199	76.5	77.5	5.5	6.5
#C5C5C5	78	6	198	77.5	78.5	5.5	6.5
#C4C4C4	79	6	197	78.5	79.5	5.5	6.5
#C2C2C2	80	6	195	79.5	80.5	5.5	6.5
#C0C0C0	81	6	193	80.5	81.5	5.5	6.5
#BDBDBD	82	6	190	81.5	82.5	5.5	6.5
#BDBDBD	83	6	190	82.5	83.5	5.5	6.5
#BDBDBD	84	6	190	83.5	84.5	5.5	6.5
#BBBBBB	85	6	188	84.5	85.5	5.5	6.5
#BABABA	86	6	187	85.5	86.5	5.5	6.5
#B9B9B9	87	6	186	86.5	87.5	5.5	6.5
#BABABA	88	6	187	87.5	88.5	5.5	6.5
#BABABA	89	6	187	88.5	89.5	5.5	6.5
#BBBBBB	90	6	188	89.5	90.5	5.5	6.5
#BABABA	91	6	187	90.5	91.5	5.5	6.5
#B9B9B9	92	6	186	91.5	92.5	5.5	6.5
#B8B8B8	93	6	185	92.5	93.5	5.5	6.5
#B7B7B7	94	6	184	93.5	94.5	5.5	6.5
#B7B7B7	95	6	184	94.5	95.5	5.5	6.5
#B9B9B9	96	6	186	95.5	96.5	5.5	6.5
#B8B8B8	97	6	185	96.5	97.5	5.5	6.5
#B6B6B6	98	6	183	97.5	98.5	5.5	6.5
#B6B6B6	99	6	183	98.5	99.5	5.5	6.5
#B5B5B5	100	6	182	99.5	100.5	5.5	6.5
#B4B4B4	101	6	181	100.5	101.5	5.5	6.5
#B4B4B4	102	6	181	101.5	102.5	5.5	6.5
#B3B3B3	103	6	180	102.5	103.5	5.5	6.5
#B5B5B5	104	6	182	103.5	104.5	5.5	6.5
#B5B5B5	105	6	182	104.5	105.5	5.5	6.5
#B3B3B3	106	6	180	105.5	106.5	5.5	6.5
#B2B2B2	107	6	179	106.5	107.5	5.5	6.5
#B1B1B1	108	6	178	107.5	108.5	5.5	6.5
#AFAFAF	109	6	176	108.5	109.5	5.5	6.5
#AFAFAF	110	6	176	109.5	110.5	5.5	6.5
#ADADAD	111	6	174	110.5	111.5	5.5	6.5
#ADADAD	112	6	174	111.5	112.5	5.5	6.5
#AAAAAA	113	6	171	112.5	113.5	5.5	6.5
#A8A8A8	114	6	169	113.5	114.5	5.5	6.5
#A5A5A5	115	6	166	114.5	115.5	5.5	6.5
#A3A3A3	116	6	164	115.5	116.5	5.5	6.5
#A2A2A2	117	6	163	116.5	117.5	5.5	6.5
#A1A1A1	118	6	162	117.5	118.5	5.5	6.5
#9E9E9E	119	6	159	118.5	119.5	5.5	6.5
#9B9B9B	120	6	156	119.5	120.5	5.5	6.5
#989898	121	6	153	120.5	121.5	5.5	6.5
#969696	122	6	151	121.5	122.5	5.5	6.5
#949494	123	6	149	122.5	123.5	5.5	6.5
#929292	124	6	147	123.5	124.5	5.5	6.5
#8E8E8E	125	6	143	124.5	125.5	5.5	6.5
#8A8A8A	126	6	139	125.5	126.5	5.5	6.5
#888888	127	6	137	126.5	127.5	5.5	6.5
#868686	128	6	135	127.5	128.5	5.5	6.5
#848484	129	6	133	128.5	129.5	5.5	6.5
#828282	130	6	131	129.5	130.5	5.5	6.5
#808080	131	6	129	130.5	131.5	5.5	6.5
#808080	132	6	129	131.5	132.5	5.5	6.5
#808080	133	6	129	132.5	133.5	5.5	6.5
#7E7E7E	134	6	127	133.5	134.5	5.5	6.5
#7B7B7B	135	6	124	134.5	135.5	5.5	6.5
#787878	136	6	121	135.5	136.5	5.5	6.5
#737373	137	6	116	136.5	137.5	5.5	6.5
#6F6F6F	138	6	112	137.5	138.5	5.5	6.5
#6C6C6C	139	6	109	138.5	139.5	5.5	6.5
#7A7A7A	0	5	123	-0.5	0.5	4.5	5.5
#A2A2A2	1	5	163	0.5	1.5	4.5	5.5
#A2A2A2	2	5	163	1.5	2.5	4.5	5.5
#A7A7A7	3	5	168	2.5	3.5	4.5	5.5
#ABABAB	4	5	172	3.5	4.5	4.5	5.5
#ADADAD	5	5	174	4.5	5.5	4.5	5.5
#AFAFAF	6	5	176	5.5	6.5	4.5	5.5
#B3B3B3	7	5	180	6.5	7.5	4.5	5.5
#B6B6B6	8	5	183	7.5	8.5	4.5	5.5
#B5B5B5	9	5	182	8.5	9.5	4.5	5.5
#B8B8B8	10	5	185	9.5	10.5	4.5	5.5
#B8B8B8	11	5	185	10.5	11.5	4.5	5.5
#BABABA	12	5	187	11.5	12.5	4.5	5.5
#BDBDBD	13	5	190	12.5	13.5	4.5	5.5
#C0C0C0	14	5	193	13.5	14.5	4.5	5.5
#C0C0C0	15	5	193	14.5	15.5	4.5	5.5
#C0C0C0	16	5	193	15.5	16.5	4.5	5.5
#C3C3C3	17	5	196	16.5	17.5	4.5	5.5
#C4C4C4	18	5	197	17.5	18.5	4.5	5.5
#C4C4C4	19	5	197	18.5	19.5	4.5	5.5
#C4C4C4	20	5	197	19.5	20.5	4.5	5.5
#C6C6C6	21	5	199	20.5	21.5	4.5	5.5
#C7C7C7	22	5	200	21.5	22.5	4.5	5.5
#C7C7C7	23	5	200	22.5	23.5	4.5	5.5
#C7C7C7	24	5	200	23.5	24.5	4.5	5.5
#C6C6C6	25	5	199	24.5	25.5	4.5	5.5
#C6C6C6	26	5	199	25.5	26.5	4.5	5.5
#C8C8C8	27	5	201	26.5	27.5	4.5	5.5
#C8C8C8	28	5	201	27.5	28.5	4.5	5.5
#C9C9C9	29	5	202	28.5	29.5	4.5	5.5
#CACACA	30	5	203	29.5	30.5	4.5	5.5
#C8C8C8	31	5	201	30.5	31.5	4.5	5.5
#C8C8C8	32	5	201	31.5	32.5	4.5	5.5
#C8C8C8	33	5	201	32.5	33.5	4.5	5.5
#C7C7C7	34	5	200	33.5	34.5	4.5	5.5
#C8C8C8	35	5	201	34.5	35.5	4.5	5.5
#C7C7C7	36	5	200	35.5	36.5	4.5	5.5
#C7C7C7	37	5	200	36.5	37.5	4.5	5.5
#CACACA	38	5	203	37.5	38.5	4.5	5.5
#CBCBCB	39	5	204	38.5	39.5	4.5	5.5
#CACACA	40	5	203	39.5	40.5	4.5	5.5
#CACACA	41	5	203	40.5	41.5	4.5	5.5
#CBCBCB	42	5	204	41.5	42.5	4.5	5.5
#CBCBCB	43	5	204	42.5	43.5	4.5	5.5
#CACACA	44	5	203	43.5	44.5	4.5	5.5
#CBCBCB	45	5	204	44.5	45.5	4.5	5.5
#CBCBCB	46	5	204	45.5	46.5	4.5	5.5
#CACACA	47	5	203	46.5	47.5	4.5	5.5
#CBCBCB	48	5	204	47.5	48.5	4.5	5.5
#CCCCCC	49	5	205	48.5	49.5	4.5	5.5
#CBCBCB	50	5	204	49.5	50.5	4.5	5.5
#CCCCCC	51	5	205	50.5	51.5	4.5	5.5
#CECECE	52	5	207	51.5	52.5	4.5	5.5
#CECECE	53	5	207	52.5	53.5	4.5	5.5
#CFCFCF	54	5	208	53.5	54.5	4.5	5.5
#D0D0D0	55	5	209	54.5	55.5	4.5	5.5
#CFCFCF	56	5	208	55.5	56.5	4.5	5.5
#D0D0D0	57	5	209	56.5	57.5	4.5	5.5
#D0D0D0	58	5	209	57.5	58.5	4.5	5.5
#CFCFCF	59	5	208	58.5	59.5	4.5	5.5
#D1D1D1	60	5	210	59.5	60.5	4.5	5.5
#D1D1D1	61	5	210	60.5	61.5	4.5	5.5
#CFCFCF	62	5	208	61.5	62.5	4.5	5.5
#D0D0D0	63	5	209	62.5	63.5	4.5	5.5
#CFCFCF	64	5	208	63.5	64.5	4.5	5.5
#CECECE	65	5	207	64.5	65.5	4.5	5.5
#CFCFCF	66	5	208	65.5	66.5	4.5	5.5
#CECECE	67	5	207	66.5	67.5	4.5	5.5
#CECECE	68	5	207	67.5	68.5	4.5	5.5
#CECECE	69	5	207	68.5	69.5	4.5	5.5
#CBCBCB	70	5	204	69.5	70.5	4.5	5.5
#CBCBCB	71	5	204	70.5	71.5	4.5	5.5
#CCCCCC	72	5	205	71.5	72.5	4.5	5.5
#CBCBCB	73	5	204	72.5	73.5	4.5	5.5
#CBCBCB	74	5	204	73.5	74.5	4.5	5.5
#CACACA	75	5	203	74.5	75.5	4.5	5.5
#C9C9C9	76	5	202	75.5	76.5	4.5	5.5
#C9C9C9	77	5	202	76.5	77.5	4.5	5.5
#C6C6C6	78	5	199	77.5	78.5	4.5	5.5
#C4C4C4	79	5	197	78.5	79.5	4.5	5.5
#C5C5C5	80	5	198	79.5	80.5	4.5	5.5
#C3C3C3	81	5	196	80.5	81.5	4.5	5.5
#C2C2C2	82	5	195	81.5	82.5	4.5	5.5
#C1C1C1	83	5	194	82.5	83.5	4.5	5.5
#BFBFBF	84	5	192	83.5	84.5	4.5	5.5
#BBBBBB	85	5	188	84.5	85.5	4.5	5.5
#BABABA	86	5	187	85.5	86.5	4.5	5.5
#BBBBBB	87	5	188	86.5	87.5	4.5	5.5
#BABABA	88	5	187	87.5	88.5	4.5	5.5
#B9B9B9	89	5	186	88.5	89.5	4.5	5.5
#BABABA	90	5	187	89.5	90.5	4.5	5.5
#BBBBBB	91	5	188	90.5	91.5	4.5	5.5
#BABABA	92	5	187	91.5	92.5	4.5	5.5
#B9B9B9	93	5	186	92.5	93.5	4.5	5.5
#B9B9B9	94	5	186	93.5	94.5	4.5	5.5
#B9B9B9	95	5	186	94.5	95.5	4.5	5.5
#BBBBBB	96	5	188	95.5	96.5	4.5	5.5
#B8B8B8	97	5	185	96.5	97.5	4.5	5.5
#B6B6B6	98	5	183	97.5	98.5	4.5	5.5
#B8B8B8	99	5	185	98.5	99.5	4.5	5.5
#B6B6B6	100	5	183	99.5	100.5	4.5	5.5
#B5B5B5	101	5	182	100.5	101.5	4.5	5.5
#B6B6B6	102	5	183	101.5	102.5	4.5	5.5
#B4B4B4	103	5	181	102.5	103.5	4.5	5.5
#B4B4B4	104	5	181	103.5	104.5	4.5	5.5
#B3B3B3	105	5	180	104.5	105.5	4.5	5.5
#B2B2B2	106	5	179	105.5	106.5	4.5	5.5
#B2B2B2	107	5	179	106.5	107.5	4.5	5.5
#AFAFAF	108	5	176	107.5	108.5	4.5	5.5
#AEAEAE	109	5	175	108.5	109.5	4.5	5.5
#AEAEAE	110	5	175	109.5	110.5	4.5	5.5
#AEAEAE	111	5	175	110.5	111.5	4.5	5.5
#ADADAD	112	5	174	111.5	112.5	4.5	5.5
#AAAAAA	113	5	171	112.5	113.5	4.5	5.5
#A8A8A8	114	5	169	113.5	114.5	4.5	5.5
#A5A5A5	115	5	166	114.5	115.5	4.5	5.5
#A4A4A4	116	5	165	115.5	116.5	4.5	5.5
#A3A3A3	117	5	164	116.5	117.5	4.5	5.5
#A0A0A0	118	5	161	117.5	118.5	4.5	5.5
#9E9E9E	119	5	159	118.5	119.5	4.5	5.5
#9A9A9A	120	5	155	119.5	120.5	4.5	5.5
#989898	121	5	153	120.5	121.5	4.5	5.5
#979797	122	5	152	121.5	122.5	4.5	5.5
#939393	123	5	148	122.5	123.5	4.5	5.5
#909090	124	5	145	123.5	124.5	4.5	5.5
#8D8D8D	125	5	142	124.5	125.5	4.5	5.5
#8B8B8B	126	5	140	125.5	126.5	4.5	5.5
#878787	127	5	136	126.5	127.5	4.5	5.5
#858585	128	5	134	127.5	128.5	4.5	5.5
#848484	129	5	133	128.5	129.5	4.5	5.5
#818181	130	5	130	129.5	130.5	4.5	5.5
#7F7F7F	131	5	128	130.5	131.5	4.5	5.5
#7E7E7E	132	5	127	131.5	132.5	4.5	5.5
#808080	133	5	129	132.5	133.5	4.5	5.5
#7F7F7F	134	5	128	133.5	134.5	4.5	5.5
#7B7B7B	135	5	124	134.5	135.5	4.5	5.5
#767676	136	5	119	135.5	136.5	4.5	5.5
#737373	137	5	116	136.5	137.5	4.5	5.5
#6F6F6F	138	5	112	137.5	138.5	4.5	5.5
#6B6B6B	139	5	108	138.5	139.5	4.5	5.5
#7A7A7A	0	4	123	-0.5	0.5	3.5	4.5
#A3A3A3	1	4	164	0.5	1.5	3.5	4.5
#A4A4A4	2	4	165	1.5	2.5	3.5	4.5
#A8A8A8	3	4	169	2.5	3.5	3.5	4.5
#ADADAD	4	4	174	3.5	4.5	3.5	4.5
#AEAEAE	5	4	175	4.5	5.5	3.5	4.5
#B1B1B1	6	4	178	5.5	6.5	3.5	4.5
#B4B4B4	7	4	181	6.5	7.5	3.5	4.5
#B6B6B6	8	4	183	7.5	8.5	3.5	4.5
#B6B6B6	9	4	183	8.5	9.5	3.5	4.5
#B7B7B7	10	4	184	9.5	10.5	3.5	4.5
#B8B8B8	11	4	185	10.5	11.5	3.5	4.5
#BABABA	12	4	187	11.5	12.5	3.5	4.5
#BDBDBD	13	4	190	12.5	13.5	3.5	4.5
#BFBFBF	14	4	192	13.5	14.5	3.5	4.5
#C0C0C0	15	4	193	14.5	15.5	3.5	4.5
#C1C1C1	16	4	194	15.5	16.5	3.5	4.5
#C3C3C3	17	4	196	16.5	17.5	3.5	4.5
#C3C3C3	18	4	196	17.5	18.5	3.5	4.5
#C4C4C4	19	4	197	18.5	19.5	3.5	4.5
#C4C4C4	20	4	197	19.5	20.5	3.5	4.5
#C6C6C6	21	4	199	20.5	21.5	3.5	4.5
#C7C7C7	22	4	200	21.5	22.5	3.5	4.5
#C8C8C8	23	4	201	22.5	23.5	3.5	4.5
#C7C7C7	24	4	200	23.5	24.5	3.5	4.5
#C7C7C7	25	4	200	24.5	25.5	3.5	4.5
#C9C9C9	26	4	202	25.5	26.5	3.5	4.5
#C7C7C7	27	4	200	26.5	27.5	3.5	4.5
#C9C9C9	28	4	202	27.5	28.5	3.5	4.5
#C9C9C9	29	4	202	28.5	29.5	3.5	4.5
#C9C9C9	30	4	202	29.5	30.5	3.5	4.5
#C8C8C8	31	4	201	30.5	31.5	3.5	4.5
#C8C8C8	32	4	201	31.5	32.5	3.5	4.5
#C8C8C8	33	4	201	32.5	33.5	3.5	4.5
#C8C8C8	34	4	201	33.5	34.5	3.5	4.5
#CACACA	35	4	203	34.5	35.5	3.5	4.5
#CBCBCB	36	4	204	35.5	36.5	3.5	4.5
#CBCBCB	37	4	204	36.5	37.5	3.5	4.5
#CBCBCB	38	4	204	37.5	38.5	3.5	4.5
#CBCBCB	39	4	204	38.5	39.5	3.5	4.5
#CACACA	40	4	203	39.5	40.5	3.5	4.5
#CCCCCC	41	4	205	40.5	41.5	3.5	4.5
#CCCCCC	42	4	205	41.5	42.5	3.5	4.5
#CBCBCB	43	4	204	42.5	43.5	3.5	4.5
#CCCCCC	44	4	205	43.5	44.5	3.5	4.5
#CCCCCC	45	4	205	44.5	45.5	3.5	4.5
#CDCDCD	46	4	206	45.5	46.5	3.5	4.5
#CCCCCC	47	4	205	46.5	47.5	3.5	4.5
#CCCCCC	48	4	205	47.5	48.5	3.5	4.5
#CDCDCD	49	4	206	48.5	49.5	3.5	4.5
#CCCCCC	50	4	205	49.5	50.5	3.5	4.5
#CECECE	51	4	207	50.5	51.5	3.5	4.5
#CFCFCF	52	4	208	51.5	52.5	3.5	4.5
#CFCFCF	53	4	208	52.5	53.5	3.5	4.5
#D0D0D0	54	4	209	53.5	54.5	3.5	4.5
#D1D1D1	55	4	210	54.5	55.5	3.5	4.5
#D0D0D0	56	4	209	55.5	56.5	3.5	4.5
#CFCFCF	57	4	208	56.5	57.5	3.5	4.5
#CFCFCF	58	4	208	57.5	58.5	3.5	4.5
#CFCFCF	59	4	208	58.5	59.5	3.5	4.5
#D1D1D1	60	4	210	59.5	60.5	3.5	4.5
#D2D2D2	61	4	211	60.5	61.5	3.5	4.5
#D1D1D1	62	4	210	61.5	62.5	3.5	4.5
#D0D0D0	63	4	209	62.5	63.5	3.5	4.5
#D0D0D0	64	4	209	63.5	64.5	3.5	4.5
#D0D0D0	65	4	209	64.5	65.5	3.5	4.5
#CFCFCF	66	4	208	65.5	66.5	3.5	4.5
#D0D0D0	67	4	209	66.5	67.5	3.5	4.5
#CDCDCD	68	4	206	67.5	68.5	3.5	4.5
#CCCCCC	69	4	205	68.5	69.5	3.5	4.5
#CCCCCC	70	4	205	69.5	70.5	3.5	4.5
#CBCBCB	71	4	204	70.5	71.5	3.5	4.5
#CDCDCD	72	4	206	71.5	72.5	3.5	4.5
#CDCDCD	73	4	206	72.5	73.5	3.5	4.5
#CCCCCC	74	4	205	73.5	74.5	3.5	4.5
#CBCBCB	75	4	204	74.5	75.5	3.5	4.5
#CCCCCC	76	4	205	75.5	76.5	3.5	4.5
#CACACA	77	4	203	76.5	77.5	3.5	4.5
#C8C8C8	78	4	201	77.5	78.5	3.5	4.5
#C7C7C7	79	4	200	78.5	79.5	3.5	4.5
#C6C6C6	80	4	199	79.5	80.5	3.5	4.5
#C6C6C6	81	4	199	80.5	81.5	3.5	4.5
#C5C5C5	82	4	198	81.5	82.5	3.5	4.5
#C3C3C3	83	4	196	82.5	83.5	3.5	4.5
#C3C3C3	84	4	196	83.5	84.5	3.5	4.5
#C1C1C1	85	4	194	84.5	85.5	3.5	4.5
#BEBEBE	86	4	191	85.5	86.5	3.5	4.5
#BDBDBD	87	4	190	86.5	87.5	3.5	4.5
#BBBBBB	88	4	188	87.5	88.5	3.5	4.5
#BABABA	89	4	187	88.5	89.5	3.5	4.5
#BABABA	90	4	187	89.5	90.5	3.5	4.5
#BBBBBB	91	4	188	90.5	91.5	3.5	4.5
#BBBBBB	92	4	188	91.5	92.5	3.5	4.5
#BABABA	93	4	187	92.5	93.5	3.5	4.5
#BBBBBB	94	4	188	93.5	94.5	3.5	4.5
#B9B9B9	95	4	186	94.5	95.5	3.5	4.5
#B9B9B9	96	4	186	95.5	96.5	3.5	4.5
#B8B8B8	97	4	185	96.5	97.5	3.5	4.5
#B7B7B7	98	4	184	97.5	98.5	3.5	4.5
#B7B7B7	99	4	184	98.5	99.5	3.5	4.5
#B6B6B6	100	4	183	99.5	100.5	3.5	4.5
#B3B3B3	101	4	180	100.5	101.5	3.5	4.5
#B3B3B3	102	4	180	101.5	102.5	3.5	4.5
#B3B3B3	103	4	180	102.5	103.5	3.5	4.5
#B3B3B3	104	4	180	103.5	104.5	3.5	4.5
#B3B3B3	105	4	180	104.5	105.5	3.5	4.5
#B2B2B2	106	4	179	105.5	106.5	3.5	4.5
#B2B2B2	107	4	179	106.5	107.5	3.5	4.5
#B1B1B1	108	4	178	107.5	108.5	3.5	4.5
#AEAEAE	109	4	175	108.5	109.5	3.5	4.5
#ADADAD	110	4	174	109.5	110.5	3.5	4.5
#ADADAD	111	4	174	110.5	111.5	3.5	4.5
#ACACAC	112	4	173	111.5	112.5	3.5	4.5
#AAAAAA	113	4	171	112.5	113.5	3.5	4.5
#A6A6A6	114	4	167	113.5	114.5	3.5	4.5
#A5A5A5	115	4	166	114.5	115.5	3.5	4.5
#A4A4A4	116	4	165	115.5	116.5	3.5	4.5
#A1A1A1	117	4	162	116.5	117.5	3.5	4.5
#9F9F9F	118	4	160	117.5	118.5	3.5	4.5
#9D9D9D	119	4	158	118.5	119.5	3.5	4.5
#9A9A9A	120	4	155	119.5	120.5	3.5	4.5
#979797	121	4	152	120.5	121.5	3.5	4.5
#969696	122	4	151	121.5	122.5	3.5	4.5
#939393	123	4	148	122.5	123.5	3.5	4.5
#909090	124	4	145	123.5	124.5	3.5	4.5
#8C8C8C	125	4	141	124.5	125.5	3.5	4.5
#8A8A8A	126	4	139	125.5	126.5	3.5	4.5
#878787	127	4	136	126.5	127.5	3.5	4.5
#858585	128	4	134	127.5	128.5	3.5	4.5
#848484	129	4	133	128.5	129.5	3.5	4.5
#818181	130	4	130	129.5	130.5	3.5	4.5
#7E7E7E	131	4	127	130.5	131.5	3.5	4.5
#7D7D7D	132	4	126	131.5	132.5	3.5	4.5
#7F7F7F	133	4	128	132.5	133.5	3.5	4.5
#7E7E7E	134	4	127	133.5	134.5	3.5	4.5
#7C7C7C	135	4	125	134.5	135.5	3.5	4.5
#767676	136	4	119	135.5	136.5	3.5	4.5
#737373	137	4	116	136.5	137.5	3.5	4.5
#6F6F6F	138	4	112	137.5	138.5	3.5	4.5
#6B6B6B	139	4	108	138.5	139.5	3.5	4.5
#7B7B7B	0	3	124	-0.5	0.5	2.5	3.5
#A4A4A4	1	3	165	0.5	1.5	2.5	3.5
#A6A6A6	2	3	167	1.5	2.5	2.5	3.5
#A9A9A9	3	3	170	2.5	3.5	2.5	3.5
#AEAEAE	4	3	175	3.5	4.5	2.5	3.5
#B0B0B0	5	3	177	4.5	5.5	2.5	3.5
#B3B3B3	6	3	180	5.5	6.5	2.5	3.5
#B4B4B4	7	3	181	6.5	7.5	2.5	3.5
#B5B5B5	8	3	182	7.5	8.5	2.5	3.5
#B6B6B6	9	3	183	8.5	9.5	2.5	3.5
#B9B9B9	10	3	186	9.5	10.5	2.5	3.5
#B9B9B9	11	3	186	10.5	11.5	2.5	3.5
#BBBBBB	12	3	188	11.5	12.5	2.5	3.5
#BEBEBE	13	3	191	12.5	13.5	2.5	3.5
#BFBFBF	14	3	192	13.5	14.5	2.5	3.5
#C1C1C1	15	3	194	14.5	15.5	2.5	3.5
#C2C2C2	16	3	195	15.5	16.5	2.5	3.5
#C3C3C3	17	3	196	16.5	17.5	2.5	3.5
#C3C3C3	18	3	196	17.5	18.5	2.5	3.5
#C4C4C4	19	3	197	18.5	19.5	2.5	3.5
#C3C3C3	20	3	196	19.5	20.5	2.5	3.5
#C4C4C4	21	3	197	20.5	21.5	2.5	3.5
#C6C6C6	22	3	199	21.5	22.5	2.5	3.5
#C6C6C6	23	3	199	22.5	23.5	2.5	3.5
#C6C6C6	24	3	199	23.5	24.5	2.5	3.5
#C6C6C6	25	3	199	24.5	25.5	2.5	3.5
#C8C8C8	26	3	201	25.5	26.5	2.5	3.5
#C8C8C8	27	3	201	26.5	27.5	2.5	3.5
#C8C8C8	28	3	201	27.5	28.5	2.5	3.5
#C9C9C9	29	3	202	28.5	29.5	2.5	3.5
#C8C8C8	30	3	201	29.5	30.5	2.5	3.5
#CACACA	31	3	203	30.5	31.5	2.5	3.5
#C9C9C9	32	3	202	31.5	32.5	2.5	3.5
#C9C9C9	33	3	202	32.5	33.5	2.5	3.5
#CACACA	34	3	203	33.5	34.5	2.5	3.5
#CACACA	35	3	203	34.5	35.5	2.5	3.5
#CBCBCB	36	3	204	35.5	36.5	2.5	3.5
#CCCCCC	37	3	205	36.5	37.5	2.5	3.5
#CCCCCC	38	3	205	37.5	38.5	2.5	3.5
#CDCDCD	39	3	206	38.5	39.5	2.5	3.5
#CDCDCD	40	3	206	39.5	40.5	2.5	3.5
#CDCDCD	41	3	206	40.5	41.5	2.5	3.5
#CECECE	42	3	207	41.5	42.5	2.5	3.5
#CDCDCD	43	3	206	42.5	43.5	2.5	3.5
#CDCDCD	44	3	206	43.5	44.5	2.5	3.5
#CDCDCD	45	3	206	44.5	45.5	2.5	3.5
#CDCDCD	46	3	206	45.5	46.5	2.5	3.5
#CDCDCD	47	3	206	46.5	47.5	2.5	3.5
#CDCDCD	48	3	206	47.5	48.5	2.5	3.5
#CDCDCD	49	3	206	48.5	49.5	2.5	3.5
#CECECE	50	3	207	49.5	50.5	2.5	3.5
#D1D1D1	51	3	210	50.5	51.5	2.5	3.5
#D1D1D1	52	3	210	51.5	52.5	2.5	3.5
#D1D1D1	53	3	210	52.5	53.5	2.5	3.5
#D1D1D1	54	3	210	53.5	54.5	2.5	3.5
#D2D2D2	55	3	211	54.5	55.5	2.5	3.5
#D1D1D1	56	3	210	55.5	56.5	2.5	3.5
#D1D1D1	57	3	210	56.5	57.5	2.5	3.5
#D1D1D1	58	3	210	57.5	58.5	2.5	3.5
#D2D2D2	59	3	211	58.5	59.5	2.5	3.5
#D2D2D2	60	3	211	59.5	60.5	2.5	3.5
#D1D1D1	61	3	210	60.5	61.5	2.5	3.5
#D1D1D1	62	3	210	61.5	62.5	2.5	3.5
#D1D1D1	63	3	210	62.5	63.5	2.5	3.5
#D2D2D2	64	3	211	63.5	64.5	2.5	3.5
#D1D1D1	65	3	210	64.5	65.5	2.5	3.5
#D0D0D0	66	3	209	65.5	66.5	2.5	3.5
#CFCFCF	67	3	208	66.5	67.5	2.5	3.5
#CFCFCF	68	3	208	67.5	68.5	2.5	3.5
#CECECE	69	3	207	68.5	69.5	2.5	3.5
#CCCCCC	70	3	205	69.5	70.5	2.5	3.5
#CDCDCD	71	3	206	70.5	71.5	2.5	3.5
#CDCDCD	72	3	206	71.5	72.5	2.5	3.5
#CECECE	73	3	207	72.5	73.5	2.5	3.5
#CDCDCD	74	3	206	73.5	74.5	2.5	3.5
#CECECE	75	3	207	74.5	75.5	2.5	3.5
#CECECE	76	3	207	75.5	76.5	2.5	3.5
#CCCCCC	77	3	205	76.5	77.5	2.5	3.5
#CBCBCB	78	3	204	77.5	78.5	2.5	3.5
#CACACA	79	3	203	78.5	79.5	2.5	3.5
#C9C9C9	80	3	202	79.5	80.5	2.5	3.5
#C8C8C8	81	3	201	80.5	81.5	2.5	3.5
#C6C6C6	82	3	199	81.5	82.5	2.5	3.5
#C5C5C5	83	3	198	82.5	83.5	2.5	3.5
#C4C4C4	84	3	197	83.5	84.5	2.5	3.5
#C4C4C4	85	3	197	84.5	85.5	2.5	3.5
#C2C2C2	86	3	195	85.5	86.5	2.5	3.5
#C1C1C1	87	3	194	86.5	87.5	2.5	3.5
#BFBFBF	88	3	192	87.5	88.5	2.5	3.5
#BDBDBD	89	3	190	88.5	89.5	2.5	3.5
#BCBCBC	90	3	189	89.5	90.5	2.5	3.5
#BCBCBC	91	3	189	90.5	91.5	2.5	3.5
#BABABA	92	3	187	91.5	92.5	2.5	3.5
#BCBCBC	93	3	189	92.5	93.5	2.5	3.5
#BBBBBB	94	3	188	93.5	94.5	2.5	3.5
#B9B9B9	95	3	186	94.5	95.5	2.5	3.5
#B9B9B9	96	3	186	95.5	96.5	2.5	3.5
#B9B9B9	97	3	186	96.5	97.5	2.5	3.5
#B8B8B8	98	3	185	97.5	98.5	2.5	3.5
#B8B8B8	99	3	185	98.5	99.5	2.5	3.5
#B7B7B7	100	3	184	99.5	100.5	2.5	3.5
#B6B6B6	101	3	183	100.5	101.5	2.5	3.5
#B4B4B4	102	3	181	101.5	102.5	2.5	3.5
#B4B4B4	103	3	181	102.5	103.5	2.5	3.5
#B3B3B3	104	3	180	103.5	104.5	2.5	3.5
#B3B3B3	105	3	180	104.5	105.5	2.5	3.5
#B4B4B4	106	3	181	105.5	106.5	2.5	3.5
#B3B3B3	107	3	180	106.5	107.5	2.5	3.5
#B1B1B1	108	3	178	107.5	108.5	2.5	3.5
#AEAEAE	109	3	175	108.5	109.5	2.5	3.5
#ADADAD	110	3	174	109.5	110.5	2.5	3.5
#ACACAC	111	3	173	110.5	111.5	2.5	3.5
#ACACAC	112	3	173	111.5	112.5	2.5	3.5
#A9A9A9	113	3	170	112.5	113.5	2.5	3.5
#A5A5A5	114	3	166	113.5	114.5	2.5	3.5
#A4A4A4	115	3	165	114.5	115.5	2.5	3.5
#A4A4A4	116	3	165	115.5	116.5	2.5	3.5
#A1A1A1	117	3	162	116.5	117.5	2.5	3.5
#9F9F9F	118	3	160	117.5	118.5	2.5	3.5
#9B9B9B	119	3	156	118.5	119.5	2.5	3.5
#999999	120	3	154	119.5	120.5	2.5	3.5
#979797	121	3	152	120.5	121.5	2.5	3.5
#949494	122	3	149	121.5	122.5	2.5	3.5
#919191	123	3	146	122.5	123.5	2.5	3.5
#8E8E8E	124	3	143	123.5	124.5	2.5	3.5
#8C8C8C	125	3	141	124.5	125.5	2.5	3.5
#8A8A8A	126	3	139	125.5	126.5	2.5	3.5
#878787	127	3	136	126.5	127.5	2.5	3.5
#868686	128	3	135	127.5	128.5	2.5	3.5
#838383	129	3	132	128.5	129.5	2.5	3.5
#818181	130	3	130	129.5	130.5	2.5	3.5
#7D7D7D	131	3	126	130.5	131.5	2.5	3.5
#7B7B7B	132	3	124	131.5	132.5	2.5	3.5
#7C7C7C	133	3	125	132.5	133.5	2.5	3.5
#7C7C7C	134	3	125	133.5	134.5	2.5	3.5
#7C7C7C	135	3	125	134.5	135.5	2.5	3.5
#777777	136	3	120	135.5	136.5	2.5	3.5
#727272	137	3	115	136.5	137.5	2.5	3.5
#6F6F6F	138	3	112	137.5	138.5	2.5	3.5
#6A6A6A	139	3	107	138.5	139.5	2.5	3.5
#7D7D7D	0	2	126	-0.5	0.5	1.5	2.5
#A6A6A6	1	2	167	0.5	1.5	1.5	2.5
#A6A6A6	2	2	167	1.5	2.5	1.5	2.5
#AAAAAA	3	2	171	2.5	3.5	1.5	2.5
#AFAFAF	4	2	176	3.5	4.5	1.5	2.5
#B0B0B0	5	2	177	4.5	5.5	1.5	2.5
#B3B3B3	6	2	180	5.5	6.5	1.5	2.5
#B4B4B4	7	2	181	6.5	7.5	1.5	2.5
#B4B4B4	8	2	181	7.5	8.5	1.5	2.5
#B6B6B6	9	2	183	8.5	9.5	1.5	2.5
#B9B9B9	10	2	186	9.5	10.5	1.5	2.5
#B9B9B9	11	2	186	10.5	11.5	1.5	2.5
#BCBCBC	12	2	189	11.5	12.5	1.5	2.5
#BDBDBD	13	2	190	12.5	13.5	1.5	2.5
#BEBEBE	14	2	191	13.5	14.5	1.5	2.5
#C2C2C2	15	2	195	14.5	15.5	1.5	2.5
#C1C1C1	16	2	194	15.5	16.5	1.5	2.5
#C2C2C2	17	2	195	16.5	17.5	1.5	2.5
#C2C2C2	18	2	195	17.5	18.5	1.5	2.5
#C3C3C3	19	2	196	18.5	19.5	1.5	2.5
#C3C3C3	20	2	196	19.5	20.5	1.5	2.5
#C5C5C5	21	2	198	20.5	21.5	1.5	2.5
#C6C6C6	22	2	199	21.5	22.5	1.5	2.5
#C6C6C6	23	2	199	22.5	23.5	1.5	2.5
#C6C6C6	24	2	199	23.5	24.5	1.5	2.5
#C6C6C6	25	2	199	24.5	25.5	1.5	2.5
#C7C7C7	26	2	200	25.5	26.5	1.5	2.5
#C8C8C8	27	2	201	26.5	27.5	1.5	2.5
#C8C8C8	28	2	201	27.5	28.5	1.5	2.5
#C8C8C8	29	2	201	28.5	29.5	1.5	2.5
#C7C7C7	30	2	200	29.5	30.5	1.5	2.5
#C9C9C9	31	2	202	30.5	31.5	1.5	2.5
#C9C9C9	32	2	202	31.5	32.5	1.5	2.5
#CACACA	33	2	203	32.5	33.5	1.5	2.5
#CACACA	34	2	203	33.5	34.5	1.5	2.5
#CBCBCB	35	2	204	34.5	35.5	1.5	2.5
#CCCCCC	36	2	205	35.5	36.5	1.5	2.5
#CDCDCD	37	2	206	36.5	37.5	1.5	2.5
#CDCDCD	38	2	206	37.5	38.5	1.5	2.5
#CECECE	39	2	207	38.5	39.5	1.5	2.5
#CECECE	40	2	207	39.5	40.5	1.5	2.5
#CDCDCD	41	2	206	40.5	41.5	1.5	2.5
#CDCDCD	42	2	206	41.5	42.5	1.5	2.5
#CDCDCD	43	2	206	42.5	43.5	1.5	2.5
#CDCDCD	44	2	206	43.5	44.5	1.5	2.5
#CECECE	45	2	207	44.5	45.5	1.5	2.5
#CECECE	46	2	207	45.5	46.5	1.5	2.5
#CFCFCF	47	2	208	46.5	47.5	1.5	2.5
#CFCFCF	48	2	208	47.5	48.5	1.5	2.5
#CDCDCD	49	2	206	48.5	49.5	1.5	2.5
#CFCFCF	50	2	208	49.5	50.5	1.5	2.5
#D0D0D0	51	2	209	50.5	51.5	1.5	2.5
#D0D0D0	52	2	209	51.5	52.5	1.5	2.5
#D0D0D0	53	2	209	52.5	53.5	1.5	2.5
#D3D3D3	54	2	212	53.5	54.5	1.5	2.5
#D3D3D3	55	2	212	54.5	55.5	1.5	2.5
#D3D3D3	56	2	212	55.5	56.5	1.5	2.5
#D4D4D4	57	2	213	56.5	57.5	1.5	2.5
#D3D3D3	58	2	212	57.5	58.5	1.5	2.5
#D3D3D3	59	2	212	58.5	59.5	1.5	2.5
#D3D3D3	60	2	212	59.5	60.5	1.5	2.5
#D4D4D4	61	2	213	60.5	61.5	1.5	2.5
#D4D4D4	62	2	213	61.5	62.5	1.5	2.5
#D4D4D4	63	2	213	62.5	63.5	1.5	2.5
#D4D4D4	64	2	213	63.5	64.5	1.5	2.5
#D2D2D2	65	2	211	64.5	65.5	1.5	2.5
#D2D2D2	66	2	211	65.5	66.5	1.5	2.5
#D2D2D2	67	2	211	66.5	67.5	1.5	2.5
#D0D0D0	68	2	209	67.5	68.5	1.5	2.5
#CFCFCF	69	2	208	68.5	69.5	1.5	2.5
#CFCFCF	70	2	208	69.5	70.5	1.5	2.5
#D1D1D1	71	2	210	70.5	71.5	1.5	2.5
#CECECE	72	2	207	71.5	72.5	1.5	2.5
#CFCFCF	73	2	208	72.5	73.5	1.5	2.5
#CECECE	74	2	207	73.5	74.5	1.5	2.5
#CFCFCF	75	2	208	74.5	75.5	1.5	2.5
#CFCFCF	76	2	208	75.5	76.5	1.5	2.5
#CECECE	77	2	207	76.5	77.5	1.5	2.5
#CCCCCC	78	2	205	77.5	78.5	1.5	2.5
#CCCCCC	79	2	205	78.5	79.5	1.5	2.5
#CACACA	80	2	203	79.5	80.5	1.5	2.5
#C9C9C9	81	2	202	80.5	81.5	1.5	2.5
#C9C9C9	82	2	202	81.5	82.5	1.5	2.5
#C7C7C7	83	2	200	82.5	83.5	1.5	2.5
#C6C6C6	84	2	199	83.5	84.5	1.5	2.5
#C6C6C6	85	2	199	84.5	85.5	1.5	2.5
#C5C5C5	86	2	198	85.5	86.5	1.5	2.5
#C5C5C5	87	2	198	86.5	87.5	1.5	2.5
#C2C2C2	88	2	195	87.5	88.5	1.5	2.5
#C1C1C1	89	2	194	88.5	89.5	1.5	2.5
#BFBFBF	90	2	192	89.5	90.5	1.5	2.5
#BFBFBF	91	2	192	90.5	91.5	1.5	2.5
#BBBBBB	92	2	188	91.5	92.5	1.5	2.5
#BBBBBB	93	2	188	92.5	93.5	1.5	2.5
#BBBBBB	94	2	188	93.5	94.5	1.5	2.5
#B9B9B9	95	2	186	94.5	95.5	1.5	2.5
#BBBBBB	96	2	188	95.5	96.5	1.5	2.5
#B8B8B8	97	2	185	96.5	97.5	1.5	2.5
#B8B8B8	98	2	185	97.5	98.5	1.5	2.5
#B7B7B7	99	2	184	98.5	99.5	1.5	2.5
#B6B6B6	100	2	183	99.5	100.5	1.5	2.5
#B5B5B5	101	2	182	100.5	101.5	1.5	2.5
#B5B5B5	102	2	182	101.5	102.5	1.5	2.5
#B3B3B3	103	2	180	102.5	103.5	1.5	2.5
#B2B2B2	104	2	179	103.5	104.5	1.5	2.5
#B2B2B2	105	2	179	104.5	105.5	1.5	2.5
#B3B3B3	106	2	180	105.5	106.5	1.5	2.5
#B2B2B2	107	2	179	106.5	107.5	1.5	2.5
#B0B0B0	108	2	177	107.5	108.5	1.5	2.5
#ACACAC	109	2	173	108.5	109.5	1.5	2.5
#ACACAC	110	2	173	109.5	110.5	1.5	2.5
#ABABAB	111	2	172	110.5	111.5	1.5	2.5
#ABABAB	112	2	172	111.5	112.5	1.5	2.5
#A8A8A8	113	2	169	112.5	113.5	1.5	2.5
#A5A5A5	114	2	166	113.5	114.5	1.5	2.5
#A3A3A3	115	2	164	114.5	115.5	1.5	2.5
#A1A1A1	116	2	162	115.5	116.5	1.5	2.5
#A0A0A0	117	2	161	116.5	117.5	1.5	2.5
#9E9E9E	118	2	159	117.5	118.5	1.5	2.5
#9B9B9B	119	2	156	118.5	119.5	1.5	2.5
#989898	120	2	153	119.5	120.5	1.5	2.5
#959595	121	2	150	120.5	121.5	1.5	2.5
#949494	122	2	149	121.5	122.5	1.5	2.5
#929292	123	2	147	122.5	123.5	1.5	2.5
#8E8E8E	124	2	143	123.5	124.5	1.5	2.5
#8B8B8B	125	2	140	124.5	125.5	1.5	2.5
#898989	126	2	138	125.5	126.5	1.5	2.5
#868686	127	2	135	126.5	127.5	1.5	2.5
#848484	128	2	133	127.5	128.5	1.5	2.5
#828282	129	2	131	128.5	129.5	1.5	2.5
#818181	130	2	130	129.5	130.5	1.5	2.5
#808080	131	2	129	130.5	131.5	1.5	2.5
#7B7B7B	132	2	124	131.5	132.5	1.5	2.5
#7A7A7A	133	2	123	132.5	133.5	1.5	2.5
#7B7B7B	134	2	124	133.5	134.5	1.5	2.5
#7C7C7C	135	2	125	134.5	135.5	1.5	2.5
#777777	136	2	120	135.5	136.5	1.5	2.5
#727272	137	2	115	136.5	137.5	1.5	2.5
#6E6E6E	138	2	111	137.5	138.5	1.5	2.5
#686868	139	2	105	138.5	139.5	1.5	2.5
#7F7F7F	0	1	128	-0.5	0.5	0.5	1.5
#AAAAAA	1	1	171	0.5	1.5	0.5	1.5
#A9A9A9	2	1	170	1.5	2.5	0.5	1.5
#AFAFAF	3	1	176	2.5	3.5	0.5	1.5
#B3B3B3	4	1	180	3.5	4.5	0.5	1.5
#B4B4B4	5	1	181	4.5	5.5	0.5	1.5
#B6B6B6	6	1	183	5.5	6.5	0.5	1.5
#B5B5B5	7	1	182	6.5	7.5	0.5	1.5
#B7B7B7	8	1	184	7.5	8.5	0.5	1.5
#BABABA	9	1	187	8.5	9.5	0.5	1.5
#BCBCBC	10	1	189	9.5	10.5	0.5	1.5
#BEBEBE	11	1	191	10.5	11.5	0.5	1.5
#BEBEBE	12	1	191	11.5	12.5	0.5	1.5
#C1C1C1	13	1	194	12.5	13.5	0.5	1.5
#C2C2C2	14	1	195	13.5	14.5	0.5	1.5
#C4C4C4	15	1	197	14.5	15.5	0.5	1.5
#C5C5C5	16	1	198	15.5	16.5	0.5	1.5
#C6C6C6	17	1	199	16.5	17.5	0.5	1.5
#C7C7C7	18	1	200	17.5	18.5	0.5	1.5
#C6C6C6	19	1	199	18.5	19.5	0.5	1.5
#C8C8C8	20	1	201	19.5	20.5	0.5	1.5
#C9C9C9	21	1	202	20.5	21.5	0.5	1.5
#C9C9C9	22	1	202	21.5	22.5	0.5	1.5
#C9C9C9	23	1	202	22.5	23.5	0.5	1.5
#C9C9C9	24	1	202	23.5	24.5	0.5	1.5
#CBCBCB	25	1	204	24.5	25.5	0.5	1.5
#CBCBCB	26	1	204	25.5	26.5	0.5	1.5
#CBCBCB	27	1	204	26.5	27.5	0.5	1.5
#CCCCCC	28	1	205	27.5	28.5	0.5	1.5
#CDCDCD	29	1	206	28.5	29.5	0.5	1.5
#CDCDCD	30	1	206	29.5	30.5	0.5	1.5
#CDCDCD	31	1	206	30.5	31.5	0.5	1.5
#CFCFCF	32	1	208	31.5	32.5	0.5	1.5
#D0D0D0	33	1	209	32.5	33.5	0.5	1.5
#D1D1D1	34	1	210	33.5	34.5	0.5	1.5
#D2D2D2	35	1	211	34.5	35.5	0.5	1.5
#D1D1D1	36	1	210	35.5	36.5	0.5	1.5
#D1D1D1	37	1	210	36.5	37.5	0.5	1.5
#D1D1D1	38	1	210	37.5	38.5	0.5	1.5
#D2D2D2	39	1	211	38.5	39.5	0.5	1.5
#D2D2D2	40	1	211	39.5	40.5	0.5	1.5
#D1D1D1	41	1	210	40.5	41.5	0.5	1.5
#D3D3D3	42	1	212	41.5	42.5	0.5	1.5
#D2D2D2	43	1	211	42.5	43.5	0.5	1.5
#D2D2D2	44	1	211	43.5	44.5	0.5	1.5
#D3D3D3	45	1	212	44.5	45.5	0.5	1.5
#D4D4D4	46	1	213	45.5	46.5	0.5	1.5
#D5D5D5	47	1	214	46.5	47.5	0.5	1.5
#D4D4D4	48	1	213	47.5	48.5	0.5	1.5
#D5D5D5	49	1	214	48.5	49.5	0.5	1.5
#D4D4D4	50	1	213	49.5	50.5	0.5	1.5
#D4D4D4	51	1	213	50.5	51.5	0.5	1.5
#D6D6D6	52	1	215	51.5	52.5	0.5	1.5
#D7D7D7	53	1	216	52.5	53.5	0.5	1.5
#D7D7D7	54	1	216	53.5	54.5	0.5	1.5
#D8D8D8	55	1	217	54.5	55.5	0.5	1.5
#D8D8D8	56	1	217	55.5	56.5	0.5	1.5
#D7D7D7	57	1	216	56.5	57.5	0.5	1.5
#D7D7D7	58	1	216	57.5	58.5	0.5	1.5
#D9D9D9	59	1	218	58.5	59.5	0.5	1.5
#D9D9D9	60	1	218	59.5	60.5	0.5	1.5
#D9D9D9	61	1	218	60.5	61.5	0.5	1.5
#D9D9D9	62	1	218	61.5	62.5	0.5	1.5
#D8D8D8	63	1	217	62.5	63.5	0.5	1.5
#D8D8D8	64	1	217	63.5	64.5	0.5	1.5
#D8D8D8	65	1	217	64.5	65.5	0.5	1.5
#D8D8D8	66	1	217	65.5	66.5	0.5	1.5
#D8D8D8	67	1	217	66.5	67.5	0.5	1.5
#D5D5D5	68	1	214	67.5	68.5	0.5	1.5
#D5D5D5	69	1	214	68.5	69.5	0.5	1.5
#D6D6D6	70	1	215	69.5	70.5	0.5	1.5
#D5D5D5	71	1	214	70.5	71.5	0.5	1.5
#D4D4D4	72	1	213	71.5	72.5	0.5	1.5
#D4D4D4	73	1	213	72.5	73.5	0.5	1.5
#D3D3D3	74	1	212	73.5	74.5	0.5	1.5
#D4D4D4	75	1	213	74.5	75.5	0.5	1.5
#D5D5D5	76	1	214	75.5	76.5	0.5	1.5
#D3D3D3	77	1	212	76.5	77.5	0.5	1.5
#D2D2D2	78	1	211	77.5	78.5	0.5	1.5
#D1D1D1	79	1	210	78.5	79.5	0.5	1.5
#D1D1D1	80	1	210	79.5	80.5	0.5	1.5
#D0D0D0	81	1	209	80.5	81.5	0.5	1.5
#CFCFCF	82	1	208	81.5	82.5	0.5	1.5
#CECECE	83	1	207	82.5	83.5	0.5	1.5
#CDCDCD	84	1	206	83.5	84.5	0.5	1.5
#CDCDCD	85	1	206	84.5	85.5	0.5	1.5
#CBCBCB	86	1	204	85.5	86.5	0.5	1.5
#CACACA	87	1	203	86.5	87.5	0.5	1.5
#C9C9C9	88	1	202	87.5	88.5	0.5	1.5
#C8C8C8	89	1	201	88.5	89.5	0.5	1.5
#C6C6C6	90	1	199	89.5	90.5	0.5	1.5
#C6C6C6	91	1	199	90.5	91.5	0.5	1.5
#C4C4C4	92	1	197	91.5	92.5	0.5	1.5
#C3C3C3	93	1	196	92.5	93.5	0.5	1.5
#C0C0C0	94	1	193	93.5	94.5	0.5	1.5
#C0C0C0	95	1	193	94.5	95.5	0.5	1.5
#BFBFBF	96	1	192	95.5	96.5	0.5	1.5
#BEBEBE	97	1	191	96.5	97.5	0.5	1.5
#BCBCBC	98	1	189	97.5	98.5	0.5	1.5
#BCBCBC	99	1	189	98.5	99.5	0.5	1.5
#BBBBBB	100	1	188	99.5	100.5	0.5	1.5
#BABABA	101	1	187	100.5	101.5	0.5	1.5
#B9B9B9	102	1	186	101.5	102.5	0.5	1.5
#B7B7B7	103	1	184	102.5	103.5	0.5	1.5
#B6B6B6	104	1	183	103.5	104.5	0.5	1.5
#B6B6B6	105	1	183	104.5	105.5	0.5	1.5
#B6B6B6	106	1	183	105.5	106.5	0.5	1.5
#B6B6B6	107	1	183	106.5	107.5	0.5	1.5
#B5B5B5	108	1	182	107.5	108.5	0.5	1.5
#B0B0B0	109	1	177	108.5	109.5	0.5	1.5
#AEAEAE	110	1	175	109.5	110.5	0.5	1.5
#AEAEAE	111	1	175	110.5	111.5	0.5	1.5
#AEAEAE	112	1	175	111.5	112.5	0.5	1.5
#ADADAD	113	1	174	112.5	113.5	0.5	1.5
#A8A8A8	114	1	169	113.5	114.5	0.5	1.5
#A6A6A6	115	1	167	114.5	115.5	0.5	1.5
#A5A5A5	116	1	166	115.5	116.5	0.5	1.5
#A2A2A2	117	1	163	116.5	117.5	0.5	1.5
#9F9F9F	118	1	160	117.5	118.5	0.5	1.5
#9B9B9B	119	1	156	118.5	119.5	0.5	1.5
#9A9A9A	120	1	155	119.5	120.5	0.5	1.5
#979797	121	1	152	120.5	121.5	0.5	1.5
#969696	122	1	151	121.5	122.5	0.5	1.5
#949494	123	1	149	122.5	123.5	0.5	1.5
#909090	124	1	145	123.5	124.5	0.5	1.5
#8D8D8D	125	1	142	124.5	125.5	0.5	1.5
#8A8A8A	126	1	139	125.5	126.5	0.5	1.5
#888888	127	1	137	126.5	127.5	0.5	1.5
#878787	128	1	136	127.5	128.5	0.5	1.5
#858585	129	1	134	128.5	129.5	0.5	1.5
#828282	130	1	131	129.5	130.5	0.5	1.5
#828282	131	1	131	130.5	131.5	0.5	1.5
#7E7E7E	132	1	127	131.5	132.5	0.5	1.5
#7B7B7B	133	1	124	132.5	133.5	0.5	1.5
#7B7B7B	134	1	124	133.5	134.5	0.5	1.5
#7B7B7B	135	1	124	134.5	135.5	0.5	1.5
#797979	136	1	122	135.5	136.5	0.5	1.5
#747474	137	1	117	136.5	137.5	0.5	1.5
#6E6E6E	138	1	111	137.5	138.5	0.5	1.5
#6A6A6A	139	1	107	138.5	139.5	0.5	1.5
#6A6A6A	0	0	107	-0.5	0.5	-0.5	0.5
#8E8E8E	1	0	143	0.5	1.5	-0.5	0.5
#8E8E8E	2	0	143	1.5	2.5	-0.5	0.5
#919191	3	0	146	2.5	3.5	-0.5	0.5
#949494	4	0	149	3.5	4.5	-0.5	0.5
#969696	5	0	151	4.5	5.5	-0.5	0.5
#979797	6	0	152	5.5	6.5	-0.5	0.5
#969696	7	0	151	6.5	7.5	-0.5	0.5
#989898	8	0	153	7.5	8.5	-0.5	0.5
#9B9B9B	9	0	156	8.5	9.5	-0.5	0.5
#9C9C9C	10	0	157	9.5	10.5	-0.5	0.5
#9E9E9E	11	0	159	10.5	11.5	-0.5	0.5
#9F9F9F	12	0	160	11.5	12.5	-0.5	0.5
#A0A0A0	13	0	161	12.5	13.5	-0.5	0.5
#A2A2A2	14	0	163	13.5	14.5	-0.5	0.5
#A3A3A3	15	0	164	14.5	15.5	-0.5	0.5
#A3A3A3	16	0	164	15.5	16.5	-0.5	0.5
#A4A4A4	17	0	165	16.5	17.5	-0.5	0.5
#A6A6A6	18	0	167	17.5	18.5	-0.5	0.5
#A5A5A5	19	0	166	18.5	19.5	-0.5	0.5
#A7A7A7	20	0	168	19.5	20.5	-0.5	0.5
#A6A6A6	21	0	167	20.5	21.5	-0.5	0.5
#A8A8A8	22	0	169	21.5	22.5	-0.5	0.5
#A7A7A7	23	0	168	22.5	23.5	-0.5	0.5
#A7A7A7	24	0	168	23.5	24.5	-0.5	0.5
#A7A7A7	25	0	168	24.5	25.5	-0.5	0.5
#A8A8A8	26	0	169	25.5	26.5	-0.5	0.5
#A9A9A9	27	0	170	26.5	27.5	-0.5	0.5
#A9A9A9	28	0	170	27.5	28.5	-0.5	0.5
#ACACAC	29	0	173	28.5	29.5	-0.5	0.5
#ACACAC	30	0	173	29.5	30.5	-0.5	0.5
#ABABAB	31	0	172	30.5	31.5	-0.5	0.5
#ABABAB	32	0	172	31.5	32.5	-0.5	0.5
#ADADAD	33	0	174	32.5	33.5	-0.5	0.5
#AEAEAE	34	0	175	33.5	34.5	-0.5	0.5
#AEAEAE	35	0	175	34.5	35.5	-0.5	0.5
#AFAFAF	36	0	176	35.5	36.5	-0.5	0.5
#ADADAD	37	0	174	36.5	37.5	-0.5	0.5
#AEAEAE	38	0	175	37.5	38.5	-0.5	0.5
#ADADAD	39	0	174	38.5	39.5	-0.5	0.5
#AEAEAE	40	0	175	39.5	40.5	-0.5	0.5
#AEAEAE	41	0	175	40.5	41.5	-0.5	0.5
#AFAFAF	42	0	176	41.5	42.5	-0.5	0.5
#AFAFAF	43	0	176	42.5	43.5	-0.5	0.5
#AFAFAF	44	0	176	43.5	44.5	-0.5	0.5
#B0B0B0	45	0	177	44.5	45.5	-0.5	0.5
#B0B0B0	46	0	177	45.5	46.5	-0.5	0.5
#B1B1B1	47	0	178	46.5	47.5	-0.5	0.5
#B0B0B0	48	0	177	47.5	48.5	-0.5	0.5
#B1B1B1	49	0	178	48.5	49.5	-0.5	0.5
#B1B1B1	50	0	178	49.5	50.5	-0.5	0.5
#B2B2B2	51	0	179	50.5	51.5	-0.5	0.5
#B3B3B3	52	0	180	51.5	52.5	-0.5	0.5
#B4B4B4	53	0	181	52.5	53.5	-0.5	0.5
#B2B2B2	54	0	179	53.5	54.5	-0.5	0.5
#B3B3B3	55	0	180	54.5	55.5	-0.5	0.5
#B2B2B2	56	0	179	55.5	56.5	-0.5	0.5
#B2B2B2	57	0	179	56.5	57.5	-0.5	0.5
#B2B2B2	58	0	179	57.5	58.5	-0.5	0.5
#B4B4B4	59	0	181	58.5	59.5	-0.5	0.5
#B3B3B3	60	0	180	59.5	60.5	-0.5	0.5
#B3B3B3	61	0	180	60.5	61.5	-0.5	0.5
#B3B3B3	62	0	180	61.5	62.5	-0.5	0.5
#B2B2B2	63	0	179	62.5	63.5	-0.5	0.5
#B3B3B3	64	0	180	63.5	64.5	-0.5	0.5
#B3B3B3	65	0	180	64.5	65.5	-0.5	0.5
#B2B2B2	66	0	179	65.5	66.5	-0.5	0.5
#B3B3B3	67	0	180	66.5	67.5	-0.5	0.5
#B2B2B2	68	0	179	67.5	68.5	-0.5	0.5
#B1B1B1	69	0	178	68.5	69.5	-0.5	0.5
#B2B2B2	70	0	179	69.5	70.5	-0.5	0.5
#B0B0B0	71	0	177	70.5	71.5	-0.5	0.5
#B1B1B1	72	0	178	71.5	72.5	-0.5	0.5
#B1B1B1	73	0	178	72.5	73.5	-0.5	0.5
#AFAFAF	74	0	176	73.5	74.5	-0.5	0.5
#AFAFAF	75	0	176	74.5	75.5	-0.5	0.5
#B0B0B0	76	0	177	75.5	76.5	-0.5	0.5
#B0B0B0	77	0	177	76.5	77.5	-0.5	0.5
#AFAFAF	78	0	176	77.5	78.5	-0.5	0.5
#AEAEAE	79	0	175	78.5	79.5	-0.5	0.5
#AFAFAF	80	0	176	79.5	80.5	-0.5	0.5
#AEAEAE	81	0	175	80.5	81.5	-0.5	0.5
#ACACAC	82	0	173	81.5	82.5	-0.5	0.5
#ADADAD	83	0	174	82.5	83.5	-0.5	0.5
#ACACAC	84	0	173	83.5	84.5	-0.5	0.5
#AAAAAA	85	0	171	84.5	85.5	-0.5	0.5
#A9A9A9	86	0	170	85.5	86.5	-0.5	0.5
#A9A9A9	87	0	170	86.5	87.5	-0.5	0.5
#A9A9A9	88	0	170	87.5	88.5	-0.5	0.5
#A7A7A7	89	0	168	88.5	89.5	-0.5	0.5
#A7A7A7	90	0	168	89.5	90.5	-0.5	0.5
#A6A6A6	91	0	167	90.5	91.5	-0.5	0.5
#A5A5A5	92	0	166	91.5	92.5	-0.5	0.5
#A4A4A4	93	0	165	92.5	93.5	-0.5	0.5
#A1A1A1	94	0	162	93.5	94.5	-0.5	0.5
#A1A1A1	95	0	162	94.5	95.5	-0.5	0.5
#9F9F9F	96	0	160	95.5	96.5	-0.5	0.5
#9D9D9D	97	0	158	96.5	97.5	-0.5	0.5
#9C9C9C	98	0	157	97.5	98.5	-0.5	0.5
#9B9B9B	99	0	156	98.5	99.5	-0.5	0.5
#9C9C9C	100	0	157	99.5	100.5	-0.5	0.5
#9C9C9C	101	0	157	100.5	101.5	-0.5	0.5
#9A9A9A	102	0	155	101.5	102.5	-0.5	0.5
#9A9A9A	103	0	155	102.5	103.5	-0.5	0.5
#979797	104	0	152	103.5	104.5	-0.5	0.5
#989898	105	0	153	104.5	105.5	-0.5	0.5
#979797	106	0	152	105.5	106.5	-0.5	0.5
#959595	107	0	150	106.5	107.5	-0.5	0.5
#959595	108	0	150	107.5	108.5	-0.5	0.5
#939393	109	0	148	108.5	109.5	-0.5	0.5
#909090	110	0	145	109.5	110.5	-0.5	0.5
#909090	111	0	145	110.5	111.5	-0.5	0.5
#909090	112	0	145	111.5	112.5	-0.5	0.5
#8E8E8E	113	0	143	112.5	113.5	-0.5	0.5
#8A8A8A	114	0	139	113.5	114.5	-0.5	0.5
#8A8A8A	115	0	139	114.5	115.5	-0.5	0.5
#888888	116	0	137	115.5	116.5	-0.5	0.5
#868686	117	0	135	116.5	117.5	-0.5	0.5
#838383	118	0	132	117.5	118.5	-0.5	0.5
#818181	119	0	130	118.5	119.5	-0.5	0.5
#7F7F7F	120	0	128	119.5	120.5	-0.5	0.5
#7D7D7D	121	0	126	120.5	121.5	-0.5	0.5
#7C7C7C	122	0	125	121.5	122.5	-0.5	0.5
#787878	123	0	121	122.5	123.5	-0.5	0.5
#777777	124	0	120	123.5	124.5	-0.5	0.5
#767676	125	0	119	124.5	125.5	-0.5	0.5
#727272	126	0	115	125.5	126.5	-0.5	0.5
#717171	127	0	114	126.5	127.5	-0.5	0.5
#6F6F6F	128	0	112	127.5	128.5	-0.5	0.5
#6D6D6D	129	0	110	128.5	129.5	-0.5	0.5
#6D6D6D	130	0	110	129.5	130.5	-0.5	0.5
#6A6A6A	131	0	107	130.5	131.5	-0.5	0.5
#696969	132	0	106	131.5	132.5	-0.5	0.5
#666666	133	0	103	132.5	133.5	-0.5	0.5
#646464	134	0	101	133.5	134.5	-0.5	0.5
#646464	135	0	101	134.5	135.5	-0.5	0.5
#646464	136	0	101	135.5	136.5	-0.5	0.5
#626262	137	0	99	136.5	137.5	-0.5	0.5
#5B5B5B	138	0	92	137.5	138.5	-0.5	0.5
#575757	139	0	88	138.5	139.5	-0.5	0.5
